
15

10

2	3	5	9	4	6	0	8	1	7	
3	2	0	1	9	8	6	5	4	7	
1	0	3	4	6	9	8	5	2	7	
4	2	8	5	3	7	1	6	9	0	
8	9	2	4	3	0	7	6	1	5	
8	7	6	9	2	1	5	4	0	3	
4	5	3	9	0	8	6	7	2	1	
5	4	2	6	1	7	0	3	9	8	
1	5	0	3	2	7	8	6	9	4	
2	5	6	9	1	3	8	0	7	4	
1	4	0	2	9	8	5	3	7	6	
5	9	0	4	6	3	2	1	8	7	
5	9	8	7	4	6	3	0	1	2	
1	8	0	2	9	3	5	6	4	7	
4	3	6	5	2	8	1	9	7	0	

(33, 35)	(51, 59)	(85, 105)	(14, 18)	(19, 23)	(70, 72)	(50, 56)	(48, 56)	(19, 23)	(23, 29)	
(37, 41)	(28, 34)	(11, 13)	(36, 48)	(75, 83)	(72, 82)	(71, 83)	(88, 108)	(55, 55)	(66, 66)	
(19, 19)	(75, 91)	(34, 34)	(89, 95)	(48, 60)	(72, 86)	(57, 67)	(33, 41)	(59, 69)	(39, 47)	
(56, 64)	(80, 94)	(24, 24)	(74, 80)	(69, 69)	(34, 42)	(82, 92)	(36, 46)	(78, 88)	(92, 94)	
(77, 81)	(69, 85)	(91, 105)	(88, 104)	(16, 18)	(39, 49)	(38, 48)	(70, 80)	(44, 54)	(23, 27)	
(32, 38)	(82, 108)	(9, 9)	(9, 11)	(31, 39)	(6, 8)	(26, 30)	(56, 66)	(86, 104)	(73, 79)	
(28, 28)	(53, 65)	(16, 16)	(39, 47)	(46, 46)	(50, 50)	(52, 52)	(26, 28)	(52, 66)	(82, 100)	
(8, 10)	(20, 20)	(38, 40)	(50, 58)	(41, 49)	(64, 78)	(80, 94)	(39, 43)	(37, 49)	(13, 15)	
(28, 28)	(33, 33)	(68, 88)	(25, 27)	(33, 41)	(8, 8)	(61, 71)	(87, 91)	(42, 42)	(30, 36)	
(81, 107)	(72, 96)	(69, 87)	(77, 85)	(74, 74)	(26, 28)	(60, 78)	(60, 78)	(40, 50)	(94, 98)	
(30, 32)	(23, 25)	(20, 20)	(16, 18)	(24, 26)	(81, 81)	(75, 77)	(79, 95)	(28, 36)	(17, 19)	
(24, 32)	(91, 103)	(53, 63)	(42, 48)	(76, 76)	(88, 110)	(22, 24)	(69, 75)	(89, 91)	(79, 93)	
(27, 27)	(45, 51)	(27, 27)	(58, 66)	(93, 103)	(60, 74)	(47, 49)	(42, 42)	(45, 47)	(16, 18)	
(12, 12)	(45, 55)	(69, 91)	(50, 50)	(80, 80)	(17, 21)	(27, 29)	(56, 70)	(94, 94)	(84, 112)	
(60, 62)	(55, 55)	(35, 39)	(13, 15)	(47, 53)	(70, 88)	(40, 42)	(62, 82)	(18, 18)	(74, 76)	

(1206,1206)	(1471,1471)	(1310,1310)	(1333,1333)	(1442,1442)	(941,941)	(1278,1278)	(865,865)	(952,952)	(1313,1313)	(912,912)	(1286,1286)	(1152,1152)	(1067,1067)	(949,949)	
