
15

15

9	10	4	12	2	14	5	8	6	3	1	7	13	11	0	
0	1	11	2	4	9	14	8	13	12	6	3	10	5	7	
14	3	1	12	6	5	8	11	7	10	2	13	0	9	4	
1	6	7	4	14	10	9	5	11	2	13	8	3	12	0	
12	5	9	4	14	13	0	8	11	1	2	7	6	10	3	
1	5	2	13	4	14	6	7	9	10	11	0	3	12	8	
9	7	6	14	3	13	2	4	12	8	1	10	0	5	11	
3	7	4	8	5	2	14	12	11	0	13	10	1	6	9	
3	8	6	9	14	1	5	4	13	7	11	12	10	2	0	
0	5	7	4	10	12	1	13	6	8	11	9	2	14	3	
2	0	6	4	3	5	12	9	14	13	8	7	11	10	1	
10	14	4	9	3	1	12	13	6	8	11	7	5	2	0	
0	13	3	6	1	14	11	4	10	9	5	8	7	2	12	
10	12	13	4	1	3	8	5	9	0	6	7	2	14	11	
1	10	6	12	4	8	3	7	13	11	5	9	2	14	0	

(56, 74)	(26, 30)	(70, 78)	(30, 36)	(47, 55)	(70, 80)	(71, 75)	(29, 35)	(12, 14)	(74, 88)	(31, 39)	(59, 59)	(33, 43)	(48, 62)	(25, 29)	
(62, 66)	(53, 53)	(82, 84)	(31, 35)	(6, 6)	(49, 55)	(70, 74)	(6, 8)	(79, 101)	(21, 21)	(23, 23)	(10, 10)	(35, 43)	(49, 49)	(72, 72)	
(69, 77)	(80, 84)	(20, 26)	(55, 69)	(87, 89)	(19, 23)	(57, 73)	(69, 71)	(51, 55)	(73, 89)	(91, 95)	(77, 77)	(58, 64)	(27, 29)	(77, 79)	
(11, 13)	(50, 52)	(32, 34)	(15, 15)	(72, 72)	(87, 109)	(82, 106)	(12, 12)	(37, 47)	(22, 26)	(14, 16)	(26, 30)	(6, 6)	(91, 107)	(38, 44)	
(95, 99)	(7, 7)	(84, 108)	(15, 15)	(64, 82)	(39, 47)	(30, 34)	(20, 24)	(42, 42)	(94, 94)	(21, 25)	(74, 98)	(72, 84)	(24, 24)	(31, 31)	
(69, 75)	(79, 97)	(81, 105)	(13, 13)	(42, 46)	(57, 75)	(61, 65)	(13, 15)	(63, 71)	(17, 17)	(76, 94)	(35, 35)	(65, 71)	(5, 5)	(48, 50)	
(15, 15)	(79, 85)	(21, 21)	(48, 58)	(68, 76)	(49, 49)	(88, 110)	(25, 27)	(49, 63)	(44, 46)	(63, 73)	(49, 53)	(8, 8)	(25, 29)	(84, 108)	
(51, 57)	(21, 27)	(13, 15)	(38, 38)	(33, 39)	(50, 54)	(53, 57)	(35, 39)	(46, 50)	(81, 105)	(59, 61)	(69, 71)	(23, 23)	(21, 25)	(72, 94)	
(12, 12)	(60, 78)	(23, 29)	(22, 24)	(26, 30)	(80, 84)	(29, 37)	(44, 46)	(55, 73)	(13, 17)	(8, 10)	(70, 76)	(56, 62)	(33, 41)	(57, 67)	
(87, 87)	(12, 12)	(80, 80)	(48, 52)	(45, 51)	(78, 102)	(69, 75)	(23, 25)	(14, 14)	(71, 71)	(42, 46)	(43, 49)	(15, 15)	(53, 69)	(81, 103)	
(48, 60)	(22, 22)	(53, 69)	(44, 48)	(65, 81)	(16, 16)	(6, 6)	(84, 104)	(90, 96)	(65, 69)	(47, 61)	(72, 78)	(30, 34)	(36, 44)	(83, 111)	
(81, 103)	(36, 36)	(22, 22)	(9, 9)	(42, 52)	(77, 77)	(78, 80)	(31, 41)	(30, 30)	(84, 112)	(68, 90)	(7, 7)	(49, 61)	(6, 6)	(27, 33)	
(48, 50)	(71, 95)	(66, 80)	(74, 90)	(71, 93)	(92, 92)	(63, 83)	(31, 31)	(32, 38)	(52, 56)	(6, 8)	(33, 41)	(63, 81)	(46, 58)	(66, 86)	
(95, 101)	(32, 36)	(52, 52)	(26, 26)	(27, 29)	(39, 39)	(76, 84)	(27, 31)	(70, 70)	(40, 46)	(47, 49)	(56, 60)	(41, 49)	(83, 105)	(96, 96)	
(66, 74)	(16, 18)	(83, 97)	(64, 70)	(14, 14)	(22, 24)	(19, 23)	(16, 20)	(39, 47)	(80, 88)	(26, 26)	(35, 37)	(91, 95)	(76, 92)	(38, 46)	

(1677,1677)	(1277,1277)	(1508,1508)	(1554,1554)	(1366,1366)	(1535,1535)	(1656,1656)	(1295,1295)	(1179,1179)	(1461,1461)	(1368,1368)	(1392,1392)	(1365,1365)	(1468,1468)	(1348,1348)	
