
15

15

1	12	0	6	14	8	4	3	10	11	5	13	2	7	9	
14	0	4	12	1	8	9	5	10	6	11	3	2	7	13	
3	4	12	6	7	14	13	8	11	10	0	1	9	5	2	
14	11	4	1	8	0	9	7	12	13	5	6	2	3	10	
2	0	9	3	10	13	11	14	7	5	4	8	1	12	6	
11	6	4	3	14	5	10	9	1	8	7	2	13	12	0	
14	7	10	13	3	0	11	12	9	5	8	1	2	6	4	
7	14	5	11	4	6	3	0	8	10	12	13	1	2	9	
13	8	2	9	12	11	5	10	6	7	0	1	3	4	14	
1	6	5	11	4	0	14	8	10	7	12	2	13	9	3	
10	4	12	0	9	1	11	6	5	8	3	7	14	2	13	
5	14	2	3	13	6	1	7	4	8	12	11	10	9	0	
9	14	3	8	2	6	1	4	5	0	13	10	12	11	7	
10	3	4	5	11	1	8	2	13	0	7	12	6	14	9	
3	5	11	7	14	9	6	10	0	1	2	8	13	12	4	

(23, 29)	(67, 67)	(65, 79)	(70, 78)	(13, 13)	(41, 45)	(27, 33)	(18, 20)	(22, 24)	(84, 86)	(97, 99)	(41, 45)	(37, 39)	(8, 8)	(64, 86)	
(42, 42)	(38, 40)	(55, 55)	(44, 48)	(18, 20)	(85, 101)	(69, 91)	(25, 27)	(7, 7)	(47, 53)	(55, 59)	(68, 78)	(8, 10)	(53, 69)	(62, 82)	
(86, 106)	(95, 103)	(32, 36)	(53, 67)	(37, 49)	(7, 7)	(11, 13)	(11, 11)	(60, 80)	(37, 49)	(86, 96)	(63, 73)	(11, 11)	(62, 74)	(65, 79)	
(55, 71)	(40, 50)	(44, 54)	(65, 83)	(26, 28)	(28, 32)	(67, 77)	(9, 9)	(87, 111)	(60, 60)	(62, 76)	(67, 71)	(76, 92)	(39, 41)	(54, 64)	
(91, 91)	(68, 82)	(91, 105)	(17, 17)	(65, 79)	(27, 35)	(9, 9)	(88, 108)	(48, 52)	(36, 38)	(8, 8)	(62, 68)	(84, 96)	(91, 91)	(70, 72)	
(33, 37)	(79, 81)	(37, 41)	(60, 64)	(68, 80)	(69, 75)	(33, 37)	(25, 25)	(43, 55)	(52, 52)	(56, 70)	(86, 94)	(21, 21)	(47, 47)	(36, 40)	
(19, 19)	(51, 63)	(22, 26)	(83, 99)	(50, 50)	(5, 5)	(42, 56)	(17, 19)	(56, 60)	(22, 26)	(50, 54)	(83, 93)	(66, 70)	(20, 20)	(51, 55)	
(66, 88)	(62, 82)	(31, 39)	(77, 103)	(59, 77)	(16, 20)	(9, 9)	(33, 33)	(59, 61)	(18, 18)	(9, 11)	(54, 66)	(36, 40)	(89, 109)	(14, 16)	
(6, 6)	(84, 88)	(40, 40)	(75, 83)	(79, 105)	(20, 26)	(86, 92)	(82, 108)	(80, 102)	(67, 77)	(79, 81)	(55, 65)	(54, 58)	(46, 56)	(22, 24)	
(44, 48)	(28, 28)	(30, 38)	(75, 79)	(47, 47)	(9, 11)	(47, 51)	(74, 80)	(47, 49)	(22, 26)	(8, 8)	(69, 75)	(50, 60)	(29, 29)	(36, 44)	
(22, 22)	(80, 98)	(70, 88)	(7, 7)	(14, 16)	(6, 6)	(28, 32)	(35, 41)	(11, 11)	(48, 56)	(18, 22)	(5, 5)	(8, 10)	(18, 22)	(24, 32)	
(71, 75)	(49, 63)	(37, 37)	(22, 22)	(25, 25)	(55, 61)	(8, 8)	(85, 101)	(88, 88)	(17, 17)	(9, 9)	(67, 71)	(64, 78)	(84, 86)	(48, 62)	
(76, 94)	(56, 60)	(41, 51)	(56, 72)	(48, 50)	(34, 40)	(31, 35)	(27, 33)	(25, 27)	(19, 21)	(74, 74)	(69, 85)	(98, 100)	(51, 61)	(21, 21)	
(16, 18)	(24, 24)	(76, 102)	(15, 15)	(56, 64)	(39, 45)	(91, 105)	(63, 65)	(92, 92)	(57, 69)	(45, 59)	(47, 61)	(70, 80)	(23, 23)	(35, 41)	
(8, 8)	(17, 17)	(50, 62)	(93, 93)	(23, 29)	(60, 64)	(7, 7)	(85, 91)	(85, 109)	(7, 7)	(40, 46)	(29, 29)	(31, 39)	(79, 95)	(50, 64)	

(1213,1213)	(1340,1340)	(1548,1548)	(1450,1450)	(1443,1443)	(1458,1458)	(1188,1188)	(1175,1175)	(1401,1401)	(1127,1127)	(1277,1277)	(1513,1513)	(1292,1292)	(1260,1260)	(1453,1453)	
