
20

10

8	2	7	0	5	3	4	6	9	1	
0	2	3	5	4	9	8	6	7	1	
3	7	9	0	2	4	5	1	8	6	
2	3	4	6	1	9	8	0	5	7	
7	8	4	6	0	5	2	9	3	1	
8	6	7	4	5	3	0	2	9	1	
1	5	8	6	4	0	3	2	7	9	
2	6	7	1	4	8	0	3	9	5	
6	2	5	8	1	7	9	4	3	0	
4	7	8	1	3	2	6	9	5	0	
2	4	9	5	0	1	8	6	7	3	
0	5	1	3	2	4	6	8	9	7	
6	4	8	7	2	3	5	0	1	9	
5	3	6	4	8	2	9	7	1	0	
3	5	2	8	7	6	1	9	4	0	
2	7	3	0	4	1	8	9	5	6	
9	3	6	4	7	5	0	8	1	2	
3	2	6	8	1	7	0	5	9	4	
4	5	9	3	7	1	0	8	2	6	
5	2	0	7	8	4	3	6	9	1	

(13, 15)	(35, 41)	(39, 49)	(69, 83)	(97, 97)	(12, 12)	(68, 82)	(61, 71)	(11, 13)	(25, 33)	
(40, 46)	(82, 88)	(80, 84)	(35, 41)	(57, 59)	(77, 101)	(89, 95)	(86, 88)	(62, 76)	(72, 88)	
(38, 44)	(7, 7)	(5, 5)	(39, 47)	(14, 14)	(8, 8)	(58, 64)	(84, 84)	(64, 68)	(47, 49)	
(39, 45)	(72, 76)	(55, 63)	(36, 46)	(8, 8)	(68, 78)	(39, 47)	(88, 104)	(17, 21)	(87, 107)	
(23, 23)	(38, 46)	(35, 39)	(54, 56)	(6, 8)	(5, 5)	(67, 73)	(35, 41)	(74, 76)	(47, 49)	
(9, 9)	(39, 47)	(30, 32)	(25, 25)	(73, 73)	(91, 99)	(76, 82)	(65, 79)	(52, 68)	(52, 60)	
(6, 8)	(19, 23)	(52, 54)	(16, 16)	(89, 99)	(89, 105)	(70, 86)	(60, 68)	(84, 88)	(31, 31)	
(57, 73)	(54, 64)	(78, 92)	(31, 35)	(30, 30)	(40, 48)	(53, 69)	(80, 92)	(62, 64)	(30, 34)	
(41, 49)	(44, 44)	(56, 66)	(90, 96)	(28, 32)	(89, 91)	(81, 87)	(11, 11)	(15, 17)	(53, 67)	
(46, 48)	(34, 38)	(28, 34)	(43, 55)	(19, 21)	(28, 28)	(52, 52)	(35, 35)	(11, 11)	(28, 36)	
(69, 85)	(10, 10)	(62, 74)	(17, 17)	(75, 95)	(77, 91)	(19, 21)	(42, 56)	(69, 79)	(33, 35)	
(17, 17)	(7, 7)	(80, 90)	(26, 32)	(15, 19)	(70, 82)	(56, 62)	(67, 75)	(12, 14)	(45, 51)	
(79, 95)	(37, 41)	(37, 49)	(11, 11)	(15, 15)	(32, 32)	(55, 73)	(18, 20)	(38, 40)	(16, 16)	
(32, 34)	(91, 107)	(29, 35)	(89, 93)	(75, 89)	(82, 102)	(86, 112)	(54, 60)	(83, 83)	(8, 8)	
(79, 103)	(35, 43)	(69, 69)	(27, 27)	(7, 7)	(20, 22)	(35, 41)	(56, 68)	(82, 94)	(47, 49)	
(62, 72)	(70, 90)	(24, 24)	(81, 95)	(18, 18)	(40, 48)	(42, 48)	(57, 71)	(78, 82)	(33, 43)	
(53, 65)	(66, 78)	(44, 50)	(37, 43)	(21, 21)	(42, 44)	(49, 53)	(48, 56)	(24, 24)	(15, 15)	
(62, 78)	(28, 34)	(20, 20)	(74, 78)	(40, 40)	(40, 46)	(28, 36)	(82, 94)	(5, 5)	(72, 82)	
(44, 50)	(58, 70)	(85, 85)	(48, 50)	(53, 63)	(23, 29)	(31, 33)	(74, 86)	(14, 14)	(88, 100)	
(57, 61)	(93, 99)	(5, 5)	(69, 89)	(33, 35)	(69, 81)	(23, 29)	(9, 9)	(23, 23)	(11, 11)	

(1223,1223)	(1593,1593)	(1086,1086)	(1438,1438)	(1254,1254)	(1547,1547)	(1238,1238)	(1280,1280)	(1216,1216)	(1298,1298)	(1305,1305)	(1017,1017)	(913,913)	(1547,1547)	(1485,1485)	(1350,1350)	(1424,1424)	(1418,1418)	(1328,1328)	(1172,1172)	
