
15

10

8	4	3	2	0	5	9	1	7	6	
5	3	2	4	6	9	0	1	7	8	
9	1	0	6	4	7	3	5	8	2	
2	1	0	5	4	7	9	8	3	6	
6	2	3	8	4	7	1	5	9	0	
8	2	7	0	5	3	4	6	9	1	
0	2	3	5	4	9	8	6	7	1	
3	7	9	0	2	4	5	1	8	6	
2	3	4	6	1	9	8	0	5	7	
7	8	4	6	0	5	2	9	3	1	
8	6	7	4	5	3	0	2	9	1	
1	5	8	6	4	0	3	2	7	9	
2	6	7	1	4	8	0	3	9	5	
6	2	5	8	1	7	9	4	3	0	
4	7	8	1	3	2	6	9	5	0	

(13, 15)	(68, 82)	(12, 12)	(35, 41)	(72, 80)	(94, 100)	(11, 13)	(27, 31)	(39, 49)	(65, 67)	
(35, 41)	(79, 85)	(81, 89)	(58, 58)	(83, 91)	(89, 89)	(39, 47)	(79, 81)	(68, 70)	(92, 92)	
(5, 5)	(83, 85)	(41, 45)	(46, 50)	(7, 9)	(7, 7)	(40, 42)	(60, 62)	(63, 69)	(13, 15)	
(39, 45)	(8, 8)	(90, 102)	(17, 21)	(52, 66)	(90, 104)	(64, 82)	(42, 44)	(64, 84)	(36, 46)	
(50, 60)	(70, 70)	(68, 82)	(38, 46)	(34, 40)	(21, 25)	(42, 54)	(5, 5)	(33, 43)	(7, 7)	
(9, 9)	(66, 78)	(29, 33)	(74, 84)	(70, 76)	(91, 99)	(25, 25)	(38, 48)	(56, 64)	(51, 61)	
(97, 97)	(60, 68)	(68, 88)	(21, 21)	(81, 107)	(30, 32)	(48, 58)	(16, 16)	(76, 96)	(7, 7)	
(77, 95)	(75, 95)	(62, 64)	(54, 68)	(57, 73)	(28, 32)	(28, 36)	(29, 37)	(41, 47)	(52, 66)	
(43, 45)	(16, 16)	(10, 12)	(39, 51)	(30, 30)	(79, 89)	(91, 95)	(53, 67)	(56, 66)	(80, 100)	
(34, 38)	(30, 32)	(43, 51)	(51, 53)	(28, 36)	(10, 12)	(25, 31)	(31, 39)	(20, 20)	(43, 55)	
(18, 22)	(44, 54)	(74, 74)	(10, 10)	(17, 17)	(30, 38)	(79, 91)	(75, 79)	(67, 69)	(74, 94)	
(75, 95)	(7, 7)	(61, 81)	(51, 67)	(70, 82)	(17, 17)	(29, 29)	(15, 19)	(48, 48)	(13, 13)	
(13, 17)	(80, 94)	(10, 12)	(37, 41)	(35, 43)	(43, 43)	(19, 19)	(29, 35)	(15, 17)	(58, 70)	
(30, 34)	(82, 102)	(31, 35)	(82, 82)	(79, 87)	(54, 60)	(86, 112)	(91, 91)	(97, 101)	(8, 8)	
(85, 91)	(7, 7)	(27, 27)	(33, 43)	(80, 102)	(63, 75)	(21, 21)	(57, 67)	(35, 43)	(43, 53)	

(1147,1147)	(1425,1425)	(856,856)	(1217,1217)	(920,920)	(1189,1189)	(1029,1029)	(1054,1054)	(1038,1038)	(832,832)	(1140,1140)	(1198,1198)	(788,788)	(1086,1086)	(1126,1126)	
