
20

15

6	5	8	4	1	14	13	11	10	12	2	3	0	7	9	
1	5	0	3	6	9	7	12	10	13	8	4	11	14	2	
0	4	2	10	6	14	8	13	7	3	9	12	1	11	5	
7	5	4	8	0	9	13	12	10	3	6	14	1	11	2	
2	3	12	11	6	4	10	7	0	13	1	14	5	9	8	
5	3	6	12	10	0	13	2	11	7	4	1	14	9	8	
13	0	11	12	4	6	5	3	9	2	7	10	1	14	8	
2	12	9	11	13	8	14	5	6	3	1	4	0	7	10	
2	10	14	6	8	3	12	0	13	9	7	1	11	4	5	
4	9	3	11	13	7	0	2	5	12	1	10	14	8	6	
13	0	3	8	5	6	14	7	1	2	4	9	12	11	10	
14	10	0	3	13	6	7	2	12	5	4	11	1	8	9	
6	12	4	2	8	5	14	3	9	1	11	13	7	10	0	
5	14	0	8	7	4	9	13	1	12	6	11	3	10	2	
5	3	10	6	4	12	11	13	7	9	14	1	2	0	8	
8	5	9	6	1	7	11	2	4	0	10	3	12	14	13	
1	4	8	3	10	5	12	7	9	14	11	13	0	2	6	
7	5	13	9	10	4	14	0	3	11	6	8	1	2	12	
14	11	5	2	13	10	4	8	3	9	6	7	0	1	12	
1	7	11	8	14	6	5	3	13	2	0	4	9	12	10	

(13, 15)	(20, 22)	(12, 14)	(10, 12)	(10, 12)	(33, 37)	(18, 22)	(15, 19)	(16, 20)	(10, 12)	(23, 23)	(13, 13)	(13, 17)	(11, 11)	(33, 37)	
(34, 36)	(28, 34)	(12, 14)	(23, 29)	(12, 16)	(17, 17)	(37, 39)	(18, 22)	(19, 19)	(11, 13)	(14, 18)	(33, 35)	(14, 16)	(11, 13)	(14, 14)	
(26, 34)	(30, 40)	(36, 44)	(32, 38)	(30, 30)	(23, 23)	(28, 30)	(32, 42)	(35, 41)	(40, 40)	(26, 26)	(11, 11)	(36, 44)	(35, 37)	(17, 17)	
(37, 43)	(17, 19)	(12, 12)	(21, 25)	(20, 26)	(12, 16)	(16, 16)	(13, 15)	(23, 23)	(11, 13)	(16, 16)	(32, 32)	(40, 40)	(23, 27)	(28, 30)	
(32, 38)	(15, 15)	(30, 32)	(25, 31)	(28, 36)	(26, 34)	(27, 27)	(27, 31)	(37, 39)	(10, 12)	(22, 24)	(17, 17)	(24, 30)	(32, 42)	(29, 29)	
(30, 36)	(31, 35)	(19, 19)	(39, 41)	(18, 20)	(32, 34)	(26, 26)	(30, 32)	(26, 30)	(32, 40)	(34, 42)	(19, 23)	(23, 27)	(39, 41)	(31, 39)	
(23, 27)	(29, 35)	(33, 33)	(18, 18)	(28, 36)	(28, 28)	(14, 16)	(34, 36)	(14, 14)	(30, 38)	(20, 26)	(32, 32)	(17, 17)	(25, 27)	(17, 21)	
(14, 18)	(32, 34)	(31, 37)	(27, 33)	(37, 43)	(12, 12)	(26, 26)	(24, 28)	(14, 16)	(19, 23)	(39, 41)	(31, 33)	(13, 15)	(26, 34)	(32, 38)	
(16, 18)	(16, 16)	(20, 20)	(22, 26)	(26, 26)	(32, 40)	(20, 24)	(14, 14)	(11, 11)	(20, 20)	(21, 25)	(28, 30)	(21, 25)	(14, 16)	(40, 40)	
(25, 29)	(34, 40)	(36, 44)	(13, 15)	(24, 26)	(30, 30)	(30, 38)	(11, 11)	(15, 15)	(31, 33)	(34, 38)	(12, 12)	(28, 28)	(28, 34)	(22, 24)	
(25, 25)	(22, 22)	(24, 30)	(13, 15)	(25, 25)	(18, 22)	(17, 19)	(13, 15)	(17, 21)	(16, 18)	(25, 29)	(19, 25)	(21, 23)	(27, 27)	(21, 21)	
(32, 36)	(15, 15)	(22, 22)	(27, 31)	(31, 37)	(35, 45)	(16, 18)	(32, 32)	(20, 20)	(37, 41)	(30, 32)	(16, 16)	(37, 37)	(32, 34)	(13, 13)	
(11, 13)	(25, 29)	(16, 18)	(22, 26)	(10, 12)	(19, 19)	(11, 11)	(16, 18)	(23, 27)	(11, 11)	(29, 33)	(33, 33)	(28, 34)	(12, 12)	(21, 23)	
(20, 24)	(15, 15)	(16, 16)	(32, 32)	(19, 21)	(22, 22)	(11, 11)	(18, 20)	(29, 31)	(32, 34)	(27, 31)	(18, 18)	(34, 34)	(31, 33)	(17, 19)	
(27, 27)	(25, 27)	(28, 28)	(37, 37)	(18, 18)	(11, 13)	(11, 11)	(24, 28)	(25, 29)	(36, 44)	(17, 21)	(24, 24)	(18, 18)	(12, 12)	(30, 38)	
(14, 16)	(25, 31)	(25, 25)	(32, 32)	(12, 14)	(33, 43)	(11, 11)	(31, 37)	(25, 25)	(19, 21)	(31, 33)	(21, 25)	(13, 15)	(14, 18)	(19, 21)	
(14, 16)	(12, 14)	(33, 41)	(13, 15)	(21, 23)	(21, 27)	(25, 27)	(20, 24)	(30, 38)	(20, 24)	(19, 19)	(28, 36)	(27, 31)	(13, 13)	(35, 35)	
(36, 36)	(29, 37)	(28, 28)	(18, 22)	(30, 30)	(31, 35)	(28, 30)	(32, 36)	(22, 22)	(12, 12)	(29, 31)	(12, 12)	(33, 37)	(12, 14)	(30, 40)	
(26, 26)	(31, 31)	(32, 38)	(33, 43)	(17, 21)	(35, 35)	(24, 30)	(25, 33)	(35, 43)	(13, 13)	(13, 15)	(24, 28)	(17, 17)	(21, 23)	(15, 15)	
(33, 39)	(32, 36)	(30, 36)	(17, 17)	(33, 43)	(38, 40)	(16, 16)	(27, 27)	(28, 30)	(15, 17)	(16, 16)	(17, 21)	(36, 44)	(33, 37)	(39, 39)	

(637,637)	(601,601)	(832,832)	(678,678)	(911,911)	(721,721)	(912,912)	(899,899)	(796,796)	(742,742)	(694,694)	(898,898)	(610,610)	(745,745)	(701,701)	(824,824)	(697,697)	(921,921)	(730,730)	(811,811)	
