
20

10

3	4	5	0	1	9	8	7	6	2	
7	6	0	5	2	3	4	9	8	1	
4	2	1	8	0	3	5	7	9	6	
0	2	9	1	8	3	6	5	7	4	
4	2	9	7	5	6	0	3	8	1	
3	4	2	6	9	1	7	8	0	5	
5	6	4	0	1	7	2	3	9	8	
1	5	4	6	3	0	8	9	7	2	
1	0	6	9	2	4	5	3	8	7	
3	2	7	1	8	0	6	5	9	4	
2	3	5	4	0	7	8	9	1	6	
4	7	1	8	0	3	2	5	9	6	
9	6	4	3	1	0	8	2	7	5	
1	2	7	5	8	4	3	6	9	0	
6	1	3	0	2	8	4	7	9	5	
7	5	8	2	4	6	3	1	9	0	
6	1	4	5	2	3	7	8	9	0	
0	5	8	9	3	6	4	7	2	1	
5	2	3	6	4	7	8	9	1	0	
9	4	6	7	0	2	8	5	3	1	

(57, 63)	(47, 49)	(94, 96)	(80, 94)	(66, 78)	(5, 5)	(31, 39)	(39, 39)	(54, 54)	(66, 66)	
(35, 39)	(32, 36)	(97, 97)	(54, 56)	(21, 21)	(20, 20)	(58, 60)	(40, 52)	(18, 20)	(44, 48)	
(44, 46)	(64, 82)	(24, 24)	(27, 29)	(28, 28)	(22, 28)	(22, 24)	(81, 85)	(5, 5)	(72, 84)	
(52, 54)	(12, 12)	(11, 13)	(37, 37)	(31, 35)	(62, 80)	(51, 59)	(27, 31)	(80, 94)	(38, 38)	
(82, 98)	(46, 52)	(25, 29)	(61, 69)	(7, 7)	(20, 26)	(45, 51)	(74, 92)	(16, 18)	(35, 45)	
(80, 90)	(25, 25)	(76, 92)	(59, 69)	(13, 13)	(57, 75)	(40, 52)	(51, 67)	(56, 68)	(18, 20)	
(87, 89)	(63, 71)	(13, 15)	(39, 43)	(72, 74)	(50, 64)	(49, 57)	(77, 83)	(45, 49)	(67, 81)	
(74, 82)	(62, 66)	(56, 70)	(41, 51)	(82, 86)	(81, 87)	(26, 30)	(51, 53)	(26, 26)	(37, 45)	
(11, 11)	(62, 66)	(91, 103)	(33, 43)	(17, 17)	(75, 95)	(73, 73)	(9, 11)	(89, 101)	(67, 67)	
(93, 93)	(91, 99)	(41, 45)	(62, 68)	(32, 32)	(58, 60)	(75, 95)	(42, 50)	(76, 94)	(54, 66)	
(53, 69)	(38, 44)	(46, 52)	(23, 23)	(57, 75)	(43, 55)	(68, 72)	(89, 109)	(88, 92)	(17, 17)	
(13, 13)	(7, 7)	(88, 108)	(52, 62)	(64, 82)	(72, 74)	(63, 73)	(39, 41)	(86, 110)	(9, 9)	
(75, 97)	(70, 82)	(13, 15)	(36, 46)	(75, 95)	(34, 40)	(18, 20)	(15, 19)	(52, 56)	(79, 79)	
(35, 45)	(46, 60)	(83, 111)	(81, 93)	(93, 99)	(76, 92)	(15, 17)	(64, 68)	(51, 53)	(86, 104)	
(31, 35)	(31, 35)	(80, 94)	(16, 20)	(55, 55)	(12, 14)	(69, 85)	(56, 64)	(40, 44)	(69, 79)	
(90, 94)	(81, 101)	(74, 84)	(49, 59)	(59, 79)	(73, 85)	(31, 35)	(55, 67)	(35, 43)	(16, 16)	
(77, 87)	(39, 43)	(28, 28)	(60, 68)	(70, 86)	(66, 86)	(6, 6)	(45, 53)	(46, 48)	(55, 61)	
(52, 52)	(37, 47)	(23, 25)	(79, 103)	(46, 48)	(86, 90)	(79, 103)	(46, 58)	(27, 29)	(35, 35)	
(70, 94)	(76, 76)	(85, 87)	(86, 100)	(79, 89)	(33, 43)	(89, 101)	(36, 38)	(20, 22)	(21, 25)	
(67, 87)	(8, 8)	(36, 48)	(62, 66)	(66, 74)	(41, 49)	(44, 46)	(24, 32)	(58, 76)	(80, 92)	

(1178,1178)	(1261,1261)	(1329,1329)	(1471,1471)	(1529,1529)	(1262,1262)	(1599,1599)	(1350,1350)	(1331,1331)	(1647,1647)	(1249,1249)	(1621,1621)	(1489,1489)	(1350,1350)	(1535,1535)	(1662,1662)	(1556,1556)	(1305,1305)	(1615,1615)	(1197,1197)	
