
20

15

0	9	2	13	10	8	6	4	11	12	1	14	3	5	7	
9	10	14	5	4	6	0	7	13	11	1	3	2	12	8	
3	8	11	13	10	14	5	9	0	1	4	2	7	6	12	
14	3	2	12	4	13	1	6	9	7	10	0	5	8	11	
12	14	1	7	8	11	6	4	0	2	3	10	5	13	9	
10	12	8	14	9	6	5	4	2	11	7	3	13	0	1	
6	8	0	12	10	9	2	4	3	13	14	11	5	7	1	
11	13	10	8	9	14	5	0	2	6	12	1	3	4	7	
8	6	5	3	9	0	2	4	12	10	11	7	14	13	1	
1	7	14	9	5	6	8	3	10	0	4	12	11	13	2	
11	0	13	6	5	3	14	10	7	8	2	1	12	4	9	
6	3	12	5	4	1	0	13	8	2	10	11	14	9	7	
14	13	1	8	2	3	9	4	0	6	12	5	10	7	11	
8	10	11	9	5	12	7	4	2	13	14	3	6	1	0	
8	0	9	1	10	7	13	3	5	11	2	14	6	12	4	
8	12	3	13	4	1	6	0	10	7	9	2	5	11	14	
14	3	0	10	5	7	8	6	12	9	4	2	11	1	13	
11	3	14	6	8	12	13	5	1	10	7	4	9	2	0	
11	2	12	9	14	7	4	3	5	6	10	1	0	13	8	
2	12	5	8	6	9	14	11	3	13	7	1	4	0	10	

(18, 20)	(30, 36)	(28, 36)	(18, 18)	(35, 43)	(31, 37)	(23, 27)	(33, 39)	(37, 43)	(29, 37)	(28, 34)	(27, 33)	(33, 35)	(26, 26)	(12, 14)	
(10, 12)	(21, 23)	(19, 19)	(12, 12)	(23, 27)	(36, 40)	(27, 31)	(37, 41)	(17, 21)	(20, 24)	(22, 24)	(18, 22)	(39, 41)	(18, 20)	(26, 26)	
(22, 28)	(15, 19)	(22, 26)	(39, 41)	(32, 32)	(15, 17)	(38, 40)	(19, 19)	(23, 25)	(39, 39)	(17, 17)	(35, 35)	(34, 42)	(20, 20)	(27, 35)	
(20, 24)	(35, 37)	(34, 34)	(16, 18)	(30, 30)	(12, 12)	(13, 13)	(22, 28)	(11, 13)	(17, 19)	(27, 35)	(35, 43)	(40, 40)	(26, 26)	(35, 39)	
(30, 34)	(15, 15)	(33, 37)	(12, 14)	(29, 35)	(20, 26)	(22, 22)	(21, 21)	(38, 38)	(35, 41)	(38, 42)	(27, 35)	(11, 11)	(34, 40)	(16, 16)	
(22, 24)	(36, 40)	(10, 12)	(27, 27)	(11, 11)	(22, 28)	(14, 14)	(12, 12)	(25, 29)	(25, 27)	(27, 31)	(27, 29)	(20, 22)	(19, 21)	(28, 32)	
(39, 39)	(38, 38)	(15, 15)	(26, 28)	(20, 24)	(26, 28)	(31, 33)	(38, 42)	(12, 12)	(20, 20)	(19, 23)	(22, 22)	(17, 17)	(35, 41)	(24, 30)	
(10, 12)	(24, 24)	(35, 41)	(13, 17)	(18, 20)	(13, 13)	(28, 32)	(25, 27)	(28, 30)	(31, 35)	(19, 23)	(15, 15)	(19, 23)	(27, 29)	(31, 35)	
(18, 22)	(16, 18)	(23, 29)	(30, 38)	(22, 24)	(15, 17)	(16, 20)	(32, 38)	(23, 25)	(15, 17)	(25, 27)	(12, 12)	(13, 13)	(24, 30)	(18, 20)	
(17, 19)	(32, 42)	(26, 28)	(36, 44)	(36, 44)	(17, 17)	(20, 24)	(17, 17)	(30, 30)	(36, 40)	(20, 22)	(30, 34)	(22, 26)	(23, 25)	(27, 33)	
(18, 20)	(20, 24)	(36, 36)	(17, 19)	(21, 23)	(15, 19)	(35, 35)	(31, 37)	(23, 23)	(17, 21)	(26, 32)	(20, 24)	(17, 17)	(32, 34)	(36, 42)	
(30, 34)	(21, 23)	(24, 24)	(13, 13)	(13, 13)	(11, 11)	(11, 11)	(23, 27)	(13, 13)	(14, 16)	(31, 35)	(17, 17)	(16, 16)	(36, 40)	(23, 25)	
(16, 16)	(15, 17)	(36, 38)	(22, 28)	(25, 27)	(11, 11)	(30, 38)	(13, 15)	(18, 22)	(35, 37)	(11, 13)	(28, 30)	(23, 27)	(31, 33)	(11, 13)	
(20, 20)	(23, 25)	(27, 27)	(36, 40)	(30, 38)	(39, 39)	(32, 34)	(32, 42)	(30, 32)	(15, 15)	(33, 35)	(30, 36)	(25, 27)	(36, 36)	(14, 14)	
(30, 32)	(17, 17)	(12, 14)	(21, 21)	(16, 18)	(19, 19)	(13, 15)	(39, 41)	(31, 33)	(25, 25)	(33, 35)	(22, 24)	(13, 13)	(39, 41)	(26, 26)	
(36, 40)	(17, 17)	(13, 15)	(16, 18)	(11, 13)	(31, 39)	(34, 36)	(19, 19)	(35, 37)	(19, 19)	(27, 31)	(30, 32)	(23, 29)	(31, 39)	(35, 39)	
(20, 20)	(16, 16)	(31, 35)	(14, 14)	(27, 27)	(28, 34)	(15, 17)	(31, 31)	(25, 31)	(32, 42)	(37, 37)	(28, 30)	(33, 43)	(26, 34)	(35, 37)	
(16, 20)	(33, 41)	(16, 16)	(15, 15)	(13, 15)	(11, 11)	(29, 35)	(12, 12)	(10, 12)	(29, 29)	(18, 20)	(11, 13)	(16, 20)	(23, 29)	(36, 42)	
(10, 12)	(11, 11)	(21, 23)	(31, 39)	(20, 20)	(29, 33)	(19, 19)	(34, 44)	(28, 28)	(31, 35)	(33, 35)	(35, 41)	(18, 22)	(16, 18)	(28, 28)	
(12, 12)	(25, 25)	(23, 23)	(20, 22)	(25, 29)	(28, 32)	(20, 26)	(34, 44)	(24, 28)	(33, 35)	(15, 19)	(24, 24)	(12, 12)	(19, 19)	(36, 36)	

(957,957)	(769,769)	(802,802)	(713,713)	(742,742)	(876,876)	(896,896)	(753,753)	(696,696)	(858,858)	(745,745)	(651,651)	(810,810)	(955,955)	(664,664)	(780,780)	(790,790)	(728,728)	(695,695)	(854,854)	
