
20

15

2	3	9	4	0	6	8	7	1	5	11	14	13	10	12	
6	3	12	11	1	13	10	2	5	7	0	8	14	9	4	
6	0	13	7	2	3	12	10	9	1	5	11	8	4	14	
9	6	1	7	12	4	0	5	11	10	14	2	3	8	13	
11	13	1	6	7	5	8	9	3	10	2	0	14	12	4	
8	11	14	1	7	6	5	10	3	2	4	9	13	12	0	
13	3	6	8	12	4	2	9	14	5	10	11	1	0	7	
5	4	6	9	3	10	8	14	13	2	1	12	11	7	0	
13	11	8	3	5	4	9	0	14	6	2	10	7	12	1	
12	1	5	14	7	0	3	13	8	11	4	10	2	9	6	
10	5	12	1	7	8	14	4	3	9	13	11	6	2	0	
0	11	5	13	4	8	9	14	2	7	10	1	3	12	6	
12	5	2	8	3	13	0	6	7	11	14	1	4	9	10	
8	1	14	12	4	5	6	10	0	7	11	2	13	9	3	
9	14	3	12	0	11	2	5	1	8	4	13	10	6	7	
9	14	7	4	0	5	8	13	10	3	2	1	11	6	12	
3	5	2	12	7	1	8	6	11	4	10	14	9	13	0	
12	10	0	2	5	1	11	8	14	3	7	9	13	4	6	
5	10	7	14	13	11	9	3	1	2	12	6	8	4	0	
9	8	12	1	5	3	11	13	0	7	14	4	6	2	10	

(23, 25)	(11, 13)	(16, 18)	(24, 30)	(20, 22)	(23, 27)	(27, 27)	(24, 28)	(28, 32)	(30, 32)	(18, 18)	(14, 18)	(35, 43)	(18, 20)	(26, 26)	
(28, 32)	(13, 17)	(20, 20)	(17, 21)	(23, 25)	(13, 17)	(27, 29)	(32, 40)	(25, 27)	(14, 16)	(11, 11)	(21, 25)	(18, 22)	(25, 27)	(26, 30)	
(32, 38)	(22, 22)	(21, 25)	(28, 36)	(20, 20)	(11, 13)	(17, 21)	(21, 25)	(16, 18)	(13, 15)	(15, 17)	(25, 33)	(15, 17)	(22, 22)	(22, 22)	
(18, 22)	(26, 32)	(17, 21)	(13, 15)	(30, 36)	(30, 30)	(31, 33)	(20, 22)	(27, 31)	(24, 24)	(22, 28)	(27, 31)	(12, 14)	(18, 22)	(16, 20)	
(22, 24)	(18, 22)	(28, 28)	(30, 34)	(16, 16)	(18, 18)	(22, 26)	(22, 24)	(24, 24)	(31, 37)	(24, 24)	(23, 25)	(28, 28)	(14, 16)	(17, 19)	
(21, 27)	(19, 19)	(21, 21)	(30, 36)	(32, 36)	(35, 35)	(40, 40)	(33, 39)	(21, 25)	(25, 27)	(15, 15)	(25, 31)	(37, 39)	(12, 14)	(23, 27)	
(27, 27)	(29, 31)	(20, 22)	(17, 21)	(11, 13)	(26, 28)	(35, 43)	(12, 14)	(12, 12)	(32, 40)	(19, 23)	(16, 18)	(29, 29)	(17, 17)	(29, 37)	
(27, 27)	(17, 21)	(26, 32)	(20, 20)	(21, 21)	(38, 42)	(13, 15)	(34, 44)	(35, 43)	(27, 27)	(34, 38)	(12, 12)	(32, 42)	(19, 25)	(13, 13)	
(32, 32)	(28, 30)	(23, 25)	(27, 27)	(37, 43)	(20, 22)	(23, 29)	(25, 29)	(25, 29)	(14, 18)	(20, 22)	(13, 13)	(26, 30)	(27, 29)	(29, 35)	
(35, 35)	(10, 12)	(34, 44)	(18, 18)	(21, 25)	(32, 36)	(23, 25)	(10, 12)	(28, 32)	(27, 35)	(15, 15)	(15, 15)	(26, 30)	(23, 29)	(33, 33)	
(24, 32)	(33, 41)	(26, 32)	(27, 35)	(25, 25)	(13, 13)	(13, 15)	(18, 22)	(27, 27)	(25, 25)	(30, 32)	(14, 14)	(25, 25)	(35, 43)	(31, 41)	
(22, 22)	(24, 26)	(25, 31)	(30, 40)	(30, 32)	(19, 23)	(18, 22)	(17, 21)	(28, 30)	(31, 33)	(17, 19)	(17, 19)	(10, 12)	(16, 18)	(14, 16)	
(39, 39)	(30, 34)	(34, 38)	(13, 15)	(27, 29)	(35, 39)	(37, 39)	(18, 22)	(17, 21)	(12, 12)	(22, 22)	(36, 36)	(15, 15)	(30, 34)	(14, 18)	
(27, 29)	(29, 29)	(39, 41)	(21, 25)	(31, 37)	(30, 36)	(24, 30)	(16, 18)	(19, 21)	(24, 32)	(20, 22)	(20, 22)	(19, 21)	(29, 37)	(25, 29)	
(21, 21)	(34, 34)	(29, 31)	(33, 43)	(11, 11)	(14, 18)	(13, 15)	(13, 15)	(32, 36)	(29, 37)	(23, 23)	(40, 40)	(12, 12)	(22, 24)	(24, 30)	
(12, 14)	(38, 42)	(35, 37)	(15, 19)	(13, 13)	(29, 37)	(22, 28)	(22, 26)	(22, 24)	(31, 41)	(28, 30)	(17, 19)	(13, 13)	(32, 34)	(13, 13)	
(23, 27)	(14, 16)	(28, 28)	(39, 41)	(34, 44)	(31, 31)	(35, 35)	(27, 35)	(36, 36)	(11, 13)	(31, 35)	(17, 21)	(14, 18)	(25, 29)	(19, 23)	
(20, 24)	(13, 15)	(11, 13)	(18, 22)	(12, 12)	(16, 20)	(17, 17)	(37, 41)	(30, 32)	(28, 34)	(32, 32)	(20, 20)	(26, 32)	(13, 13)	(23, 29)	
(16, 20)	(27, 33)	(34, 42)	(21, 23)	(15, 15)	(20, 20)	(15, 17)	(16, 18)	(11, 13)	(12, 14)	(37, 43)	(17, 17)	(27, 33)	(37, 39)	(12, 14)	
(30, 32)	(37, 41)	(25, 29)	(13, 15)	(33, 33)	(28, 34)	(22, 22)	(34, 38)	(15, 17)	(10, 12)	(14, 14)	(27, 31)	(25, 31)	(21, 23)	(15, 19)	

(727,727)	(757,757)	(730,730)	(744,744)	(818,818)	(696,696)	(810,810)	(725,725)	(826,826)	(817,817)	(919,919)	(643,643)	(828,828)	(688,688)	(811,811)	(723,723)	(900,900)	(634,634)	(836,836)	(657,657)	
