NUMERO DE TRABAJOS
10
NUMERO DE RECURSOS
10
SECUENCIA DE MAQUINAS
0 1 2 3 4 5 6 7 8 9 
0 2 4 9 3 1 6 5 7 8 
1 0 3 2 8 5 7 6 9 4 
1 2 0 4 6 8 7 3 9 5 
2 0 1 5 3 4 8 7 9 6 
2 1 5 3 8 9 0 6 4 7 
1 0 3 2 6 5 9 8 7 4 
2 0 1 5 4 6 8 9 7 3 
0 1 3 5 2 9 6 7 4 8 
1 0 2 6 8 9 5 3 4 7 
DURACIONES
(25,33) (74,82) (9,9) (32,40) (49,49) (11,11) (59,65) (56,56) (39,49) (20,22) 
(39,47) (89,91) (67,83) (11,11) (63,75) (25,31) (46,46) (43,49) (71,73) (27,33) 
(86,96) (77,93) (34,44) (64,84) (89,91) (10,10) (11,13) (87,91) (41,49) (31,35) 
(79,83) (94,96) (62,80) (92,106) (9,9) (46,58) (74,96) (90,106) (21,23) (41,45) 
(13,15) (6,6) (22,22) (53,69) (25,27) (64,74) (20,22) (46,52) (72,72) (46,60) 
(75,93) (2,2) (52,52) (89,101) (43,53) (70,74) (44,50) (62,68) (6,6) (23,27) 
(43,49) (34,40) (60,62) (13,13) (28,36) (20,22) (29,35) (83,95) (29,31) (54,56) 
(29,33) (86,86) (46,46) (65,83) (29,35) (79,97) (17,21) (45,51) (35,37) (69,89) 
(72,80) (63,75) (67,85) (51,51) (77,93) (10,12) (36,44) (83,95) (26,26) (73,75) 
(81,89) (13,13) (58,64) (7,7) (59,69) (70,82) (46,48) (50,54) (82,98) (41,49) 
TIEMPOS MAXIMOS DE FIN
(693,693) (937,937) (984,984) (1083,1083) (733,733) (780,780) (838,838) (856,856) (1069,1069) (836,836) 
DESV:0.0583759