
15

10

7	9	0	6	4	8	2	5	1	3	
6	8	3	0	1	4	5	9	2	7	
1	3	5	4	0	2	6	8	9	7	
1	7	4	6	5	0	8	3	9	2	
7	2	8	5	1	6	3	0	9	4	
8	0	4	5	9	1	7	6	3	2	
6	2	8	1	9	4	7	0	5	3	
8	7	5	3	2	4	9	1	0	6	
4	0	9	5	7	3	2	8	6	1	
9	0	3	8	1	6	2	5	4	7	
7	3	4	5	2	6	0	9	1	8	
0	3	2	7	8	5	9	1	6	4	
9	1	3	6	2	8	7	0	5	4	
4	2	5	6	8	7	3	1	0	9	
2	5	9	8	0	6	3	7	1	4	

(8, 8)	(75, 75)	(67, 77)	(68, 80)	(27, 33)	(38, 48)	(34, 42)	(86, 110)	(23, 29)	(18, 20)	
(19, 19)	(65, 81)	(40, 46)	(23, 23)	(78, 92)	(36, 42)	(13, 13)	(25, 27)	(62, 72)	(9, 9)	
(48, 52)	(81, 105)	(76, 84)	(7, 7)	(54, 56)	(57, 65)	(56, 58)	(70, 74)	(40, 44)	(44, 48)	
(59, 77)	(39, 47)	(94, 104)	(54, 66)	(59, 77)	(89, 93)	(11, 11)	(90, 102)	(11, 11)	(72, 72)	
(76, 92)	(31, 37)	(36, 44)	(7, 7)	(68, 72)	(68, 80)	(11, 13)	(40, 46)	(67, 71)	(28, 32)	
(60, 60)	(49, 49)	(54, 64)	(68, 76)	(61, 65)	(63, 75)	(95, 103)	(40, 50)	(24, 30)	(9, 9)	
(69, 73)	(86, 96)	(59, 71)	(86, 94)	(90, 106)	(8, 8)	(44, 56)	(65, 85)	(36, 38)	(17, 17)	
(58, 66)	(78, 102)	(93, 103)	(28, 34)	(89, 93)	(34, 42)	(65, 79)	(9, 9)	(63, 81)	(44, 54)	
(31, 39)	(37, 41)	(68, 80)	(23, 27)	(42, 52)	(50, 54)	(57, 69)	(21, 21)	(31, 39)	(76, 84)	
(54, 62)	(5, 5)	(49, 51)	(47, 57)	(78, 98)	(20, 20)	(59, 77)	(21, 27)	(50, 56)	(50, 64)	
(91, 107)	(82, 100)	(32, 34)	(18, 20)	(17, 19)	(36, 40)	(24, 24)	(32, 38)	(43, 55)	(8, 10)	
(68, 68)	(55, 65)	(67, 87)	(10, 10)	(54, 66)	(15, 15)	(67, 77)	(17, 19)	(79, 101)	(16, 20)	
(69, 89)	(60, 60)	(49, 63)	(89, 93)	(35, 45)	(84, 88)	(62, 82)	(78, 82)	(82, 96)	(49, 53)	
(10, 10)	(83, 101)	(20, 26)	(41, 51)	(36, 44)	(63, 81)	(6, 6)	(23, 23)	(81, 109)	(34, 34)	
(24, 24)	(28, 30)	(49, 49)	(52, 58)	(44, 50)	(74, 80)	(66, 88)	(8, 8)	(26, 30)	(46, 50)	

(1065,1065)	(894,894)	(1059,1059)	(1076,1076)	(1031,1031)	(1018,1018)	(1340,1340)	(1278,1278)	(1199,1199)	(1166,1166)	(1072,1072)	(1030,1030)	(1277,1277)	(1251,1251)	(998,998)	
