NUMERO DE TRABAJOS
100
NUMERO DE RECURSOS
20
SECUENCIA DE MAQUINAS
9 12 4 7 16 0 1 18 17 5 14 11 8 10 3 15 13 2 19 6 
17 13 19 6 10 11 1 7 16 18 14 15 5 3 9 2 0 4 8 12 
17 10 3 4 19 7 15 0 16 12 14 18 8 11 6 2 5 1 9 13 
9 19 3 10 1 5 16 14 7 17 18 13 4 0 11 15 8 12 2 6 
13 16 4 15 9 10 0 2 3 11 17 5 19 7 18 6 1 12 14 8 
16 7 9 6 13 5 18 11 17 19 14 15 10 0 4 12 2 1 3 8 
14 5 1 10 9 13 16 17 2 18 19 12 15 6 0 3 7 4 11 8 
1 11 10 3 17 9 14 18 0 4 15 16 6 12 7 5 13 8 19 2 
2 17 8 19 10 13 15 12 16 1 18 6 11 0 14 3 9 7 5 4 
3 17 11 0 5 15 13 12 16 10 2 6 4 9 19 8 1 7 18 14 
2 8 14 5 15 13 10 19 12 9 4 0 6 3 18 7 16 11 1 17 
1 13 8 3 7 14 9 6 10 15 19 11 4 16 2 0 18 17 5 12 
5 0 7 1 4 8 10 3 13 9 11 17 12 14 15 6 2 19 16 18 
7 19 5 6 9 14 8 4 3 15 1 10 11 12 2 16 0 13 17 18 
2 18 0 13 6 16 5 19 14 9 7 3 1 10 17 8 4 11 12 15 
12 11 1 17 4 13 16 18 6 7 8 10 2 14 5 3 9 19 0 15 
11 8 10 17 3 14 1 9 13 5 19 4 18 6 16 12 7 0 2 15 
2 7 15 0 17 18 10 3 16 11 19 13 9 14 12 5 8 1 4 6 
16 12 15 11 5 3 2 8 0 6 10 7 9 18 17 19 4 14 13 1 
1 14 19 0 10 16 15 7 17 18 3 4 13 8 5 9 6 11 2 12 
12 9 2 15 14 8 17 6 1 11 10 5 16 13 4 3 0 7 18 19 
11 17 18 12 19 14 8 10 15 7 2 1 4 16 13 9 0 6 3 5 
18 12 17 8 5 10 6 9 13 0 2 15 7 4 16 1 14 11 3 19 
9 12 8 18 5 2 15 11 0 6 1 4 17 3 13 7 14 19 10 16 
18 16 17 11 6 8 1 7 12 10 3 9 14 0 19 2 5 4 15 13 
17 15 6 4 7 1 0 13 9 19 18 5 3 10 2 16 11 8 14 12 
3 15 7 8 10 9 2 17 19 14 16 5 1 18 12 11 0 4 13 6 
3 17 12 9 4 10 15 13 0 11 8 2 1 5 19 7 16 18 6 14 
19 16 18 13 5 11 8 9 0 2 14 17 10 4 6 1 3 12 7 15 
18 8 2 6 12 17 19 10 9 15 5 1 3 7 14 13 11 4 0 16 
12 13 1 3 18 17 15 6 5 9 11 16 14 10 0 8 4 7 2 19 
7 8 13 0 16 12 15 17 6 4 11 18 10 9 2 14 5 19 1 3 
11 17 19 7 6 12 16 9 13 0 2 15 10 5 4 1 18 14 3 8 
6 8 9 17 16 4 10 14 18 2 7 19 5 0 3 11 13 1 15 12 
16 8 3 4 13 1 2 9 10 7 12 6 17 5 0 18 11 19 15 14 
7 11 2 15 16 4 18 0 17 13 19 10 9 12 1 6 14 8 3 5 
12 6 0 17 5 10 13 8 1 16 4 7 11 19 18 2 9 14 3 15 
2 8 7 10 17 6 13 3 19 18 9 12 11 14 1 16 5 4 15 0 
10 3 1 15 14 11 13 2 16 4 8 18 12 9 5 7 19 0 17 6 
8 14 19 2 18 17 16 5 6 13 10 3 7 0 4 12 9 1 15 11 
9 1 19 6 4 17 13 7 15 8 0 2 10 16 14 18 5 3 12 11 
8 7 4 14 18 16 19 15 2 10 6 12 9 5 0 1 13 3 17 11 
2 9 18 7 16 13 14 15 10 17 11 3 5 0 8 12 4 19 1 6 
6 2 16 10 18 0 17 19 3 5 7 14 9 12 15 8 4 13 1 11 
10 0 12 1 6 14 18 11 7 16 9 8 4 15 13 19 5 3 2 17 
14 5 4 19 9 8 3 12 1 0 15 18 17 13 10 6 11 7 16 2 
2 13 17 11 4 9 15 1 7 0 5 12 16 14 8 10 3 6 19 18 
2 5 14 10 1 7 3 18 19 6 4 8 17 12 15 0 11 13 16 9 
4 13 10 15 14 12 18 11 1 5 17 9 2 16 0 8 19 6 3 7 
3 17 4 13 8 15 19 7 6 11 12 14 1 10 9 0 5 18 16 2 
11 8 0 13 5 7 10 9 2 4 1 12 17 6 18 15 14 19 3 16 
3 11 15 8 10 6 5 18 2 9 19 16 14 17 12 4 7 1 13 0 
10 18 3 8 2 12 11 13 6 14 19 1 16 17 0 7 4 15 9 5 
3 14 0 4 5 7 13 6 15 17 12 10 1 9 11 2 18 8 16 19 
2 8 7 9 19 16 17 15 6 3 4 13 10 12 0 5 14 18 1 11 
18 12 11 7 17 8 13 15 9 14 16 5 2 10 19 3 1 0 6 4 
0 7 2 16 17 4 13 1 9 10 11 14 15 3 5 6 12 8 19 18 
3 13 18 9 17 12 14 19 7 10 0 11 5 8 2 4 16 1 6 15 
7 18 10 5 8 13 2 16 3 14 1 4 19 9 15 0 11 17 12 6 
6 12 8 0 4 16 5 19 11 2 14 13 7 18 3 10 9 1 17 15 
8 17 15 10 6 3 5 1 9 2 13 11 14 7 12 18 0 4 19 16 
2 7 17 10 5 12 13 18 0 15 4 1 9 8 6 11 19 3 14 16 
15 5 4 19 8 13 3 0 14 1 12 11 10 17 9 2 18 7 6 16 
10 16 19 6 2 5 0 1 9 4 8 12 3 17 14 7 13 15 11 18 
17 4 3 11 6 12 18 14 9 19 7 15 10 0 5 13 1 2 16 8 
19 1 4 6 14 2 3 8 16 11 18 13 10 15 7 9 5 12 0 17 
16 17 11 1 8 6 7 13 18 4 3 0 10 9 2 14 19 5 12 15 
8 3 1 14 13 7 19 10 0 17 12 2 4 16 18 6 5 9 15 11 
13 16 4 17 7 19 6 3 2 12 11 10 1 14 9 15 0 8 5 18 
6 17 7 14 5 4 3 10 1 12 8 15 2 18 11 9 16 13 19 0 
11 6 10 4 8 18 0 16 2 17 5 14 1 15 13 7 3 9 19 12 
7 17 15 1 12 9 5 14 0 2 4 11 13 18 16 3 19 6 10 8 
11 16 10 17 18 5 13 19 7 14 12 15 4 9 2 3 1 6 8 0 
2 13 19 4 6 7 10 18 14 17 12 16 11 8 15 5 9 0 1 3 
16 11 3 10 18 14 1 7 6 17 19 15 2 0 8 13 4 12 9 5 
5 13 0 1 3 6 17 19 4 2 8 9 16 7 10 11 18 12 14 15 
18 17 5 10 8 9 0 11 12 2 19 14 16 1 6 15 4 3 7 13 
8 15 1 6 2 19 16 17 0 10 12 5 9 13 4 14 3 11 18 7 
7 8 3 17 14 5 1 11 9 15 4 12 16 6 10 2 13 19 18 0 
18 15 8 16 13 6 11 4 10 2 3 1 19 7 12 9 0 14 17 5 
11 3 10 17 19 16 5 6 13 9 8 14 12 18 1 15 2 4 7 0 
11 8 5 13 18 16 1 3 7 6 9 14 10 2 4 19 15 17 0 12 
17 19 8 0 4 1 11 3 13 16 9 10 5 14 2 18 12 7 15 6 
6 5 1 18 7 0 19 16 2 12 14 17 3 10 8 4 15 13 9 11 
2 17 7 12 0 14 4 19 15 10 8 1 6 3 18 5 9 11 16 13 
16 12 0 2 14 5 6 3 17 15 18 10 11 7 9 1 8 19 4 13 
9 3 11 18 15 1 19 16 13 17 0 5 14 10 12 4 2 8 6 7 
16 14 2 11 5 13 17 19 8 15 9 10 1 12 7 4 6 3 18 0 
7 9 16 2 14 3 5 6 18 19 13 8 15 17 0 12 11 10 4 1 
5 18 13 10 8 14 9 12 4 2 7 11 19 6 1 17 0 15 3 16 
6 11 8 0 1 2 15 7 12 14 18 5 16 10 19 17 4 3 9 13 
7 10 16 9 5 15 12 6 3 2 0 19 18 8 11 4 17 1 13 14 
15 18 19 0 10 12 14 9 1 3 17 2 8 6 13 16 7 5 11 4 
13 19 7 4 6 18 12 1 17 16 2 14 3 5 15 0 11 9 10 8 
0 3 8 12 9 16 2 6 19 14 5 17 11 15 4 1 18 7 10 13 
11 9 19 3 1 7 2 4 18 6 15 17 16 14 10 0 12 8 13 5 
10 5 9 8 3 1 0 4 7 15 11 19 18 13 14 17 2 12 16 6 
6 10 4 19 2 13 12 11 8 9 17 0 1 7 14 15 3 16 5 18 
11 9 8 16 13 7 19 5 10 3 18 2 14 17 12 4 0 6 1 15 
11 12 9 7 15 18 16 8 19 4 1 17 13 5 0 14 2 6 10 3 
DURACIONES
(47, 61) (80, 94) (59, 63) (33, 37) (5, 5) (43, 53) (29, 37) (20, 22) (56, 74) (72, 94) (71, 85) (13, 15) (67, 73) (22, 28) (35, 37) (51, 61) (80, 94) (30, 34) (82, 110) (53, 71) 
(60, 76) (15, 15) (21, 23) (53, 53) (30, 36) (60, 62) (71, 75) (61, 65) (87, 105) (60, 62) (75, 101) (78, 94) (48, 58) (2, 2) (26, 32) (14, 14) (48, 50) (13, 15) (20, 24) (59, 73) 
(68, 68) (64, 76) (75, 93) (18, 20) (30, 34) (58, 58) (78, 96) (80, 84) (6, 8) (43, 51) (66, 70) (65, 77) (3, 3) (90, 96) (23, 25) (28, 34) (19, 19) (56, 56) (76, 100) (69, 73) 
(56, 60) (70, 74) (50, 52) (39, 45) (27, 35) (61, 65) (42, 56) (81, 85) (25, 31) (79, 105) (76, 90) (7, 7) (6, 8) (26, 34) (12, 16) (25, 29) (54, 62) (28, 36) (15, 17) (58, 76) 
(34, 38) (51, 51) (62, 68) (34, 46) (75, 83) (34, 44) (30, 36) (76, 78) (75, 93) (65, 71) (70, 72) (46, 62) (36, 44) (83, 105) (54, 58) (87, 101) (55, 55) (9, 11) (12, 14) (13, 13) 
(48, 54) (23, 31) (29, 33) (64, 66) (26, 26) (61, 63) (85, 91) (67, 71) (40, 54) (32, 40) (3, 3) (85, 95) (86, 94) (29, 33) (24, 24) (34, 36) (22, 26) (64, 72) (18, 18) (66, 74) 
(8, 8) (6, 6) (91, 95) (55, 65) (62, 74) (30, 34) (85, 105) (15, 19) (12, 12) (69, 89) (72, 84) (26, 26) (15, 15) (73, 93) (7, 9) (29, 33) (5, 5) (6, 6) (35, 37) (67, 83) 
(36, 46) (83, 107) (4, 4) (97, 99) (21, 23) (60, 68) (35, 47) (54, 58) (23, 23) (62, 82) (10, 10) (35, 35) (53, 57) (16, 18) (9, 11) (30, 34) (66, 86) (48, 50) (81, 109) (14, 14) 
(96, 96) (21, 25) (40, 48) (17, 21) (84, 96) (6, 6) (62, 72) (35, 39) (56, 72) (75, 85) (98, 98) (66, 66) (69, 79) (63, 67) (3, 3) (13, 17) (46, 54) (97, 99) (42, 50) (69, 91) 
(1, 1) (58, 72) (35, 37) (33, 37) (86, 104) (95, 103) (74, 90) (45, 47) (23, 29) (35, 35) (96, 96) (6, 6) (25, 31) (80, 104) (11, 13) (40, 44) (44, 50) (78, 78) (9, 11) (73, 79) 
(71, 85) (96, 102) (79, 101) (44, 48) (69, 73) (71, 81) (43, 47) (87, 105) (58, 58) (3, 3) (66, 74) (80, 80) (26, 34) (81, 89) (83, 103) (14, 18) (26, 26) (76, 82) (42, 46) (21, 21) 
(79, 85) (16, 16) (49, 63) (30, 40) (79, 83) (85, 109) (5, 5) (61, 75) (54, 66) (30, 36) (52, 62) (41, 43) (66, 78) (68, 86) (53, 53) (26, 26) (60, 72) (75, 87) (72, 96) (78, 90) 
(28, 30) (6, 6) (37, 39) (82, 110) (79, 91) (31, 41) (66, 76) (5, 5) (52, 54) (11, 11) (81, 93) (99, 99) (41, 43) (61, 77) (65, 83) (30, 38) (25, 25) (10, 10) (22, 28) (30, 34) 
(35, 45) (70, 76) (73, 87) (60, 80) (7, 7) (35, 35) (31, 39) (20, 20) (68, 68) (27, 31) (7, 7) (12, 12) (64, 76) (40, 54) (41, 51) (75, 81) (24, 32) (44, 52) (46, 54) (22, 22) 
(82, 106) (79, 79) (1, 1) (34, 44) (32, 34) (81, 107) (65, 73) (18, 20) (26, 32) (31, 35) (72, 72) (41, 55) (88, 88) (9, 9) (1, 1) (99, 99) (18, 22) (25, 33) (79, 87) (41, 47) 
(4, 4) (16, 20) (8, 10) (77, 87) (59, 59) (62, 66) (53, 59) (73, 83) (23, 23) (61, 61) (69, 91) (86, 96) (35, 41) (84, 94) (80, 90) (22, 24) (46, 50) (80, 100) (28, 30) (93, 101) 
(9, 11) (8, 10) (81, 83) (27, 29) (44, 52) (63, 69) (19, 25) (32, 32) (33, 35) (41, 45) (59, 69) (41, 45) (24, 24) (77, 99) (40, 48) (15, 15) (26, 30) (51, 57) (85, 103) (75, 85) 
(43, 57) (53, 55) (27, 27) (62, 76) (29, 39) (5, 5) (21, 23) (26, 32) (45, 49) (22, 26) (49, 55) (23, 29) (48, 54) (53, 63) (44, 56) (83, 85) (13, 17) (82, 104) (2, 2) (14, 18) 
(61, 81) (23, 27) (2, 2) (64, 86) (54, 70) (70, 88) (35, 35) (77, 97) (19, 19) (48, 52) (30, 36) (74, 84) (62, 64) (8, 10) (23, 25) (36, 42) (2, 2) (17, 23) (72, 96) (51, 55) 
(72, 84) (10, 12) (39, 45) (54, 66) (65, 87) (55, 59) (28, 30) (46, 54) (73, 85) (74, 88) (19, 19) (22, 26) (79, 103) (51, 63) (79, 81) (66, 82) (97, 101) (4, 4) (60, 64) (2, 2) 
(4, 4) (62, 68) (38, 46) (91, 103) (50, 62) (83, 101) (43, 55) (81, 85) (16, 20) (86, 86) (44, 52) (22, 26) (42, 42) (99, 99) (83, 91) (55, 63) (21, 23) (34, 34) (55, 71) (45, 45) 
(49, 59) (62, 66) (72, 88) (47, 55) (66, 84) (42, 42) (52, 68) (33, 33) (6, 6) (77, 103) (29, 35) (74, 80) (11, 11) (57, 69) (37, 43) (29, 31) (36, 38) (60, 64) (86, 102) (8, 8) 
(6, 6) (66, 88) (74, 78) (20, 26) (57, 65) (88, 92) (6, 6) (73, 97) (44, 46) (74, 98) (9, 11) (61, 81) (12, 14) (59, 77) (16, 16) (30, 36) (90, 100) (45, 59) (76, 100) (39, 39) 
(40, 54) (28, 32) (63, 71) (95, 103) (52, 52) (25, 33) (20, 26) (7, 9) (75, 79) (69, 91) (46, 46) (54, 54) (59, 69) (41, 49) (17, 17) (11, 13) (34, 36) (3, 3) (74, 88) (14, 16) 
(24, 24) (46, 54) (40, 54) (76, 100) (58, 78) (36, 48) (2, 2) (22, 26) (2, 2) (59, 67) (88, 88) (68, 76) (25, 31) (42, 52) (28, 34) (62, 62) (56, 62) (6, 6) (8, 10) (59, 61) 
(64, 72) (74, 90) (20, 24) (41, 47) (47, 63) (24, 26) (40, 50) (67, 83) (13, 13) (84, 84) (15, 19) (57, 77) (21, 21) (6, 6) (48, 50) (57, 77) (6, 8) (69, 79) (28, 30) (20, 20) 
(69, 77) (2, 2) (26, 26) (13, 17) (25, 33) (41, 47) (26, 26) (98, 100) (77, 95) (51, 67) (12, 14) (86, 94) (12, 14) (16, 18) (67, 69) (75, 101) (41, 43) (56, 66) (63, 67) (70, 74) 
(3, 3) (1, 1) (37, 43) (31, 35) (27, 31) (37, 47) (12, 14) (15, 15) (74, 82) (36, 38) (28, 32) (88, 96) (45, 53) (83, 99) (40, 44) (69, 79) (46, 60) (52, 66) (52, 60) (31, 33) 
(29, 33) (78, 90) (26, 32) (65, 85) (63, 73) (12, 12) (26, 32) (46, 56) (71, 81) (95, 101) (31, 35) (97, 101) (26, 30) (15, 19) (76, 102) (4, 4) (21, 21) (76, 92) (89, 91) (4, 4) 
(5, 5) (64, 74) (17, 21) (45, 45) (30, 40) (77, 101) (37, 43) (37, 39) (29, 31) (47, 57) (64, 82) (7, 7) (41, 49) (56, 64) (40, 46) (55, 55) (10, 10) (95, 99) (84, 102) (55, 71) 
(71, 81) (56, 66) (21, 21) (38, 44) (74, 74) (45, 57) (34, 38) (46, 52) (25, 27) (28, 34) (67, 67) (68, 70) (6, 6) (52, 56) (64, 66) (6, 8) (70, 70) (41, 49) (32, 32) (22, 28) 
(1, 1) (63, 75) (24, 32) (24, 26) (23, 27) (21, 27) (72, 76) (41, 55) (4, 4) (12, 12) (68, 92) (28, 28) (67, 83) (79, 85) (31, 37) (89, 109) (17, 21) (51, 67) (10, 10) (10, 12) 
(46, 46) (70, 92) (62, 66) (26, 30) (87, 91) (65, 77) (25, 33) (25, 29) (72, 90) (30, 38) (76, 80) (6, 8) (44, 58) (25, 25) (47, 47) (12, 16) (30, 34) (40, 54) (79, 101) (31, 31) 
(4, 4) (39, 41) (32, 32) (48, 56) (33, 41) (33, 37) (79, 91) (25, 27) (42, 48) (50, 66) (38, 46) (72, 78) (13, 13) (14, 16) (75, 97) (65, 83) (93, 103) (17, 21) (41, 49) (57, 63) 
(39, 49) (63, 67) (5, 5) (29, 31) (51, 51) (36, 48) (78, 98) (78, 80) (46, 48) (43, 49) (61, 63) (49, 51) (54, 62) (81, 83) (46, 56) (84, 94) (81, 97) (59, 67) (57, 61) (76, 92) 
(44, 56) (52, 70) (35, 37) (14, 14) (56, 74) (80, 92) (74, 100) (26, 30) (43, 57) (8, 8) (86, 112) (65, 81) (95, 97) (83, 105) (79, 95) (61, 75) (96, 96) (59, 79) (17, 21) (32, 34) 
(71, 91) (81, 81) (29, 29) (47, 61) (24, 24) (49, 61) (5, 5) (36, 36) (46, 50) (38, 44) (32, 36) (29, 37) (42, 54) (33, 41) (31, 33) (32, 36) (45, 59) (27, 27) (74, 86) (13, 15) 
(35, 37) (28, 34) (7, 7) (85, 91) (98, 100) (52, 58) (11, 11) (62, 68) (47, 47) (16, 20) (44, 48) (38, 40) (78, 78) (40, 52) (71, 91) (31, 31) (78, 82) (30, 40) (82, 102) (44, 58) 
(62, 68) (43, 49) (31, 31) (3, 3) (19, 23) (50, 60) (10, 12) (5, 5) (37, 43) (45, 59) (93, 105) (11, 11) (35, 37) (73, 93) (80, 104) (5, 5) (17, 21) (50, 66) (43, 51) (29, 39) 
(48, 52) (56, 56) (57, 57) (25, 29) (20, 20) (24, 28) (66, 76) (58, 60) (13, 15) (41, 51) (22, 22) (60, 72) (18, 22) (31, 35) (38, 40) (33, 33) (86, 86) (30, 30) (32, 42) (75, 79) 
(1, 1) (49, 53) (76, 78) (63, 81) (85, 89) (43, 57) (80, 108) (79, 89) (8, 8) (66, 80) (12, 14) (11, 13) (92, 102) (84, 88) (62, 64) (43, 45) (14, 14) (61, 73) (19, 19) (50, 54) 
(19, 25) (5, 5) (46, 56) (16, 20) (22, 24) (93, 101) (80, 102) (79, 93) (13, 13) (26, 28) (62, 74) (38, 50) (86, 100) (74, 90) (15, 19) (45, 51) (90, 106) (27, 33) (76, 96) (88, 96) 
(5, 5) (81, 103) (9, 11) (54, 72) (41, 41) (26, 26) (12, 16) (28, 32) (3, 3) (8, 10) (96, 102) (54, 54) (13, 15) (91, 105) (20, 26) (10, 12) (63, 69) (46, 50) (23, 27) (74, 84) 
(71, 93) (45, 55) (81, 91) (19, 19) (70, 70) (71, 81) (98, 100) (31, 37) (48, 58) (22, 24) (84, 94) (73, 91) (18, 20) (48, 62) (14, 16) (20, 26) (87, 111) (63, 63) (1, 1) (64, 86) 
(41, 45) (25, 25) (36, 44) (17, 19) (39, 47) (80, 92) (65, 85) (23, 25) (72, 92) (23, 25) (70, 72) (78, 100) (57, 77) (24, 32) (90, 102) (19, 21) (13, 15) (79, 91) (53, 65) (35, 41) 
(27, 29) (8, 8) (88, 110) (8, 8) (49, 57) (51, 51) (86, 98) (52, 70) (70, 88) (69, 77) (70, 90) (24, 24) (51, 59) (71, 75) (53, 57) (9, 9) (58, 74) (20, 24) (85, 105) (55, 65) 
(14, 14) (85, 93) (24, 24) (34, 40) (30, 30) (80, 96) (1, 1) (15, 15) (12, 16) (32, 40) (12, 16) (54, 70) (3, 3) (27, 27) (40, 48) (49, 51) (60, 66) (24, 28) (86, 96) (85, 85) 
(22, 26) (67, 81) (40, 44) (43, 43) (57, 59) (25, 33) (57, 59) (50, 58) (66, 86) (21, 23) (39, 45) (69, 91) (44, 46) (25, 31) (28, 36) (55, 63) (1, 1) (76, 86) (47, 49) (15, 15) 
(87, 93) (20, 20) (84, 92) (84, 84) (34, 44) (6, 6) (12, 12) (12, 16) (18, 20) (38, 50) (10, 10) (26, 26) (6, 6) (74, 76) (22, 26) (33, 43) (51, 55) (33, 41) (67, 71) (44, 48) 
(51, 57) (72, 84) (20, 20) (58, 74) (2, 2) (48, 56) (47, 47) (78, 90) (26, 30) (10, 12) (57, 75) (40, 50) (7, 9) (20, 24) (13, 15) (30, 32) (86, 90) (63, 83) (18, 24) (63, 77) 
(36, 36) (25, 33) (63, 67) (29, 35) (69, 89) (2, 2) (42, 42) (90, 100) (32, 34) (5, 5) (57, 67) (45, 49) (20, 20) (2, 2) (2, 2) (35, 37) (21, 23) (87, 105) (56, 66) (81, 89) 
(27, 27) (20, 24) (53, 67) (87, 87) (26, 34) (55, 73) (72, 78) (26, 26) (24, 26) (65, 87) (28, 28) (50, 56) (63, 67) (55, 63) (84, 100) (54, 54) (85, 99) (28, 28) (20, 20) (41, 55) 
(50, 64) (12, 14) (86, 100) (44, 50) (37, 43) (72, 90) (84, 94) (52, 52) (50, 66) (18, 22) (17, 21) (36, 38) (64, 74) (1, 1) (13, 13) (54, 66) (74, 92) (33, 37) (64, 64) (73, 73) 
(57, 69) (77, 95) (32, 40) (75, 95) (89, 93) (12, 12) (42, 50) (52, 52) (61, 79) (23, 27) (47, 53) (41, 41) (4, 4) (8, 10) (33, 39) (88, 110) (55, 59) (89, 93) (92, 100) (37, 49) 
(15, 15) (81, 87) (64, 82) (93, 93) (49, 53) (14, 14) (24, 26) (66, 84) (37, 41) (13, 15) (43, 43) (70, 76) (73, 91) (2, 2) (69, 75) (60, 72) (26, 34) (62, 66) (19, 19) (56, 70) 
(37, 39) (71, 77) (56, 62) (64, 74) (52, 68) (89, 109) (12, 16) (42, 54) (8, 10) (49, 51) (73, 93) (74, 96) (72, 76) (10, 10) (81, 109) (9, 11) (75, 85) (92, 92) (87, 97) (39, 39) 
(46, 50) (73, 77) (17, 19) (62, 68) (10, 12) (30, 34) (61, 61) (42, 50) (19, 25) (1, 1) (33, 43) (33, 33) (74, 82) (38, 40) (66, 68) (79, 79) (63, 69) (99, 99) (19, 25) (66, 66) 
(78, 94) (83, 107) (29, 31) (18, 20) (86, 94) (65, 65) (69, 89) (21, 25) (69, 69) (70, 92) (27, 33) (9, 9) (93, 105) (84, 88) (60, 72) (54, 70) (32, 32) (94, 100) (24, 26) (35, 39) 
(38, 46) (58, 76) (74, 94) (53, 57) (73, 79) (44, 52) (88, 102) (52, 66) (69, 69) (53, 53) (56, 74) (29, 31) (80, 108) (78, 92) (14, 16) (94, 98) (60, 76) (1, 1) (28, 32) (85, 103) 
(25, 31) (72, 80) (2, 2) (76, 96) (57, 59) (38, 42) (14, 14) (32, 32) (10, 12) (12, 14) (1, 1) (49, 63) (86, 98) (12, 14) (83, 87) (13, 17) (63, 85) (46, 56) (4, 4) (60, 72) 
(50, 54) (64, 82) (50, 64) (12, 14) (52, 52) (47, 51) (37, 39) (13, 15) (75, 99) (63, 63) (77, 79) (40, 40) (12, 14) (23, 23) (41, 43) (94, 104) (57, 77) (25, 31) (60, 70) (91, 93) 
(78, 102) (54, 64) (78, 94) (29, 31) (30, 38) (79, 79) (76, 78) (9, 9) (75, 93) (73, 73) (8, 10) (44, 44) (39, 47) (59, 59) (6, 6) (81, 99) (3, 3) (18, 20) (4, 4) (33, 33) 
(31, 37) (18, 18) (24, 26) (50, 52) (19, 23) (84, 102) (22, 22) (50, 62) (77, 83) (75, 79) (65, 69) (88, 90) (15, 15) (54, 66) (13, 17) (68, 92) (21, 25) (81, 99) (76, 96) (17, 17) 
(18, 24) (58, 64) (22, 28) (81, 101) (63, 71) (79, 89) (13, 17) (55, 63) (33, 37) (5, 5) (36, 40) (8, 10) (46, 62) (57, 59) (32, 40) (33, 39) (65, 73) (6, 8) (19, 25) (5, 5) 
(3, 3) (66, 80) (36, 36) (69, 81) (83, 107) (63, 79) (10, 10) (6, 8) (12, 14) (30, 36) (34, 44) (27, 33) (80, 84) (74, 78) (67, 69) (37, 37) (56, 68) (44, 44) (6, 6) (50, 52) 
(84, 90) (29, 33) (28, 28) (65, 71) (6, 8) (76, 94) (52, 62) (81, 83) (88, 108) (16, 16) (12, 12) (27, 29) (5, 5) (55, 57) (77, 79) (6, 8) (16, 20) (7, 7) (9, 9) (14, 16) 
(8, 8) (2, 2) (44, 56) (45, 57) (95, 99) (84, 88) (68, 76) (85, 99) (29, 29) (50, 66) (9, 11) (13, 13) (25, 25) (42, 42) (11, 11) (46, 46) (71, 77) (76, 96) (18, 22) (30, 32) 
(38, 48) (4, 4) (28, 34) (87, 109) (33, 43) (13, 13) (9, 9) (80, 94) (67, 69) (50, 58) (64, 86) (33, 41) (10, 12) (58, 58) (42, 50) (48, 50) (6, 6) (13, 17) (27, 29) (81, 91) 
(72, 88) (87, 93) (46, 48) (23, 29) (9, 9) (9, 11) (16, 20) (87, 103) (18, 20) (49, 55) (15, 19) (55, 55) (72, 76) (22, 26) (77, 93) (40, 40) (54, 70) (55, 65) (86, 106) (88, 104) 
(29, 31) (64, 86) (59, 59) (19, 25) (4, 4) (46, 58) (86, 108) (34, 44) (47, 51) (36, 36) (90, 92) (70, 88) (16, 18) (33, 43) (4, 4) (56, 58) (41, 47) (46, 46) (17, 17) (66, 66) 
(3, 3) (63, 77) (95, 95) (19, 25) (68, 76) (37, 41) (88, 104) (91, 97) (47, 47) (31, 39) (33, 41) (57, 61) (39, 51) (83, 91) (90, 108) (33, 33) (46, 50) (4, 4) (81, 103) (59, 77) 
(18, 18) (65, 83) (80, 96) (52, 68) (7, 9) (42, 48) (1, 1) (72, 94) (68, 74) (70, 86) (64, 78) (45, 59) (36, 36) (17, 19) (12, 12) (92, 94) (64, 80) (35, 39) (31, 33) (25, 31) 
(40, 52) (71, 89) (12, 12) (37, 49) (71, 81) (83, 83) (67, 81) (42, 46) (93, 101) (45, 47) (28, 32) (51, 61) (75, 83) (30, 38) (55, 57) (42, 56) (2, 2) (58, 68) (37, 45) (75, 99) 
(52, 54) (30, 40) (97, 99) (19, 19) (20, 24) (31, 31) (76, 102) (83, 105) (26, 28) (86, 98) (77, 83) (51, 69) (19, 25) (27, 35) (21, 25) (5, 5) (38, 42) (5, 5) (80, 100) (13, 13) 
(28, 36) (39, 47) (65, 85) (13, 17) (36, 38) (5, 5) (60, 68) (4, 4) (28, 32) (25, 33) (12, 16) (30, 40) (74, 96) (65, 85) (45, 45) (45, 45) (2, 2) (7, 7) (25, 33) (61, 75) 
(94, 96) (10, 12) (5, 5) (19, 21) (44, 54) (14, 18) (45, 55) (9, 11) (14, 16) (59, 67) (94, 100) (9, 9) (87, 89) (56, 72) (11, 13) (90, 100) (19, 19) (14, 18) (47, 61) (8, 10) 
(51, 53) (30, 36) (14, 18) (10, 10) (74, 100) (62, 62) (74, 78) (84, 92) (20, 24) (56, 70) (46, 54) (84, 90) (16, 16) (52, 60) (36, 40) (49, 65) (48, 56) (65, 77) (13, 17) (17, 19) 
(79, 99) (31, 33) (73, 81) (60, 72) (83, 93) (6, 6) (37, 37) (30, 40) (45, 53) (43, 57) (78, 100) (53, 71) (25, 31) (29, 33) (58, 64) (39, 43) (61, 81) (2, 2) (22, 22) (9, 9) 
(29, 35) (20, 20) (77, 77) (61, 79) (22, 24) (73, 91) (44, 58) (64, 86) (32, 36) (52, 58) (79, 103) (45, 53) (42, 50) (70, 90) (6, 6) (69, 69) (61, 79) (93, 105) (83, 87) (41, 49) 
(28, 36) (25, 29) (43, 43) (46, 60) (67, 73) (17, 17) (52, 62) (71, 83) (87, 95) (42, 56) (6, 6) (6, 6) (41, 53) (88, 98) (4, 4) (54, 54) (92, 94) (67, 69) (48, 48) (82, 104) 
(16, 16) (5, 5) (37, 41) (76, 82) (45, 57) (34, 44) (34, 44) (32, 32) (35, 41) (27, 29) (86, 106) (30, 40) (53, 59) (39, 45) (40, 50) (83, 83) (42, 42) (37, 43) (23, 27) (3, 3) 
(70, 84) (1, 1) (11, 11) (75, 99) (18, 24) (42, 46) (84, 100) (71, 83) (8, 10) (82, 102) (10, 10) (31, 31) (59, 65) (56, 74) (41, 47) (74, 82) (19, 25) (13, 13) (23, 29) (67, 77) 
(11, 11) (43, 49) (8, 8) (71, 83) (28, 34) (45, 51) (34, 40) (89, 109) (25, 29) (92, 106) (31, 31) (64, 82) (57, 63) (38, 42) (72, 90) (8, 10) (18, 22) (80, 82) (61, 81) (2, 2) 
(51, 69) (17, 23) (54, 70) (18, 18) (16, 20) (31, 35) (33, 43) (43, 53) (35, 39) (69, 87) (76, 76) (28, 28) (59, 71) (56, 66) (39, 41) (25, 31) (64, 70) (4, 4) (16, 18) (26, 26) 
(46, 62) (77, 101) (64, 74) (86, 100) (62, 76) (81, 105) (49, 59) (26, 34) (13, 15) (13, 15) (66, 76) (44, 54) (10, 10) (83, 89) (79, 97) (65, 69) (15, 19) (2, 2) (2, 2) (17, 23) 
(51, 57) (79, 87) (52, 66) (70, 70) (18, 18) (32, 36) (6, 8) (2, 2) (42, 48) (6, 6) (71, 89) (20, 22) (65, 79) (74, 86) (88, 90) (52, 52) (29, 37) (36, 46) (71, 81) (5, 5) 
(51, 55) (14, 16) (69, 81) (10, 10) (45, 51) (48, 60) (1, 1) (43, 43) (22, 22) (31, 31) (54, 72) (1, 1) (58, 78) (66, 82) (23, 23) (32, 32) (50, 56) (66, 76) (84, 102) (22, 22) 
(21, 21) (45, 57) (56, 56) (35, 43) (32, 32) (16, 18) (34, 40) (21, 21) (39, 45) (80, 82) (50, 62) (27, 31) (11, 11) (74, 82) (38, 42) (59, 73) (57, 57) (90, 94) (5, 5) (34, 42) 
(29, 31) (27, 35) (87, 97) (25, 27) (48, 64) (63, 71) (78, 98) (10, 12) (25, 25) (23, 25) (94, 102) (8, 8) (34, 34) (17, 19) (70, 90) (70, 94) (28, 28) (75, 99) (66, 88) (14, 14) 
(36, 44) (40, 46) (79, 91) (81, 87) (66, 86) (62, 66) (6, 8) (47, 55) (49, 53) (15, 15) (89, 103) (29, 33) (83, 87) (29, 31) (84, 86) (45, 45) (69, 77) (71, 75) (15, 19) (57, 57) 
(3, 3) (30, 34) (85, 99) (85, 109) (68, 88) (75, 91) (36, 38) (40, 42) (4, 4) (56, 68) (16, 16) (32, 40) (4, 4) (26, 26) (25, 31) (2, 2) (14, 18) (35, 39) (81, 105) (25, 27) 
(63, 65) (90, 90) (77, 99) (30, 34) (13, 13) (67, 73) (5, 5) (29, 31) (43, 45) (73, 91) (92, 104) (43, 45) (61, 73) (24, 24) (44, 54) (87, 111) (9, 9) (24, 32) (91, 101) (65, 75) 
(75, 91) (27, 31) (23, 31) (67, 89) (73, 97) (10, 10) (72, 82) (79, 103) (21, 27) (94, 100) (19, 19) (46, 62) (36, 44) (36, 42) (41, 51) (78, 100) (82, 84) (92, 94) (52, 54) (87, 93) 
(68, 84) (52, 60) (37, 43) (63, 83) (12, 16) (70, 78) (68, 82) (54, 56) (84, 96) (7, 9) (8, 10) (59, 59) (56, 64) (24, 30) (1, 1) (17, 17) (6, 6) (40, 42) (39, 43) (10, 10) 
(21, 25) (71, 83) (7, 7) (65, 67) (5, 5) (85, 85) (81, 93) (1, 1) (35, 45) (61, 77) (61, 63) (89, 91) (17, 23) (17, 19) (29, 35) (32, 40) (4, 4) (6, 6) (40, 54) (25, 31) 
(45, 45) (80, 94) (4, 4) (17, 17) (6, 6) (13, 13) (63, 81) (64, 68) (68, 68) (84, 90) (1, 1) (74, 84) (44, 44) (5, 5) (33, 33) (28, 36) (20, 20) (54, 72) (73, 73) (56, 68) 
(81, 81) (3, 3) (13, 13) (38, 46) (20, 24) (32, 32) (76, 90) (51, 61) (24, 32) (94, 98) (34, 34) (40, 44) (21, 23) (84, 88) (41, 49) (75, 83) (6, 8) (43, 43) (25, 29) (35, 47) 
(4, 4) (53, 57) (30, 32) (21, 23) (26, 30) (38, 50) (15, 15) (75, 101) (25, 29) (58, 74) (45, 55) (25, 25) (25, 29) (88, 94) (47, 59) (66, 76) (10, 10) (12, 12) (2, 2) (54, 68) 
(69, 71) (61, 77) (24, 28) (75, 81) (38, 46) (83, 111) (58, 78) (77, 99) (34, 40) (21, 25) (40, 52) (54, 56) (27, 31) (77, 85) (52, 56) (61, 79) (70, 72) (2, 2) (47, 59) (27, 29) 
(39, 39) (53, 59) (78, 96) (18, 24) (9, 9) (81, 83) (41, 47) (56, 70) (8, 10) (48, 52) (33, 35) (51, 65) (18, 18) (85, 89) (39, 45) (70, 86) (87, 109) (27, 33) (40, 52) (21, 21) 
TIEMPOS MAXIMOS DE FIN
(10000, 10000) (10000, 10000) (10000, 10000) (10000, 10000) (10000, 10000) (10000, 10000) (10000, 10000) (10000, 10000) (10000, 10000) (10000, 10000) (10000, 10000) (10000, 10000) (10000, 10000) (10000, 10000) (10000, 10000) (10000, 10000) (10000, 10000) (10000, 10000) (10000, 10000) (10000, 10000) (10000, 10000) (10000, 10000) (10000, 10000) (10000, 10000) (10000, 10000) (10000, 10000) (10000, 10000) (10000, 10000) (10000, 10000) (10000, 10000) (10000, 10000) (10000, 10000) (10000, 10000) (10000, 10000) (10000, 10000) (10000, 10000) (10000, 10000) (10000, 10000) (10000, 10000) (10000, 10000) (10000, 10000) (10000, 10000) (10000, 10000) (10000, 10000) (10000, 10000) (10000, 10000) (10000, 10000) (10000, 10000) (10000, 10000) (10000, 10000) (10000, 10000) (10000, 10000) (10000, 10000) (10000, 10000) (10000, 10000) (10000, 10000) (10000, 10000) (10000, 10000) (10000, 10000) (10000, 10000) (10000, 10000) (10000, 10000) (10000, 10000) (10000, 10000) (10000, 10000) (10000, 10000) (10000, 10000) (10000, 10000) (10000, 10000) (10000, 10000) (10000, 10000) (10000, 10000) (10000, 10000) (10000, 10000) (10000, 10000) (10000, 10000) (10000, 10000) (10000, 10000) (10000, 10000) (10000, 10000) (10000, 10000) (10000, 10000) (10000, 10000) (10000, 10000) (10000, 10000) (10000, 10000) (10000, 10000) (10000, 10000) (10000, 10000) (10000, 10000) (10000, 10000) (10000, 10000) (10000, 10000) (10000, 10000) (10000, 10000) (10000, 10000) (10000, 10000) (10000, 10000) (10000, 10000) (10000, 10000) 
// Desviacion Izda: min(0%), max(15%), promedio(6.33573%)
// Desviacion Dcha: min(0%), max(15%), promedio(6.33573%)
