NUMERO DE TRABAJOS
15
NUMERO DE RECURSOS
15
SECUENCIA DE MAQUINAS
13 12 7 0 5 11 9 10 1 2 3 14 4 6 8 
2 1 8 14 13 0 5 11 9 12 10 7 3 4 6 
0 3 1 7 4 8 14 5 6 2 13 12 9 10 11 
9 11 0 7 12 14 6 1 13 10 4 5 3 2 8 
8 13 5 10 9 14 12 2 3 0 6 11 7 4 1 
12 13 14 9 5 1 6 7 0 3 8 10 4 11 2 
9 0 5 4 12 14 6 1 3 8 13 11 2 10 7 
12 1 9 14 6 10 2 7 4 11 13 5 3 8 0 
6 5 12 4 1 14 9 0 7 8 10 13 2 11 3 
8 3 5 4 1 10 7 9 13 2 0 11 6 12 14 
4 2 1 0 14 10 9 6 11 12 3 8 7 13 5 
8 3 13 14 2 11 5 4 9 12 10 7 1 0 6 
7 1 10 4 0 8 12 6 13 2 3 9 11 14 5 
8 11 3 7 1 12 6 4 10 13 2 5 14 9 0 
5 13 14 6 9 11 7 2 12 8 3 4 10 1 0 
DURACIONES
(52, 52) (19, 19) (6, 6) (17, 23) (1, 1) (25, 27) (83, 97) (38, 50) (27, 27) (17, 19) (51, 51) (70, 90) (9, 11) (48, 54) (35, 47) 
(44, 44) (76, 94) (2, 2) (70, 86) (83, 89) (81, 95) (52, 70) (19, 21) (56, 56) (11, 13) (67, 71) (30, 38) (50, 60) (32, 36) (78, 90) 
(56, 68) (62, 82) (72, 76) (57, 69) (85, 105) (27, 31) (21, 27) (30, 38) (82, 96) (77, 89) (81, 99) (25, 27) (94, 102) (58, 72) (27, 35) 
(9, 11) (13, 17) (90, 96) (68, 90) (71, 83) (56, 66) (1, 1) (44, 52) (22, 22) (25, 29) (19, 23) (17, 17) (45, 45) (90, 102) (11, 11) 
(81, 85) (48, 56) (60, 80) (74, 82) (7, 7) (28, 28) (86, 108) (52, 52) (25, 33) (73, 89) (60, 60) (80, 102) (71, 89) (53, 55) (31, 39) 
(3, 3) (27, 35) (87, 109) (83, 111) (71, 83) (34, 44) (40, 42) (9, 11) (9, 9) (80, 106) (7, 7) (48, 50) (20, 20) (40, 50) (58, 60) 
(26, 30) (82, 104) (4, 4) (45, 57) (57, 77) (5, 5) (16, 20) (49, 55) (41, 53) (19, 23) (49, 49) (63, 63) (96, 96) (73, 97) (90, 90) 
(23, 27) (82, 82) (56, 60) (13, 17) (64, 70) (49, 51) (64, 68) (87, 97) (56, 56) (80, 84) (50, 64) (15, 17) (32, 36) (91, 107) (61, 61) 
(71, 93) (29, 33) (21, 23) (15, 17) (74, 100) (42, 54) (53, 65) (63, 63) (29, 29) (89, 109) (41, 55) (32, 40) (83, 99) (55, 67) (53, 65) 
(28, 28) (22, 28) (69, 69) (62, 68) (58, 66) (55, 59) (83, 111) (28, 34) (13, 17) (22, 28) (75, 91) (97, 99) (54, 56) (58, 74) (31, 31) 
(20, 20) (92, 106) (12, 14) (75, 101) (25, 25) (71, 79) (84, 96) (80, 88) (67, 73) (37, 45) (17, 17) (52, 56) (57, 69) (1, 1) (81, 109) 
(52, 66) (21, 23) (41, 51) (10, 10) (1, 1) (21, 21) (3, 3) (75, 93) (87, 99) (55, 63) (73, 83) (64, 82) (56, 62) (37, 47) (59, 67) 
(68, 76) (72, 88) (12, 12) (53, 59) (20, 24) (8, 8) (85, 101) (24, 30) (17, 17) (35, 41) (23, 29) (48, 54) (41, 45) (69, 91) (82, 106) 
(71, 73) (70, 86) (25, 33) (85, 95) (45, 47) (46, 46) (40, 46) (65, 85) (82, 98) (26, 32) (8, 8) (82, 102) (14, 18) (55, 69) (6, 6) 
(85, 93) (42, 46) (37, 45) (31, 33) (9, 11) (78, 92) (14, 18) (23, 23) (89, 93) (44, 48) (32, 38) (17, 17) (80, 106) (39, 51) (85, 101) 
TIEMPOS MAXIMOS DE FIN
(10000, 10000) (10000, 10000) (10000, 10000) (10000, 10000) (10000, 10000) (10000, 10000) (10000, 10000) (10000, 10000) (10000, 10000) (10000, 10000) (10000, 10000) (10000, 10000) (10000, 10000) (10000, 10000) (10000, 10000) 
// Desviacion Izda: min(0%), max(15%), promedio(6.73638%)
// Desviacion Dcha: min(0%), max(15%), promedio(6.73638%)
