NUMERO DE TRABAJOS
100
NUMERO DE RECURSOS
20
SECUENCIA DE MAQUINAS
3 10 16 19 7 1 12 2 15 5 0 17 9 13 14 18 6 8 11 4 
2 18 9 16 14 0 3 6 5 4 15 12 8 1 10 17 11 19 7 13 
7 2 11 14 0 12 13 3 8 1 18 16 5 17 15 9 4 10 19 6 
1 18 12 6 8 5 19 11 9 3 2 13 17 4 10 0 15 14 7 16 
6 12 8 10 11 19 2 3 4 18 16 5 0 15 13 17 7 9 1 14 
4 7 17 5 16 15 12 11 0 6 19 2 3 18 1 9 14 10 13 8 
3 16 19 6 10 17 4 15 1 0 9 8 2 12 5 18 7 14 11 13 
12 19 5 4 8 15 9 2 16 10 1 13 7 11 17 14 18 3 6 0 
3 4 13 8 19 18 14 5 12 15 10 1 9 6 11 0 17 16 7 2 
13 18 19 17 16 9 6 14 8 0 12 1 11 10 15 3 4 2 5 7 
19 4 17 3 15 18 11 0 10 7 6 14 12 5 8 16 2 13 9 1 
2 10 13 8 11 12 9 4 16 6 15 1 14 19 0 5 3 7 17 18 
7 17 11 4 2 12 15 9 18 16 8 14 10 5 19 0 6 1 13 3 
11 1 6 2 7 17 10 5 16 4 13 19 3 8 0 15 18 12 14 9 
18 7 11 3 9 1 12 4 13 5 14 17 8 2 15 6 0 16 10 19 
4 1 6 18 0 13 3 7 15 5 8 11 12 10 2 19 17 9 16 14 
11 4 10 5 14 8 6 0 9 2 15 19 13 3 1 17 7 18 16 12 
17 3 1 15 13 6 12 19 7 16 11 10 0 4 2 18 5 14 8 9 
14 15 12 19 17 18 10 1 6 13 3 9 4 0 11 16 7 2 8 5 
5 2 4 10 19 0 3 18 1 7 16 12 11 14 9 15 17 13 8 6 
18 1 14 11 19 16 9 17 3 15 0 13 10 7 12 5 6 4 2 8 
10 2 19 6 0 15 18 5 13 14 12 17 7 11 1 16 4 9 8 3 
4 14 17 16 15 3 5 7 11 19 18 9 13 12 2 0 6 8 10 1 
12 8 3 14 18 19 15 6 11 13 16 0 1 10 5 2 17 7 9 4 
8 16 17 12 1 14 2 6 7 3 10 18 13 0 5 19 15 11 9 4 
8 13 9 0 10 19 4 18 17 7 2 15 12 11 3 1 5 14 6 16 
2 1 19 15 8 11 5 16 7 12 0 18 17 13 10 9 14 3 6 4 
13 4 18 11 12 15 3 14 5 8 10 9 0 16 6 1 17 19 2 7 
19 16 17 18 12 3 6 8 15 9 7 4 1 13 5 2 11 14 0 10 
7 5 13 12 9 19 1 0 14 10 17 8 6 15 2 3 11 16 4 18 
18 1 8 5 13 12 7 11 19 4 10 2 16 3 14 0 6 17 9 15 
8 12 17 7 11 14 10 1 5 18 0 9 15 13 3 6 19 16 2 4 
15 13 14 2 10 9 12 19 0 5 8 17 1 16 18 3 11 4 7 6 
18 7 5 15 12 6 4 0 13 11 17 9 8 16 3 10 19 1 2 14 
19 4 7 17 14 3 12 8 6 18 9 10 2 11 1 16 0 13 5 15 
11 4 7 2 15 3 0 8 12 10 5 16 19 6 13 18 17 1 14 9 
17 5 11 10 3 18 6 0 15 13 16 14 19 9 12 7 4 8 2 1 
4 8 18 13 3 7 15 6 0 16 19 12 9 11 17 10 5 2 1 14 
3 8 6 11 12 15 4 17 13 0 16 1 10 14 19 7 18 9 5 2 
10 8 12 3 1 7 15 13 16 18 2 11 17 0 6 4 14 19 5 9 
0 17 18 7 10 2 1 16 13 6 5 11 14 8 4 19 3 9 15 12 
3 2 4 11 16 8 12 9 15 13 14 19 5 7 6 1 17 10 0 18 
6 8 7 5 10 17 12 1 9 14 13 16 15 19 4 11 3 0 18 2 
2 12 16 11 0 14 4 18 8 7 5 13 10 3 9 6 19 1 17 15 
17 18 6 7 0 3 15 8 1 10 9 11 14 2 5 19 16 12 4 13 
12 9 8 17 2 5 14 13 10 19 18 1 3 4 11 0 6 15 16 7 
6 2 13 7 16 9 4 11 12 14 15 8 19 10 18 17 5 1 0 3 
0 10 12 13 6 3 15 4 16 14 9 11 2 18 1 5 7 8 17 19 
3 17 15 13 19 7 12 11 6 18 8 4 0 5 16 9 14 1 2 10 
16 18 10 5 4 8 15 14 3 19 0 6 9 17 12 7 2 11 1 13 
10 7 13 8 6 5 16 2 18 9 3 0 1 15 12 11 19 17 4 14 
1 10 7 4 19 3 5 9 13 6 15 11 17 14 2 18 16 0 8 12 
14 8 5 16 0 19 9 15 18 10 4 1 17 3 11 7 12 2 6 13 
15 2 8 18 13 0 6 9 17 4 3 12 10 19 14 16 11 5 1 7 
0 12 15 1 10 3 4 7 9 6 19 14 17 13 2 18 5 8 16 11 
9 13 15 6 17 10 8 16 1 2 4 0 19 3 5 7 11 14 12 18 
4 1 2 5 18 0 7 8 14 16 13 6 11 12 3 9 15 17 10 19 
4 13 17 5 10 3 2 6 14 0 16 12 9 8 15 19 7 11 1 18 
4 1 3 15 6 18 9 7 19 5 10 14 2 16 13 0 8 11 17 12 
13 0 19 2 5 3 6 16 12 11 17 10 9 15 8 7 14 18 1 4 
0 5 14 11 1 4 12 10 15 19 8 16 2 3 18 17 13 9 6 7 
8 11 6 12 18 4 16 13 0 1 19 17 3 5 2 7 9 10 15 14 
6 2 0 4 14 1 18 3 9 5 11 13 12 19 7 16 15 8 10 17 
1 13 19 2 18 5 7 3 8 12 15 6 4 14 16 9 11 0 10 17 
2 0 1 12 7 3 8 16 14 11 19 9 4 5 6 10 15 17 18 13 
0 15 3 11 17 9 16 10 12 4 7 8 18 1 14 2 13 5 19 6 
10 13 6 14 2 17 15 5 18 8 9 3 4 16 11 7 1 19 12 0 
14 10 17 12 5 4 7 11 13 8 0 2 16 15 18 9 19 3 6 1 
17 6 12 0 16 5 9 4 7 13 11 15 18 8 1 2 3 10 19 14 
9 0 6 14 2 3 12 7 5 16 19 1 10 8 18 11 13 17 4 15 
19 15 12 17 18 14 13 4 1 0 6 2 9 8 11 7 16 3 5 10 
11 13 10 9 2 8 5 4 6 18 17 14 7 12 16 19 3 15 0 1 
8 0 12 10 9 13 1 3 4 17 19 18 15 11 6 5 14 7 2 16 
19 8 5 18 2 14 3 15 12 4 16 0 11 13 7 1 9 6 10 17 
11 16 7 14 15 19 1 13 2 17 9 3 6 4 10 0 5 8 18 12 
11 3 14 0 17 4 15 13 2 8 18 1 12 19 5 10 16 9 6 7 
13 4 18 11 15 0 16 3 19 17 1 8 14 5 12 6 9 2 10 7 
7 13 4 19 0 8 15 5 1 18 16 3 11 9 12 10 17 14 2 6 
8 11 7 18 4 0 6 9 5 13 17 10 15 12 16 2 14 19 3 1 
15 3 8 11 17 16 9 14 6 10 1 4 18 12 13 0 7 19 2 5 
5 7 11 18 10 1 16 13 4 9 6 14 8 19 0 12 2 3 15 17 
11 9 6 8 18 7 1 4 17 10 3 15 12 19 16 2 13 5 14 0 
10 3 4 15 16 1 2 14 7 11 19 13 0 12 6 17 18 8 5 9 
17 5 11 2 13 0 7 12 6 9 4 8 14 16 1 18 19 15 10 3 
4 5 0 18 9 16 19 3 1 2 17 6 8 13 10 11 12 14 7 15 
10 13 5 0 7 16 4 19 9 2 11 17 14 15 18 3 8 1 6 12 
0 4 6 3 15 5 2 10 11 14 13 17 16 8 9 18 19 1 7 12 
15 12 19 13 11 18 4 16 5 17 2 8 7 14 0 9 10 6 1 3 
6 5 15 2 9 4 1 19 17 10 0 11 12 14 7 8 16 3 18 13 
18 7 4 17 16 9 8 3 12 14 6 19 2 15 10 0 1 5 13 11 
10 9 5 1 14 19 0 18 3 7 16 6 4 2 12 13 15 8 11 17 
17 15 16 4 13 1 9 10 11 19 0 5 14 8 12 7 2 3 18 6 
19 11 13 6 4 18 1 12 17 9 3 14 0 8 10 7 5 16 15 2 
7 8 1 15 14 5 3 11 2 19 4 6 18 12 16 17 9 10 13 0 
5 7 4 16 2 19 18 10 0 1 11 8 17 13 14 12 9 3 6 15 
9 5 18 16 7 15 8 0 3 6 12 1 10 14 13 19 17 4 11 2 
15 8 9 17 1 14 3 12 5 16 6 11 10 4 13 18 7 2 0 19 
12 0 10 11 2 9 7 5 16 13 6 15 3 8 14 19 18 1 17 4 
14 15 8 16 5 11 12 0 9 3 18 17 13 6 4 19 1 10 7 2 
7 18 0 14 12 17 8 10 16 4 19 13 2 15 6 3 1 9 11 5 
DURACIONES
(1, 1) (29, 35) (14, 16) (15, 15) (67, 77) (36, 46) (42, 56) (17, 17) (11, 13) (34, 44) (60, 72) (58, 70) (10, 10) (21, 27) (58, 62) (69, 83) (67, 77) (44, 50) (85, 113) (79, 105) 
(25, 31) (60, 64) (62, 66) (95, 95) (84, 104) (85, 87) (84, 90) (11, 11) (42, 50) (63, 65) (74, 98) (69, 83) (10, 12) (29, 35) (44, 44) (30, 32) (72, 82) (88, 110) (14, 18) (97, 97) 
(71, 85) (25, 31) (2, 2) (3, 3) (83, 93) (63, 75) (34, 34) (89, 109) (33, 33) (60, 80) (17, 19) (22, 22) (37, 45) (20, 20) (20, 22) (40, 48) (65, 67) (18, 18) (64, 82) (77, 83) 
(19, 21) (21, 23) (74, 78) (40, 46) (51, 69) (87, 95) (75, 101) (26, 26) (11, 13) (7, 9) (60, 70) (37, 41) (45, 53) (71, 95) (27, 33) (74, 82) (19, 23) (84, 108) (6, 6) (51, 61) 
(49, 63) (49, 55) (73, 73) (19, 21) (65, 87) (69, 77) (18, 24) (18, 24) (39, 41) (61, 77) (19, 19) (92, 94) (79, 105) (66, 82) (77, 99) (72, 76) (88, 102) (43, 43) (44, 56) (69, 85) 
(78, 80) (53, 61) (61, 79) (31, 37) (28, 28) (28, 28) (82, 86) (39, 41) (6, 6) (52, 54) (36, 48) (88, 110) (7, 7) (17, 19) (21, 25) (12, 12) (83, 91) (79, 93) (13, 13) (64, 68) 
(63, 71) (2, 2) (67, 71) (85, 89) (52, 60) (20, 24) (23, 25) (60, 74) (51, 69) (7, 7) (2, 2) (62, 80) (58, 68) (62, 64) (95, 103) (69, 89) (73, 95) (7, 7) (94, 100) (75, 93) 
(17, 21) (86, 110) (65, 65) (54, 58) (20, 22) (70, 92) (87, 95) (52, 52) (74, 98) (60, 68) (2, 2) (6, 6) (81, 81) (77, 85) (5, 5) (77, 91) (80, 96) (64, 76) (66, 86) (71, 73) 
(63, 83) (71, 75) (24, 24) (24, 28) (20, 24) (47, 59) (87, 101) (75, 87) (24, 26) (49, 65) (44, 50) (86, 86) (79, 79) (86, 98) (44, 46) (15, 19) (3, 3) (11, 13) (60, 60) (54, 66) 
(58, 74) (64, 78) (66, 72) (73, 81) (86, 104) (29, 31) (41, 49) (45, 47) (31, 39) (33, 33) (95, 95) (18, 22) (26, 34) (43, 57) (87, 97) (91, 103) (99, 99) (2, 2) (2, 2) (22, 26) 
(87, 95) (78, 92) (16, 16) (80, 102) (38, 42) (57, 61) (60, 68) (29, 31) (56, 68) (94, 94) (63, 71) (75, 75) (19, 25) (44, 48) (86, 108) (35, 45) (9, 9) (37, 39) (7, 7) (93, 95) 
(95, 103) (79, 85) (82, 106) (17, 23) (40, 42) (75, 95) (19, 23) (72, 88) (48, 58) (46, 54) (72, 74) (34, 40) (78, 100) (60, 60) (30, 30) (5, 5) (9, 11) (12, 12) (34, 46) (27, 31) 
(33, 35) (26, 28) (64, 86) (68, 80) (70, 94) (8, 10) (73, 77) (85, 89) (75, 87) (12, 12) (12, 12) (23, 29) (16, 20) (78, 100) (84, 84) (85, 89) (12, 16) (88, 98) (18, 22) (78, 84) 
(86, 100) (41, 55) (57, 65) (57, 57) (79, 99) (61, 63) (51, 51) (83, 95) (40, 46) (9, 9) (67, 79) (21, 27) (15, 19) (71, 75) (11, 13) (70, 82) (67, 77) (11, 11) (30, 38) (75, 75) 
(6, 8) (60, 64) (2, 2) (24, 32) (69, 77) (52, 62) (46, 56) (69, 81) (85, 87) (22, 28) (98, 98) (61, 65) (41, 41) (58, 70) (21, 27) (59, 65) (37, 43) (19, 23) (30, 38) (42, 46) 
(71, 71) (43, 45) (63, 69) (87, 99) (60, 62) (66, 66) (36, 48) (48, 54) (30, 34) (49, 55) (29, 33) (28, 32) (60, 66) (26, 32) (86, 94) (72, 78) (80, 108) (8, 10) (39, 41) (21, 23) 
(13, 15) (44, 48) (9, 11) (52, 52) (7, 7) (1, 1) (13, 13) (71, 83) (35, 39) (63, 63) (33, 41) (54, 64) (33, 33) (28, 32) (74, 82) (35, 41) (73, 81) (11, 13) (46, 46) (33, 33) 
(65, 79) (61, 81) (80, 88) (9, 11) (90, 100) (22, 26) (17, 19) (48, 64) (3, 3) (46, 52) (70, 84) (17, 21) (69, 71) (22, 26) (44, 56) (17, 21) (51, 69) (40, 50) (66, 88) (6, 6) 
(10, 12) (17, 23) (12, 12) (54, 68) (95, 103) (28, 30) (34, 42) (71, 81) (48, 48) (51, 61) (92, 104) (73, 87) (45, 59) (26, 34) (22, 24) (55, 63) (61, 71) (4, 4) (40, 46) (24, 28) 
(68, 92) (68, 74) (48, 52) (63, 75) (25, 29) (49, 59) (4, 4) (58, 62) (83, 103) (1, 1) (65, 87) (10, 12) (87, 89) (77, 97) (41, 43) (70, 76) (83, 91) (36, 44) (14, 16) (64, 80) 
(72, 86) (4, 4) (7, 9) (64, 66) (63, 81) (70, 70) (64, 74) (89, 109) (1, 1) (73, 73) (57, 57) (50, 54) (74, 86) (80, 90) (57, 59) (7, 9) (31, 31) (83, 99) (86, 92) (54, 66) 
(81, 95) (35, 43) (70, 70) (57, 73) (77, 79) (8, 10) (58, 72) (52, 56) (90, 102) (13, 15) (43, 49) (49, 53) (62, 66) (53, 57) (52, 60) (6, 6) (2, 2) (15, 15) (46, 60) (20, 20) 
(50, 64) (37, 41) (76, 80) (61, 81) (88, 94) (49, 65) (65, 81) (31, 41) (70, 92) (80, 104) (59, 59) (7, 9) (23, 25) (41, 55) (76, 100) (68, 70) (42, 56) (51, 59) (7, 7) (79, 85) 
(31, 31) (49, 63) (85, 109) (88, 108) (18, 18) (48, 62) (69, 69) (33, 33) (67, 79) (4, 4) (40, 48) (95, 99) (65, 87) (21, 21) (36, 42) (68, 78) (82, 88) (28, 32) (57, 73) (13, 17) 
(2, 2) (65, 87) (81, 107) (57, 67) (26, 30) (91, 91) (35, 39) (55, 69) (44, 54) (31, 37) (71, 71) (62, 68) (52, 60) (77, 79) (10, 10) (47, 57) (39, 47) (85, 99) (29, 39) (55, 61) 
(25, 31) (71, 87) (39, 41) (44, 44) (29, 37) (2, 2) (73, 97) (53, 53) (19, 19) (61, 81) (14, 18) (8, 8) (36, 40) (51, 53) (92, 104) (30, 30) (13, 17) (5, 5) (14, 18) (82, 94) 
(87, 91) (36, 36) (2, 2) (37, 47) (64, 84) (81, 97) (66, 72) (12, 14) (13, 15) (82, 84) (40, 52) (75, 81) (64, 74) (46, 50) (62, 66) (59, 69) (2, 2) (32, 36) (35, 41) (35, 45) 
(27, 33) (91, 93) (45, 51) (90, 96) (68, 80) (68, 74) (78, 92) (23, 27) (94, 102) (66, 76) (1, 1) (72, 94) (7, 9) (68, 78) (42, 46) (24, 28) (35, 41) (61, 75) (8, 10) (59, 67) 
(42, 48) (69, 85) (10, 12) (46, 52) (53, 55) (88, 98) (42, 42) (39, 47) (51, 63) (15, 19) (61, 61) (8, 10) (65, 65) (30, 34) (24, 32) (53, 53) (54, 72) (15, 19) (61, 71) (65, 67) 
(55, 59) (4, 4) (27, 33) (29, 37) (93, 105) (4, 4) (46, 56) (39, 45) (70, 82) (44, 44) (16, 16) (89, 91) (80, 98) (80, 102) (57, 65) (75, 87) (85, 87) (86, 98) (7, 7) (6, 8) 
(31, 35) (54, 62) (21, 23) (20, 24) (63, 63) (7, 7) (22, 22) (76, 80) (72, 96) (94, 96) (75, 91) (7, 7) (57, 75) (32, 38) (8, 10) (28, 30) (38, 48) (76, 100) (92, 98) (6, 8) 
(87, 89) (45, 59) (18, 18) (41, 51) (8, 8) (5, 5) (70, 82) (18, 22) (17, 21) (61, 81) (29, 31) (20, 24) (57, 57) (47, 59) (89, 93) (63, 73) (8, 8) (43, 51) (69, 93) (31, 35) 
(43, 53) (47, 59) (33, 35) (55, 67) (20, 26) (11, 11) (5, 5) (81, 81) (26, 34) (23, 27) (12, 14) (60, 76) (9, 9) (37, 39) (6, 6) (99, 99) (17, 19) (17, 21) (51, 55) (75, 87) 
(47, 53) (3, 3) (56, 66) (76, 100) (89, 107) (54, 58) (86, 98) (82, 92) (29, 39) (25, 33) (84, 94) (72, 88) (86, 106) (25, 27) (36, 46) (93, 101) (64, 68) (49, 49) (17, 21) (30, 36) 
(59, 59) (65, 67) (25, 27) (8, 8) (40, 42) (59, 67) (69, 69) (58, 70) (55, 61) (2, 2) (84, 100) (25, 27) (13, 13) (36, 44) (77, 99) (29, 39) (8, 8) (44, 46) (81, 107) (67, 77) 
(40, 52) (88, 102) (31, 41) (25, 27) (69, 89) (67, 85) (37, 37) (65, 81) (37, 45) (85, 103) (82, 82) (31, 41) (41, 55) (91, 101) (65, 81) (79, 79) (30, 30) (13, 17) (87, 87) (30, 38) 
(30, 30) (16, 18) (88, 100) (77, 87) (38, 50) (69, 87) (87, 107) (95, 103) (77, 87) (74, 100) (55, 57) (80, 94) (39, 45) (50, 54) (77, 97) (15, 15) (1, 1) (2, 2) (87, 93) (70, 72) 
(38, 42) (13, 13) (6, 6) (41, 45) (46, 46) (73, 95) (63, 69) (14, 14) (66, 66) (14, 18) (83, 105) (63, 63) (16, 16) (31, 41) (35, 45) (42, 56) (51, 55) (32, 36) (60, 60) (7, 9) 
(1, 1) (36, 44) (53, 65) (76, 90) (59, 79) (71, 81) (36, 40) (44, 48) (58, 72) (56, 74) (52, 70) (63, 83) (2, 2) (58, 68) (17, 23) (71, 77) (45, 45) (40, 40) (70, 82) (70, 70) 
(34, 40) (4, 4) (31, 35) (79, 81) (38, 44) (65, 83) (67, 67) (24, 30) (74, 92) (2, 2) (49, 55) (52, 54) (59, 59) (27, 27) (15, 15) (38, 50) (44, 46) (17, 17) (54, 56) (52, 66) 
(10, 10) (8, 10) (17, 21) (56, 64) (84, 92) (80, 96) (27, 31) (53, 67) (46, 50) (83, 87) (87, 91) (45, 49) (98, 98) (15, 17) (9, 9) (93, 103) (45, 59) (86, 104) (44, 54) (89, 103) 
(74, 80) (84, 108) (64, 76) (19, 19) (38, 42) (89, 105) (11, 13) (58, 68) (74, 90) (6, 8) (71, 81) (85, 101) (77, 95) (72, 92) (44, 48) (17, 21) (43, 51) (77, 103) (45, 45) (11, 11) 
(58, 76) (40, 44) (15, 19) (54, 56) (59, 59) (48, 52) (54, 62) (77, 101) (81, 99) (47, 51) (83, 89) (18, 22) (38, 44) (17, 21) (48, 58) (88, 100) (85, 89) (63, 63) (50, 56) (21, 21) 
(18, 22) (62, 78) (19, 21) (67, 75) (35, 43) (33, 37) (17, 21) (84, 96) (53, 67) (21, 27) (76, 78) (51, 67) (52, 58) (17, 17) (32, 38) (73, 81) (84, 102) (31, 35) (51, 69) (15, 17) 
(47, 59) (43, 49) (12, 12) (18, 24) (17, 23) (19, 25) (25, 29) (36, 40) (39, 47) (62, 70) (34, 42) (91, 105) (53, 57) (40, 42) (88, 110) (16, 18) (83, 99) (73, 73) (23, 25) (51, 67) 
(5, 5) (72, 92) (31, 33) (25, 31) (43, 43) (46, 54) (83, 87) (56, 60) (13, 13) (44, 56) (18, 22) (46, 56) (16, 18) (54, 54) (15, 17) (20, 20) (91, 105) (45, 45) (79, 95) (54, 58) 
(65, 83) (7, 9) (17, 23) (55, 71) (93, 93) (20, 24) (85, 89) (63, 69) (8, 10) (4, 4) (7, 7) (30, 30) (84, 100) (33, 39) (65, 71) (77, 79) (6, 6) (48, 48) (73, 97) (26, 26) 
(41, 47) (4, 4) (14, 18) (69, 75) (66, 74) (46, 58) (82, 88) (71, 87) (68, 90) (70, 82) (60, 68) (70, 72) (83, 83) (36, 38) (81, 87) (11, 11) (22, 22) (24, 32) (2, 2) (55, 59) 
(77, 95) (42, 48) (12, 14) (3, 3) (23, 25) (46, 48) (30, 30) (18, 20) (15, 19) (24, 26) (81, 103) (73, 77) (92, 100) (23, 25) (15, 17) (73, 75) (58, 76) (64, 76) (42, 42) (83, 97) 
(44, 50) (6, 6) (17, 21) (33, 43) (11, 13) (80, 106) (49, 61) (59, 67) (40, 42) (14, 14) (3, 3) (10, 12) (65, 87) (29, 35) (83, 83) (29, 37) (2, 2) (73, 79) (65, 81) (23, 31) 
(58, 58) (2, 2) (73, 81) (70, 74) (90, 106) (58, 62) (37, 39) (43, 45) (62, 72) (1, 1) (52, 62) (44, 52) (35, 39) (88, 90) (74, 88) (70, 88) (81, 81) (29, 37) (19, 25) (32, 34) 
(26, 26) (14, 16) (15, 19) (9, 9) (85, 97) (39, 41) (17, 19) (6, 6) (45, 53) (90, 90) (10, 12) (68, 68) (26, 26) (57, 77) (12, 16) (86, 102) (79, 91) (90, 102) (10, 12) (86, 108) 
(14, 16) (3, 3) (51, 51) (13, 17) (63, 75) (11, 13) (22, 24) (31, 35) (65, 67) (22, 26) (40, 48) (73, 83) (48, 48) (50, 50) (80, 98) (6, 6) (52, 64) (18, 22) (5, 5) (61, 77) 
(61, 63) (49, 55) (18, 20) (92, 92) (35, 45) (1, 1) (87, 107) (53, 59) (73, 75) (42, 50) (31, 35) (30, 36) (27, 29) (82, 86) (49, 53) (22, 28) (58, 60) (87, 93) (33, 43) (59, 59) 
(61, 67) (36, 38) (2, 2) (9, 9) (6, 6) (30, 38) (1, 1) (39, 45) (87, 97) (60, 62) (46, 50) (54, 68) (60, 64) (10, 12) (69, 87) (28, 30) (40, 40) (13, 17) (59, 63) (38, 40) 
(76, 86) (8, 10) (4, 4) (59, 75) (31, 39) (80, 98) (6, 8) (1, 1) (47, 63) (3, 3) (11, 11) (30, 40) (58, 74) (19, 19) (28, 28) (59, 79) (20, 24) (3, 3) (39, 45) (56, 56) 
(86, 96) (26, 26) (5, 5) (93, 103) (10, 10) (66, 78) (75, 81) (74, 88) (11, 11) (51, 51) (57, 69) (70, 90) (25, 33) (63, 63) (63, 69) (78, 82) (3, 3) (67, 69) (50, 50) (16, 16) 
(95, 95) (38, 48) (70, 70) (11, 13) (64, 82) (10, 10) (83, 93) (81, 89) (43, 43) (50, 64) (63, 77) (15, 15) (12, 14) (49, 59) (93, 99) (93, 105) (18, 18) (58, 70) (75, 95) (53, 53) 
(47, 49) (15, 17) (52, 60) (8, 10) (57, 75) (73, 93) (25, 27) (38, 42) (26, 30) (68, 78) (69, 89) (47, 47) (81, 83) (51, 67) (62, 66) (32, 42) (73, 85) (25, 29) (6, 6) (97, 101) 
(87, 111) (31, 35) (77, 93) (24, 30) (89, 97) (3, 3) (50, 62) (11, 11) (77, 85) (41, 43) (10, 10) (67, 79) (23, 31) (52, 66) (17, 19) (1, 1) (55, 69) (54, 56) (52, 66) (51, 69) 
(6, 6) (60, 74) (38, 46) (38, 40) (12, 16) (34, 44) (43, 55) (12, 12) (88, 94) (64, 70) (84, 98) (60, 78) (38, 38) (13, 13) (40, 40) (36, 42) (4, 4) (53, 57) (2, 2) (83, 87) 
(79, 87) (13, 17) (16, 20) (8, 10) (86, 88) (58, 74) (22, 26) (2, 2) (81, 99) (52, 56) (25, 31) (87, 87) (49, 51) (76, 76) (53, 65) (28, 28) (48, 58) (79, 79) (8, 10) (31, 31) 
(64, 78) (86, 98) (38, 38) (6, 6) (80, 92) (17, 17) (21, 23) (86, 90) (73, 87) (4, 4) (12, 14) (82, 82) (39, 49) (69, 73) (7, 7) (35, 37) (43, 43) (10, 10) (59, 71) (18, 24) 
(42, 56) (46, 54) (54, 66) (55, 71) (50, 52) (55, 69) (4, 4) (82, 90) (23, 31) (29, 35) (31, 33) (62, 70) (4, 4) (4, 4) (20, 26) (92, 106) (94, 104) (73, 83) (2, 2) (35, 41) 
(40, 54) (75, 77) (6, 8) (56, 68) (31, 33) (59, 69) (24, 32) (41, 49) (65, 65) (84, 98) (31, 41) (39, 49) (75, 85) (5, 5) (6, 8) (17, 23) (47, 61) (75, 99) (77, 93) (5, 5) 
(2, 2) (76, 80) (76, 80) (38, 40) (93, 95) (84, 104) (83, 83) (45, 47) (94, 100) (18, 20) (64, 64) (92, 100) (20, 24) (42, 52) (30, 34) (70, 72) (84, 102) (89, 95) (13, 13) (9, 9) 
(50, 52) (47, 49) (52, 68) (88, 110) (52, 54) (35, 35) (18, 20) (76, 80) (58, 72) (64, 80) (71, 73) (59, 61) (86, 98) (14, 16) (61, 61) (25, 33) (87, 111) (70, 78) (53, 53) (11, 11) 
(39, 43) (54, 54) (17, 17) (80, 102) (44, 52) (77, 83) (84, 106) (76, 92) (12, 14) (80, 102) (41, 47) (80, 82) (68, 80) (44, 44) (30, 34) (8, 10) (4, 4) (12, 14) (54, 66) (83, 83) 
(12, 14) (4, 4) (23, 23) (73, 95) (40, 42) (69, 77) (70, 84) (22, 24) (16, 16) (48, 64) (19, 19) (55, 71) (62, 82) (32, 38) (57, 67) (43, 47) (45, 55) (89, 89) (37, 39) (68, 84) 
(15, 19) (98, 98) (19, 25) (79, 93) (29, 35) (85, 99) (2, 2) (26, 28) (45, 59) (41, 41) (10, 12) (41, 51) (86, 108) (39, 51) (89, 95) (54, 56) (57, 59) (84, 106) (55, 61) (17, 23) 
(52, 52) (84, 96) (37, 37) (63, 63) (25, 25) (2, 2) (45, 55) (53, 53) (57, 77) (20, 22) (82, 90) (83, 97) (30, 32) (59, 59) (40, 50) (5, 5) (66, 84) (90, 96) (24, 32) (8, 8) 
(16, 18) (89, 91) (77, 83) (79, 101) (63, 81) (30, 32) (6, 6) (75, 95) (27, 33) (52, 68) (61, 77) (84, 98) (23, 31) (28, 30) (19, 23) (32, 40) (12, 14) (73, 75) (56, 64) (11, 11) 
(73, 75) (70, 90) (87, 99) (88, 94) (54, 66) (7, 9) (85, 107) (61, 61) (63, 83) (25, 29) (62, 62) (71, 85) (43, 47) (74, 80) (60, 64) (77, 89) (23, 27) (67, 75) (10, 12) (57, 59) 
(84, 112) (30, 34) (87, 107) (23, 29) (16, 16) (57, 73) (16, 16) (93, 101) (5, 5) (4, 4) (87, 103) (10, 10) (75, 101) (31, 39) (74, 80) (34, 38) (43, 45) (65, 87) (66, 84) (12, 16) 
(4, 4) (43, 51) (68, 74) (29, 35) (19, 21) (47, 61) (78, 96) (52, 66) (5, 5) (9, 11) (42, 44) (13, 13) (22, 26) (7, 9) (24, 30) (29, 37) (49, 63) (12, 14) (33, 33) (35, 35) 
(17, 17) (17, 21) (64, 78) (90, 92) (20, 26) (24, 26) (41, 49) (61, 77) (78, 94) (81, 101) (86, 104) (34, 38) (9, 9) (24, 26) (47, 49) (87, 111) (74, 100) (50, 54) (19, 19) (60, 74) 
(63, 81) (16, 20) (89, 93) (62, 76) (12, 14) (41, 45) (68, 92) (63, 63) (40, 42) (78, 86) (18, 22) (28, 34) (76, 90) (53, 57) (87, 91) (5, 5) (63, 73) (36, 40) (69, 93) (37, 45) 
(49, 57) (55, 71) (33, 37) (62, 76) (30, 32) (37, 41) (19, 23) (91, 103) (31, 31) (10, 12) (70, 82) (25, 33) (77, 99) (58, 78) (86, 106) (74, 84) (35, 39) (9, 9) (68, 92) (85, 91) 
(99, 99) (7, 9) (83, 85) (70, 70) (39, 51) (88, 94) (9, 11) (83, 111) (80, 108) (68, 78) (31, 35) (17, 23) (72, 84) (39, 47) (30, 38) (92, 92) (34, 44) (34, 38) (48, 50) (66, 80) 
(17, 21) (15, 17) (68, 70) (82, 110) (41, 45) (8, 8) (64, 76) (8, 10) (17, 19) (35, 47) (78, 100) (38, 42) (88, 88) (88, 90) (66, 68) (58, 58) (34, 44) (44, 44) (31, 35) (17, 17) 
(31, 39) (65, 87) (17, 21) (56, 58) (74, 90) (94, 104) (10, 12) (34, 44) (30, 32) (24, 26) (57, 73) (2, 2) (77, 77) (70, 70) (64, 72) (23, 27) (67, 81) (46, 46) (27, 35) (27, 35) 
(43, 47) (55, 67) (50, 58) (65, 79) (31, 39) (63, 73) (89, 89) (19, 19) (59, 79) (10, 10) (70, 78) (48, 64) (64, 64) (10, 12) (12, 12) (42, 42) (86, 98) (82, 82) (55, 65) (18, 20) 
(22, 24) (67, 79) (24, 28) (4, 4) (24, 26) (6, 6) (31, 35) (29, 29) (10, 12) (78, 86) (28, 30) (48, 58) (71, 95) (56, 66) (26, 26) (68, 90) (83, 111) (82, 104) (28, 36) (61, 61) 
(62, 76) (79, 93) (37, 49) (10, 12) (24, 26) (67, 85) (57, 57) (33, 35) (58, 70) (31, 35) (66, 70) (79, 101) (60, 66) (35, 41) (43, 45) (45, 59) (8, 10) (50, 56) (6, 8) (69, 85) 
(47, 61) (57, 67) (36, 48) (57, 69) (82, 92) (91, 105) (84, 104) (65, 75) (25, 27) (12, 16) (4, 4) (82, 88) (38, 50) (62, 80) (20, 22) (36, 38) (26, 34) (46, 46) (2, 2) (76, 76) 
(13, 13) (6, 8) (18, 20) (4, 4) (35, 43) (55, 59) (47, 57) (91, 105) (27, 27) (54, 54) (67, 87) (73, 91) (62, 70) (92, 100) (41, 45) (72, 84) (3, 3) (12, 12) (57, 65) (60, 74) 
(51, 51) (48, 50) (75, 77) (26, 34) (18, 24) (88, 108) (22, 22) (64, 64) (42, 48) (13, 15) (1, 1) (72, 86) (68, 70) (14, 14) (62, 80) (77, 77) (66, 82) (65, 65) (54, 60) (58, 68) 
(16, 16) (8, 10) (30, 30) (55, 69) (22, 24) (44, 50) (30, 32) (21, 23) (49, 61) (99, 99) (49, 51) (37, 47) (17, 19) (43, 55) (68, 76) (53, 59) (46, 62) (89, 101) (62, 76) (86, 100) 
(34, 34) (87, 93) (83, 89) (45, 45) (5, 5) (98, 100) (74, 84) (84, 106) (81, 109) (82, 82) (83, 107) (37, 49) (33, 35) (86, 104) (49, 55) (43, 49) (64, 68) (12, 14) (42, 44) (43, 51) 
(66, 78) (3, 3) (72, 78) (31, 33) (47, 55) (53, 61) (60, 64) (48, 54) (2, 2) (97, 99) (63, 63) (57, 63) (90, 96) (49, 63) (53, 53) (83, 97) (86, 100) (41, 53) (68, 88) (28, 34) 
(13, 13) (85, 89) (24, 28) (72, 74) (33, 41) (64, 66) (30, 38) (67, 87) (43, 49) (29, 37) (74, 82) (50, 52) (5, 5) (73, 73) (36, 46) (67, 75) (70, 78) (42, 46) (47, 49) (51, 53) 
(18, 22) (37, 43) (27, 29) (53, 63) (32, 32) (66, 80) (66, 86) (81, 87) (27, 35) (36, 40) (86, 98) (12, 14) (39, 45) (67, 85) (46, 62) (4, 4) (65, 87) (7, 7) (37, 43) (24, 32) 
(32, 42) (77, 81) (68, 72) (42, 56) (36, 44) (23, 27) (45, 57) (59, 73) (27, 27) (93, 95) (36, 38) (34, 36) (25, 31) (79, 91) (79, 89) (32, 42) (42, 52) (51, 55) (74, 90) (84, 88) 
(82, 94) (87, 107) (91, 107) (81, 81) (45, 51) (3, 3) (60, 74) (62, 62) (40, 42) (50, 56) (67, 69) (64, 76) (44, 52) (96, 100) (36, 36) (29, 29) (36, 40) (1, 1) (12, 14) (74, 92) 
(26, 26) (81, 83) (50, 66) (12, 14) (84, 100) (31, 39) (47, 63) (77, 99) (32, 32) (69, 81) (81, 89) (94, 102) (10, 12) (38, 40) (74, 74) (59, 63) (54, 60) (59, 59) (62, 64) (46, 60) 
(69, 71) (24, 32) (97, 97) (73, 89) (54, 54) (59, 61) (64, 78) (14, 16) (87, 87) (23, 27) (85, 103) (34, 44) (20, 20) (74, 74) (47, 51) (79, 85) (46, 48) (56, 68) (5, 5) (23, 25) 
(6, 6) (7, 9) (52, 52) (37, 45) (29, 37) (50, 54) (27, 29) (59, 63) (79, 93) (76, 100) (65, 67) (12, 14) (60, 68) (82, 106) (9, 11) (9, 9) (74, 84) (54, 58) (11, 13) (69, 79) 
(68, 72) (94, 104) (89, 109) (25, 25) (6, 8) (38, 48) (85, 91) (67, 83) (63, 85) (38, 50) (39, 49) (72, 88) (38, 44) (64, 84) (56, 58) (78, 90) (19, 19) (26, 28) (22, 28) (77, 79) 
(57, 71) (83, 93) (44, 46) (51, 57) (42, 50) (47, 59) (7, 7) (94, 98) (35, 39) (82, 102) (10, 12) (36, 40) (67, 71) (82, 104) (89, 91) (28, 28) (45, 53) (70, 86) (85, 107) (40, 50) 
(37, 49) (86, 86) (13, 17) (1, 1) (46, 56) (7, 7) (86, 104) (77, 83) (91, 103) (3, 3) (74, 74) (93, 101) (70, 70) (88, 90) (61, 67) (86, 108) (36, 44) (32, 32) (49, 55) (61, 67) 
TIEMPOS MAXIMOS DE FIN
(10000, 10000) (10000, 10000) (10000, 10000) (10000, 10000) (10000, 10000) (10000, 10000) (10000, 10000) (10000, 10000) (10000, 10000) (10000, 10000) (10000, 10000) (10000, 10000) (10000, 10000) (10000, 10000) (10000, 10000) (10000, 10000) (10000, 10000) (10000, 10000) (10000, 10000) (10000, 10000) (10000, 10000) (10000, 10000) (10000, 10000) (10000, 10000) (10000, 10000) (10000, 10000) (10000, 10000) (10000, 10000) (10000, 10000) (10000, 10000) (10000, 10000) (10000, 10000) (10000, 10000) (10000, 10000) (10000, 10000) (10000, 10000) (10000, 10000) (10000, 10000) (10000, 10000) (10000, 10000) (10000, 10000) (10000, 10000) (10000, 10000) (10000, 10000) (10000, 10000) (10000, 10000) (10000, 10000) (10000, 10000) (10000, 10000) (10000, 10000) (10000, 10000) (10000, 10000) (10000, 10000) (10000, 10000) (10000, 10000) (10000, 10000) (10000, 10000) (10000, 10000) (10000, 10000) (10000, 10000) (10000, 10000) (10000, 10000) (10000, 10000) (10000, 10000) (10000, 10000) (10000, 10000) (10000, 10000) (10000, 10000) (10000, 10000) (10000, 10000) (10000, 10000) (10000, 10000) (10000, 10000) (10000, 10000) (10000, 10000) (10000, 10000) (10000, 10000) (10000, 10000) (10000, 10000) (10000, 10000) (10000, 10000) (10000, 10000) (10000, 10000) (10000, 10000) (10000, 10000) (10000, 10000) (10000, 10000) (10000, 10000) (10000, 10000) (10000, 10000) (10000, 10000) (10000, 10000) (10000, 10000) (10000, 10000) (10000, 10000) (10000, 10000) (10000, 10000) (10000, 10000) (10000, 10000) (10000, 10000) 
// Desviacion Izda: min(0%), max(15%), promedio(6.33853%)
// Desviacion Dcha: min(0%), max(15%), promedio(6.33853%)
