NUMERO DE TRABAJOS
15
NUMERO DE RECURSOS
15
SECUENCIA DE MAQUINAS
6 12 4 7 3 2 10 11 8 14 9 13 5 0 1 
4 5 7 14 13 8 11 9 6 10 0 3 12 1 2 
1 8 9 12 6 11 13 5 0 2 7 10 4 3 14 
5 2 9 6 10 0 13 4 7 14 11 8 12 1 3 
7 8 6 10 4 9 2 14 12 5 1 13 11 0 3 
5 3 12 13 11 4 14 7 2 1 10 0 9 6 8 
12 3 7 8 14 6 1 11 4 5 2 10 0 13 9 
11 5 0 7 12 13 14 1 2 8 4 3 9 6 10 
10 11 6 14 0 1 2 5 12 4 8 7 9 13 3 
6 11 9 2 8 0 13 3 10 7 1 12 14 4 5 
4 7 13 0 5 12 6 8 14 10 3 1 11 9 2 
2 14 0 12 6 10 7 5 8 9 13 1 3 11 4 
5 8 10 2 3 6 9 0 13 4 1 11 12 7 14 
8 14 4 13 5 6 9 1 12 7 11 10 3 2 0 
10 8 12 6 4 1 13 14 11 0 7 3 2 9 5 
DURACIONES
(93, 95) (66, 66) (9, 11) (51, 55) (24, 28) (13, 17) (65, 65) (75, 89) (10, 10) (23, 31) (82, 104) (87, 97) (82, 110) (70, 70) (74, 92) 
(66, 82) (30, 32) (81, 95) (44, 58) (53, 61) (77, 79) (7, 9) (7, 7) (81, 101) (72, 86) (17, 19) (48, 54) (16, 20) (85, 113) (32, 34) 
(4, 4) (74, 90) (36, 44) (79, 93) (44, 56) (47, 61) (19, 23) (6, 6) (50, 58) (61, 75) (77, 87) (19, 21) (35, 43) (30, 40) (60, 76) 
(63, 83) (22, 24) (26, 34) (28, 32) (49, 57) (85, 103) (57, 59) (86, 100) (30, 34) (91, 91) (30, 30) (53, 59) (25, 29) (90, 94) (8, 10) 
(67, 89) (22, 24) (20, 22) (59, 61) (32, 40) (29, 29) (82, 108) (90, 108) (79, 79) (67, 85) (83, 103) (41, 43) (47, 57) (36, 48) (85, 107) 
(25, 33) (56, 66) (75, 101) (68, 72) (15, 17) (30, 32) (56, 74) (79, 87) (76, 80) (26, 26) (44, 56) (84, 90) (57, 67) (12, 16) (27, 33) 
(16, 20) (65, 85) (19, 21) (4, 4) (80, 102) (61, 75) (19, 19) (54, 54) (85, 85) (63, 83) (43, 43) (22, 26) (37, 37) (83, 91) (57, 75) 
(31, 33) (51, 53) (9, 9) (46, 52) (61, 61) (34, 36) (87, 111) (56, 68) (6, 6) (59, 65) (6, 8) (80, 80) (3, 3) (50, 64) (6, 8) 
(80, 90) (27, 33) (82, 110) (80, 102) (12, 14) (87, 87) (82, 82) (74, 92) (68, 88) (50, 62) (78, 92) (7, 9) (59, 73) (87, 89) (13, 17) 
(5, 5) (59, 59) (29, 31) (56, 64) (39, 43) (15, 19) (60, 72) (76, 102) (67, 89) (79, 97) (68, 70) (44, 46) (72, 92) (6, 6) (13, 13) 
(87, 93) (25, 29) (1, 1) (7, 9) (78, 104) (78, 82) (85, 93) (46, 52) (31, 33) (27, 29) (82, 98) (92, 94) (6, 6) (34, 36) (66, 80) 
(40, 54) (37, 49) (72, 78) (7, 9) (51, 51) (3, 3) (82, 86) (30, 38) (26, 30) (55, 65) (64, 74) (40, 50) (63, 71) (52, 64) (81, 93) 
(61, 69) (56, 68) (92, 102) (19, 21) (28, 34) (31, 35) (30, 36) (70, 84) (50, 50) (72, 88) (42, 54) (85, 95) (71, 79) (83, 109) (38, 50) 
(28, 28) (19, 23) (45, 57) (71, 79) (17, 17) (88, 90) (55, 63) (48, 64) (57, 69) (16, 20) (17, 17) (27, 33) (14, 18) (6, 8) (34, 36) 
(55, 59) (15, 17) (40, 44) (30, 38) (34, 40) (23, 29) (66, 70) (71, 75) (5, 5) (8, 8) (11, 13) (84, 90) (71, 95) (17, 23) (88, 106) 
TIEMPOS MAXIMOS DE FIN
(10000, 10000) (10000, 10000) (10000, 10000) (10000, 10000) (10000, 10000) (10000, 10000) (10000, 10000) (10000, 10000) (10000, 10000) (10000, 10000) (10000, 10000) (10000, 10000) (10000, 10000) (10000, 10000) (10000, 10000) 
// Desviacion Izda: min(0%), max(15%), promedio(7.11993%)
// Desviacion Dcha: min(0%), max(15%), promedio(7.11993%)
