NUMERO DE TRABAJOS
100
NUMERO DE RECURSOS
20
SECUENCIA DE MAQUINAS
1 0 11 9 19 8 6 14 17 13 15 7 10 2 5 18 4 12 16 3 
15 1 14 9 17 11 12 3 10 7 13 19 8 16 6 0 2 18 4 5 
14 9 2 0 3 6 18 8 16 19 7 12 5 4 10 15 1 13 11 17 
4 9 11 8 1 18 13 16 7 12 15 10 17 14 2 5 3 19 6 0 
17 9 18 14 2 0 10 7 16 11 6 4 19 8 12 13 15 1 3 5 
8 11 4 7 9 16 18 15 17 19 5 6 3 2 13 12 10 0 14 1 
11 1 16 3 10 0 5 6 17 18 15 7 19 13 4 12 2 14 9 8 
13 14 17 2 5 16 3 6 9 15 18 7 4 11 10 8 0 1 19 12 
11 9 7 16 10 18 13 12 17 6 0 4 15 5 2 1 19 8 3 14 
0 10 7 13 19 9 2 11 15 14 8 12 17 5 18 3 4 1 16 6 
17 2 15 8 12 9 18 16 13 7 6 19 5 1 3 10 4 0 11 14 
8 2 1 18 4 11 10 17 14 9 19 13 6 5 0 16 12 3 15 7 
2 12 16 5 9 14 18 10 1 7 17 4 13 8 6 0 3 15 19 11 
10 8 19 2 1 17 12 18 13 14 15 4 3 11 9 6 5 0 16 7 
18 15 19 9 7 1 12 3 2 11 17 16 10 0 5 4 13 6 8 14 
4 8 3 7 18 16 11 13 10 5 15 17 19 9 2 1 0 14 6 12 
7 1 17 0 3 14 15 18 8 13 19 2 6 16 9 12 11 4 5 10 
8 15 7 19 18 17 16 6 11 10 3 12 9 0 5 14 1 4 2 13 
19 7 17 6 1 4 0 8 3 11 9 12 10 2 15 14 16 5 13 18 
11 8 16 19 2 10 0 9 14 17 1 3 18 13 12 5 6 4 7 15 
5 11 18 2 10 15 16 8 12 1 0 14 19 4 7 6 13 17 3 9 
1 12 13 14 9 8 7 5 17 0 15 10 18 6 11 4 16 3 2 19 
13 2 14 17 6 10 11 0 4 7 5 18 16 19 1 15 8 9 3 12 
14 15 1 11 7 13 17 12 9 3 10 6 16 18 5 8 0 2 19 4 
15 12 3 13 18 5 14 19 17 1 7 16 9 2 11 0 10 4 8 6 
3 9 19 17 15 2 10 16 12 11 7 14 18 8 1 13 5 4 6 0 
12 18 8 10 9 13 19 16 4 1 3 15 11 5 14 6 0 7 2 17 
0 10 11 5 16 15 7 3 18 4 13 1 6 2 12 9 17 8 19 14 
9 7 0 3 4 15 13 17 2 6 10 19 11 5 12 1 14 8 18 16 
8 3 4 7 11 6 18 14 16 19 2 1 12 15 10 13 5 17 0 9 
11 14 1 15 2 10 4 16 3 9 5 12 18 7 17 8 19 0 6 13 
13 8 18 19 6 9 5 1 16 11 0 2 4 14 15 12 10 3 7 17 
0 14 6 19 1 3 16 18 10 2 9 8 11 15 7 4 5 13 17 12 
2 3 17 14 5 18 1 0 8 16 7 12 19 11 9 15 4 10 6 13 
18 9 16 3 2 11 4 5 0 12 10 15 6 8 14 7 17 19 1 13 
18 5 7 10 12 19 16 17 11 3 8 4 0 14 15 9 6 2 13 1 
17 7 12 4 15 6 18 5 2 16 11 19 8 10 3 1 13 9 0 14 
10 6 18 4 9 16 14 2 7 13 11 19 1 8 5 3 12 17 0 15 
3 1 18 5 17 4 2 10 7 14 19 0 13 12 16 9 15 11 6 8 
14 4 1 12 10 3 19 7 9 8 11 18 5 2 13 6 0 17 15 16 
11 3 1 0 7 12 16 19 14 4 15 5 10 2 17 9 13 8 18 6 
8 10 17 13 4 19 6 2 3 5 1 14 11 7 18 15 16 0 9 12 
10 15 9 7 16 13 8 5 2 17 0 12 14 19 6 18 1 4 11 3 
18 3 11 9 10 0 12 7 6 4 2 1 14 17 13 8 19 5 16 15 
10 12 17 1 11 9 15 6 19 2 16 18 14 13 5 7 3 8 4 0 
5 16 11 8 17 4 10 6 3 14 2 7 12 9 15 1 13 0 19 18 
10 11 1 16 0 3 7 19 14 17 9 4 18 8 15 12 13 5 6 2 
15 10 16 11 8 0 19 5 17 7 14 12 3 1 13 9 18 2 4 6 
19 2 9 12 6 11 5 16 10 15 8 7 4 13 3 1 18 17 0 14 
14 4 12 16 0 9 17 2 7 6 19 1 5 3 11 13 10 8 18 15 
7 0 9 13 4 11 2 10 19 1 14 3 8 5 6 12 15 18 16 17 
16 7 5 10 9 13 1 3 14 15 8 12 18 0 19 11 2 17 4 6 
11 3 14 2 6 9 7 19 8 15 10 12 13 18 5 16 1 0 17 4 
8 10 3 16 0 6 9 11 7 1 19 17 14 4 2 13 18 5 15 12 
19 11 7 12 3 16 14 6 8 10 15 0 9 13 18 17 5 4 1 2 
10 14 15 12 1 8 9 18 11 2 17 5 6 19 3 4 13 7 16 0 
3 8 13 12 18 15 4 7 6 16 5 9 19 2 10 11 14 0 1 17 
1 3 2 7 15 0 6 5 12 4 16 9 11 17 8 18 14 19 13 10 
15 18 8 5 3 4 10 14 16 7 2 19 9 13 12 0 11 6 1 17 
1 3 9 6 0 16 18 4 10 15 14 19 8 12 11 2 5 17 7 13 
17 3 19 13 12 1 6 16 9 10 7 18 11 8 5 2 15 0 4 14 
2 4 5 0 7 3 16 11 6 8 18 10 17 12 1 14 15 13 19 9 
14 5 8 3 11 15 4 13 16 1 7 12 19 9 6 2 10 0 17 18 
18 0 11 2 1 4 15 16 17 3 10 5 19 9 8 14 6 12 7 13 
9 0 15 13 12 18 14 6 10 7 16 1 11 5 8 2 19 4 17 3 
13 7 11 2 4 10 6 19 8 0 17 1 18 14 3 9 15 12 16 5 
7 9 12 11 3 2 18 13 10 1 14 16 8 6 0 4 17 5 19 15 
13 16 1 19 14 11 15 4 18 5 10 0 9 7 2 12 6 8 3 17 
15 10 12 13 5 17 2 6 11 0 3 1 7 19 8 14 16 4 9 18 
11 4 15 8 13 14 2 3 7 10 6 0 5 12 9 16 17 19 1 18 
10 9 11 19 12 7 18 6 8 14 16 0 2 3 1 5 15 17 13 4 
10 18 15 19 3 1 16 2 5 13 14 12 0 7 8 11 17 9 6 4 
18 10 2 6 7 1 4 5 0 17 15 3 11 9 14 16 12 13 8 19 
14 18 19 11 6 16 10 15 5 1 13 8 3 12 17 7 9 2 0 4 
1 14 2 18 6 3 0 4 11 12 19 13 17 16 8 5 9 7 15 10 
16 1 11 17 12 9 14 0 6 18 7 3 13 19 5 4 15 8 2 10 
4 3 0 8 12 2 16 18 14 17 15 6 5 11 10 13 19 7 9 1 
13 9 1 12 11 18 6 8 7 2 16 5 19 3 10 0 15 4 14 17 
11 19 0 12 5 18 10 17 9 2 3 6 7 16 1 13 14 4 15 8 
6 13 7 19 1 14 15 3 17 11 2 12 9 8 0 10 18 4 5 16 
4 7 13 9 5 6 0 15 17 14 10 19 11 2 16 8 18 1 3 12 
12 18 3 13 7 10 4 6 9 8 2 5 11 19 16 17 1 14 15 0 
18 15 11 7 10 14 6 16 3 2 0 4 13 9 1 8 19 5 12 17 
7 18 6 4 1 9 19 17 16 2 15 5 13 8 3 14 0 12 11 10 
7 0 11 14 9 2 10 3 4 1 13 8 17 16 15 19 5 18 6 12 
13 14 11 7 19 1 6 15 18 4 8 5 10 3 16 12 17 9 0 2 
2 6 10 8 11 15 13 5 19 18 7 12 9 1 14 3 0 17 16 4 
15 7 14 0 12 3 6 19 13 9 11 10 5 2 18 17 1 8 16 4 
19 4 15 13 11 7 0 3 14 6 12 17 2 16 18 1 5 9 10 8 
4 0 11 10 15 8 9 16 7 6 2 19 14 12 5 1 3 18 13 17 
1 2 10 4 7 14 9 11 19 18 8 5 12 0 16 3 15 17 13 6 
7 18 2 15 10 11 13 17 9 19 14 1 4 6 16 5 8 12 0 3 
7 8 14 15 1 10 16 3 13 0 6 2 5 17 9 4 19 18 11 12 
12 17 5 18 16 1 7 2 0 10 11 3 14 9 19 13 15 4 6 8 
17 10 19 4 3 8 1 5 14 12 9 2 13 18 11 16 6 0 7 15 
5 11 1 6 16 14 9 15 13 3 18 7 0 2 19 17 10 4 12 8 
1 3 13 17 14 19 11 6 8 10 16 12 15 7 0 9 18 5 2 4 
2 3 13 4 17 14 12 19 18 15 9 11 5 10 8 0 1 7 16 6 
12 14 11 5 1 6 16 9 18 13 0 10 17 3 15 4 7 19 2 8 
1 11 14 0 18 13 4 19 5 12 7 16 17 15 8 2 3 6 9 10 
DURACIONES
(81, 101) (18, 22) (58, 62) (13, 13) (48, 60) (33, 43) (66, 72) (57, 75) (68, 88) (29, 35) (43, 51) (78, 84) (82, 110) (67, 71) (67, 81) (84, 98) (68, 78) (57, 77) (76, 102) (72, 90) 
(62, 66) (47, 51) (88, 88) (15, 19) (30, 30) (75, 79) (94, 100) (5, 5) (78, 96) (97, 101) (19, 25) (38, 46) (45, 55) (24, 30) (19, 19) (54, 56) (72, 82) (70, 86) (17, 23) (56, 56) 
(56, 68) (55, 69) (5, 5) (68, 76) (88, 104) (25, 25) (51, 63) (4, 4) (35, 37) (2, 2) (44, 58) (12, 14) (77, 83) (75, 89) (48, 50) (91, 101) (24, 30) (25, 25) (82, 84) (36, 48) 
(81, 87) (30, 32) (2, 2) (30, 32) (15, 15) (59, 67) (17, 21) (37, 39) (64, 86) (34, 36) (46, 58) (32, 42) (84, 98) (32, 36) (6, 8) (54, 72) (6, 8) (11, 11) (42, 48) (59, 77) 
(14, 16) (65, 85) (82, 94) (47, 47) (58, 64) (78, 104) (7, 7) (24, 32) (7, 9) (94, 98) (4, 4) (81, 101) (21, 23) (60, 60) (47, 63) (20, 24) (32, 40) (36, 38) (40, 46) (13, 13) 
(2, 2) (36, 46) (25, 31) (89, 91) (13, 15) (62, 80) (65, 77) (62, 64) (90, 90) (43, 45) (84, 90) (70, 74) (27, 35) (51, 63) (40, 44) (1, 1) (6, 6) (70, 78) (25, 29) (84, 88) 
(63, 67) (51, 61) (73, 81) (29, 31) (23, 25) (57, 61) (13, 13) (43, 51) (51, 61) (48, 54) (49, 61) (10, 12) (69, 79) (74, 96) (43, 49) (14, 14) (55, 59) (7, 9) (31, 41) (16, 18) 
(39, 41) (24, 30) (62, 78) (43, 55) (96, 98) (8, 8) (19, 21) (10, 12) (75, 81) (47, 47) (59, 79) (55, 61) (35, 35) (19, 21) (48, 56) (5, 5) (51, 61) (62, 74) (38, 50) (73, 75) 
(12, 14) (46, 48) (69, 69) (22, 26) (80, 98) (85, 109) (48, 54) (38, 44) (27, 31) (60, 78) (56, 64) (50, 50) (83, 83) (60, 68) (83, 89) (84, 108) (54, 62) (57, 57) (54, 66) (41, 53) 
(21, 25) (38, 42) (79, 89) (70, 84) (58, 62) (49, 57) (47, 49) (51, 65) (14, 14) (16, 16) (18, 22) (69, 89) (75, 101) (24, 26) (27, 31) (68, 68) (3, 3) (77, 93) (47, 51) (6, 6) 
(13, 15) (40, 42) (10, 12) (34, 38) (60, 64) (77, 87) (52, 58) (71, 85) (39, 39) (93, 105) (93, 93) (63, 83) (88, 98) (81, 101) (32, 40) (11, 11) (75, 81) (67, 73) (69, 71) (60, 64) 
(81, 87) (12, 16) (33, 43) (35, 37) (59, 77) (15, 17) (84, 100) (37, 45) (4, 4) (43, 51) (49, 51) (80, 96) (81, 103) (29, 29) (23, 23) (17, 21) (10, 10) (8, 10) (22, 26) (71, 77) 
(89, 97) (7, 9) (32, 38) (10, 12) (76, 88) (2, 2) (40, 42) (33, 35) (21, 23) (98, 98) (69, 75) (59, 75) (87, 109) (17, 21) (16, 16) (7, 7) (70, 94) (63, 71) (22, 26) (51, 55) 
(77, 91) (6, 6) (63, 83) (93, 105) (68, 70) (69, 85) (25, 25) (39, 39) (25, 29) (8, 8) (65, 69) (35, 41) (53, 71) (7, 9) (34, 36) (39, 49) (42, 48) (52, 60) (46, 46) (31, 39) 
(26, 26) (72, 94) (13, 13) (32, 42) (67, 75) (22, 26) (18, 22) (42, 48) (33, 33) (41, 55) (75, 75) (15, 15) (29, 29) (13, 17) (38, 50) (52, 58) (1, 1) (20, 22) (59, 75) (24, 30) 
(92, 104) (22, 22) (94, 100) (9, 9) (52, 58) (88, 92) (51, 51) (26, 34) (45, 51) (43, 51) (45, 51) (73, 83) (19, 21) (14, 14) (18, 24) (93, 101) (66, 72) (22, 28) (49, 61) (51, 53) 
(42, 46) (47, 55) (7, 7) (52, 66) (48, 48) (83, 89) (29, 31) (92, 106) (48, 54) (47, 47) (1, 1) (14, 18) (68, 82) (29, 29) (60, 68) (61, 69) (85, 103) (78, 88) (52, 70) (36, 36) 
(23, 23) (22, 26) (51, 69) (56, 62) (69, 85) (41, 45) (18, 22) (93, 105) (24, 32) (61, 69) (78, 92) (19, 25) (93, 95) (56, 68) (21, 27) (50, 62) (65, 85) (10, 12) (41, 55) (23, 29) 
(77, 99) (62, 62) (67, 83) (79, 87) (68, 74) (29, 35) (6, 6) (83, 95) (44, 44) (27, 33) (10, 10) (32, 38) (68, 88) (34, 46) (46, 50) (76, 88) (71, 83) (68, 78) (18, 20) (74, 98) 
(88, 96) (72, 80) (49, 57) (79, 91) (42, 50) (41, 43) (30, 38) (74, 96) (47, 59) (20, 20) (22, 26) (15, 15) (25, 27) (11, 11) (25, 31) (90, 102) (44, 54) (6, 8) (29, 37) (80, 84) 
(27, 35) (10, 10) (18, 20) (75, 91) (10, 10) (77, 77) (91, 99) (53, 61) (46, 52) (66, 68) (29, 39) (21, 21) (24, 30) (42, 44) (51, 61) (86, 100) (41, 53) (80, 80) (24, 32) (77, 79) 
(47, 63) (41, 51) (32, 34) (44, 48) (46, 54) (22, 26) (63, 69) (29, 31) (85, 91) (24, 28) (77, 81) (28, 36) (65, 69) (21, 27) (19, 21) (65, 69) (4, 4) (7, 9) (4, 4) (30, 32) 
(13, 17) (27, 33) (82, 110) (43, 57) (64, 82) (42, 42) (50, 62) (63, 71) (14, 18) (32, 42) (28, 28) (12, 16) (12, 12) (16, 18) (12, 12) (89, 89) (79, 101) (81, 103) (83, 101) (41, 43) 
(85, 111) (2, 2) (61, 61) (9, 9) (44, 52) (63, 75) (64, 66) (7, 9) (79, 85) (58, 70) (56, 66) (5, 5) (21, 21) (90, 104) (55, 71) (74, 96) (16, 20) (34, 44) (84, 98) (60, 68) 
(70, 70) (48, 54) (79, 99) (68, 84) (70, 84) (6, 6) (22, 22) (28, 30) (5, 5) (33, 39) (53, 55) (30, 32) (6, 6) (79, 95) (76, 92) (3, 3) (5, 5) (81, 95) (30, 40) (84, 94) 
(50, 62) (71, 89) (14, 14) (28, 28) (12, 16) (6, 6) (6, 6) (68, 90) (83, 85) (23, 23) (65, 87) (33, 43) (26, 30) (93, 103) (96, 100) (36, 40) (57, 57) (24, 30) (54, 70) (88, 100) 
(90, 94) (26, 26) (22, 26) (16, 20) (27, 33) (11, 11) (54, 70) (36, 40) (52, 52) (3, 3) (74, 98) (17, 17) (2, 2) (46, 54) (84, 90) (10, 10) (34, 40) (40, 44) (28, 32) (5, 5) 
(43, 53) (80, 98) (98, 100) (46, 52) (52, 56) (53, 61) (31, 33) (79, 93) (68, 82) (61, 67) (92, 106) (51, 69) (63, 79) (48, 56) (71, 77) (17, 19) (12, 14) (53, 65) (23, 29) (55, 63) 
(25, 27) (34, 42) (89, 107) (27, 31) (28, 30) (50, 56) (49, 51) (6, 8) (72, 90) (67, 89) (85, 85) (24, 28) (27, 27) (48, 56) (6, 8) (93, 95) (74, 98) (47, 61) (47, 55) (17, 17) 
(92, 98) (23, 27) (62, 80) (15, 17) (58, 70) (22, 24) (71, 83) (29, 29) (89, 91) (54, 56) (75, 91) (16, 20) (39, 45) (72, 84) (33, 33) (12, 12) (28, 28) (85, 109) (57, 65) (7, 7) 
(1, 1) (51, 57) (38, 46) (78, 78) (15, 15) (69, 73) (68, 70) (9, 11) (67, 67) (24, 30) (82, 82) (51, 67) (85, 101) (76, 98) (52, 58) (54, 68) (61, 79) (57, 59) (75, 97) (7, 7) 
(36, 48) (70, 72) (84, 104) (71, 75) (54, 62) (20, 24) (36, 48) (12, 14) (54, 58) (67, 81) (12, 12) (23, 29) (68, 72) (85, 97) (66, 70) (1, 1) (2, 2) (11, 13) (78, 104) (50, 56) 
(60, 74) (2, 2) (60, 76) (86, 92) (4, 4) (75, 91) (54, 72) (57, 59) (46, 46) (53, 71) (91, 107) (78, 102) (80, 102) (9, 9) (80, 86) (15, 15) (76, 90) (41, 53) (90, 100) (39, 45) 
(81, 93) (25, 29) (6, 8) (30, 36) (89, 95) (49, 55) (78, 86) (25, 33) (77, 99) (20, 22) (41, 49) (55, 67) (33, 35) (47, 59) (25, 27) (22, 24) (68, 70) (63, 83) (77, 97) (53, 53) 
(45, 47) (48, 54) (56, 58) (86, 90) (66, 76) (10, 10) (8, 10) (43, 47) (82, 98) (15, 17) (53, 57) (82, 100) (57, 73) (31, 41) (19, 19) (69, 71) (80, 104) (15, 17) (65, 87) (1, 1) 
(40, 46) (40, 52) (60, 66) (53, 71) (64, 80) (12, 12) (87, 109) (49, 57) (52, 62) (67, 67) (39, 51) (78, 102) (79, 87) (32, 40) (54, 54) (83, 87) (25, 33) (6, 6) (36, 36) (29, 35) 
(28, 28) (62, 68) (7, 7) (47, 53) (1, 1) (53, 69) (49, 63) (19, 23) (38, 40) (54, 60) (37, 49) (33, 35) (53, 61) (37, 41) (21, 23) (71, 89) (86, 90) (64, 68) (89, 91) (19, 21) 
(10, 10) (2, 2) (11, 11) (82, 82) (48, 64) (74, 82) (73, 77) (40, 40) (29, 39) (37, 47) (51, 51) (17, 17) (53, 71) (29, 35) (75, 101) (67, 73) (47, 53) (78, 78) (36, 42) (89, 107) 
(7, 9) (24, 28) (10, 12) (27, 31) (93, 105) (9, 9) (51, 65) (51, 69) (45, 59) (31, 41) (13, 15) (40, 54) (67, 73) (10, 10) (1, 1) (66, 66) (47, 55) (95, 97) (37, 45) (68, 78) 
(74, 76) (83, 95) (81, 103) (16, 16) (47, 57) (88, 108) (20, 22) (49, 51) (61, 61) (22, 22) (78, 78) (44, 58) (68, 72) (40, 42) (39, 39) (17, 21) (89, 93) (53, 71) (40, 52) (37, 41) 
(50, 54) (83, 99) (22, 26) (2, 2) (38, 48) (35, 39) (11, 11) (54, 56) (49, 53) (27, 27) (26, 30) (90, 92) (43, 47) (67, 89) (26, 32) (59, 73) (81, 93) (83, 89) (14, 18) (18, 22) 
(2, 2) (26, 28) (76, 84) (10, 12) (17, 21) (55, 65) (52, 64) (14, 18) (32, 36) (62, 74) (79, 99) (73, 93) (5, 5) (41, 45) (62, 78) (9, 11) (56, 74) (70, 70) (12, 12) (21, 27) 
(90, 102) (74, 98) (47, 49) (73, 75) (10, 10) (4, 4) (51, 59) (47, 59) (50, 62) (1, 1) (50, 54) (50, 54) (78, 94) (6, 6) (61, 69) (50, 66) (71, 89) (90, 102) (38, 38) (93, 95) 
(63, 73) (23, 23) (46, 54) (71, 89) (80, 86) (67, 75) (30, 36) (46, 50) (24, 32) (56, 64) (67, 85) (16, 20) (32, 32) (56, 74) (32, 34) (96, 100) (25, 31) (87, 97) (85, 105) (11, 11) 
(64, 84) (75, 83) (35, 45) (50, 56) (24, 24) (26, 34) (45, 59) (23, 29) (84, 96) (50, 56) (46, 54) (85, 97) (62, 78) (83, 97) (30, 32) (34, 36) (59, 73) (84, 96) (1, 1) (19, 23) 
(45, 45) (16, 18) (69, 93) (85, 109) (76, 86) (59, 75) (82, 82) (22, 26) (26, 28) (50, 54) (59, 59) (48, 62) (67, 81) (23, 27) (54, 62) (62, 62) (28, 30) (88, 88) (90, 104) (80, 80) 
(1, 1) (22, 26) (11, 11) (78, 98) (68, 86) (55, 73) (23, 31) (13, 13) (47, 57) (48, 50) (18, 20) (56, 68) (10, 10) (42, 42) (89, 105) (44, 54) (73, 79) (58, 60) (36, 36) (37, 49) 
(90, 94) (76, 88) (18, 24) (67, 73) (83, 95) (23, 29) (23, 25) (1, 1) (20, 24) (11, 13) (6, 6) (31, 37) (83, 93) (28, 28) (54, 54) (8, 8) (72, 76) (39, 43) (1, 1) (74, 74) 
(25, 33) (7, 7) (69, 87) (84, 96) (68, 88) (89, 99) (7, 7) (52, 54) (7, 9) (79, 105) (18, 18) (52, 66) (57, 61) (92, 100) (49, 55) (64, 74) (64, 64) (66, 86) (75, 89) (36, 36) 
(17, 19) (60, 68) (75, 97) (71, 93) (6, 6) (2, 2) (72, 92) (40, 52) (20, 24) (13, 13) (89, 95) (37, 39) (62, 82) (39, 51) (60, 72) (48, 48) (9, 11) (90, 98) (74, 92) (5, 5) 
(23, 31) (30, 30) (94, 104) (70, 74) (16, 18) (66, 72) (57, 61) (3, 3) (91, 95) (4, 4) (28, 32) (17, 19) (33, 39) (62, 68) (92, 94) (34, 40) (9, 11) (45, 45) (12, 16) (84, 112) 
(9, 9) (66, 66) (32, 34) (30, 40) (25, 25) (41, 47) (13, 13) (7, 9) (43, 51) (80, 80) (91, 107) (23, 23) (59, 59) (2, 2) (77, 101) (14, 18) (28, 32) (42, 48) (3, 3) (51, 59) 
(68, 80) (6, 8) (3, 3) (91, 101) (9, 9) (38, 50) (14, 16) (14, 18) (94, 102) (18, 20) (8, 8) (1, 1) (78, 96) (8, 10) (45, 51) (76, 76) (26, 26) (57, 69) (46, 58) (11, 13) 
(80, 100) (39, 39) (54, 62) (27, 33) (35, 35) (70, 90) (62, 76) (7, 7) (69, 71) (48, 56) (81, 95) (49, 63) (8, 8) (12, 12) (4, 4) (46, 50) (50, 64) (33, 35) (68, 72) (12, 14) 
(91, 91) (37, 41) (82, 90) (45, 49) (54, 68) (18, 20) (68, 76) (62, 64) (42, 46) (85, 105) (50, 54) (55, 67) (6, 8) (91, 97) (77, 77) (52, 64) (11, 11) (20, 22) (51, 57) (74, 86) 
(12, 16) (55, 69) (12, 14) (73, 95) (13, 17) (19, 19) (61, 79) (28, 36) (56, 58) (38, 38) (77, 103) (33, 41) (29, 33) (64, 64) (19, 21) (12, 12) (9, 9) (73, 77) (82, 98) (15, 15) 
(44, 52) (13, 13) (5, 5) (13, 13) (18, 20) (76, 98) (70, 90) (6, 6) (54, 54) (39, 43) (55, 57) (10, 10) (64, 64) (25, 27) (33, 33) (10, 12) (20, 20) (29, 35) (21, 27) (26, 28) 
(62, 68) (85, 93) (39, 39) (67, 87) (16, 20) (42, 42) (39, 51) (75, 91) (53, 55) (59, 67) (80, 84) (45, 55) (8, 10) (72, 72) (45, 47) (48, 54) (34, 38) (24, 30) (8, 10) (42, 54) 
(33, 35) (82, 88) (2, 2) (27, 31) (16, 18) (52, 68) (69, 69) (55, 55) (29, 39) (12, 12) (15, 19) (55, 65) (1, 1) (59, 67) (61, 63) (12, 16) (71, 81) (2, 2) (77, 93) (8, 10) 
(13, 13) (39, 49) (96, 100) (16, 16) (62, 64) (31, 31) (67, 79) (65, 85) (27, 35) (43, 49) (75, 95) (78, 80) (59, 75) (6, 6) (22, 28) (36, 44) (36, 42) (16, 16) (52, 68) (56, 72) 
(20, 26) (94, 94) (53, 57) (24, 26) (86, 100) (26, 34) (95, 95) (55, 57) (1, 1) (3, 3) (77, 77) (1, 1) (48, 56) (51, 53) (21, 21) (5, 5) (1, 1) (9, 9) (20, 26) (70, 86) 
(9, 11) (67, 69) (49, 63) (65, 79) (57, 69) (77, 83) (82, 100) (80, 80) (22, 22) (70, 70) (35, 43) (38, 38) (52, 62) (79, 79) (54, 66) (19, 19) (85, 105) (33, 37) (40, 42) (3, 3) 
(51, 59) (49, 51) (2, 2) (65, 73) (43, 45) (18, 20) (63, 77) (71, 71) (48, 58) (95, 101) (63, 67) (4, 4) (45, 47) (93, 95) (47, 49) (79, 93) (6, 6) (29, 39) (83, 111) (41, 49) 
(77, 93) (34, 42) (26, 28) (83, 103) (77, 85) (15, 19) (12, 16) (74, 82) (83, 95) (78, 102) (90, 104) (92, 102) (12, 12) (26, 30) (62, 82) (91, 95) (16, 20) (82, 98) (51, 55) (21, 25) 
(71, 95) (10, 12) (93, 95) (41, 47) (69, 91) (83, 105) (23, 25) (59, 71) (19, 25) (65, 83) (54, 70) (53, 63) (84, 88) (48, 50) (92, 96) (29, 29) (67, 83) (13, 13) (26, 26) (79, 85) 
(29, 33) (76, 76) (9, 9) (15, 17) (25, 31) (80, 96) (96, 98) (39, 47) (14, 14) (85, 93) (37, 39) (65, 67) (61, 63) (7, 9) (36, 46) (79, 83) (38, 38) (15, 17) (26, 26) (14, 18) 
(45, 57) (1, 1) (79, 81) (62, 64) (1, 1) (57, 65) (91, 105) (58, 58) (40, 54) (13, 17) (79, 87) (16, 16) (50, 50) (34, 38) (13, 13) (44, 48) (85, 109) (80, 94) (3, 3) (48, 52) 
(87, 109) (59, 71) (19, 25) (27, 35) (36, 40) (45, 45) (66, 78) (71, 73) (34, 40) (54, 72) (33, 41) (45, 55) (6, 6) (30, 30) (10, 12) (33, 35) (40, 52) (33, 35) (35, 39) (74, 90) 
(30, 32) (19, 19) (26, 34) (79, 81) (21, 27) (64, 84) (61, 73) (36, 42) (33, 37) (71, 87) (42, 42) (24, 24) (41, 49) (5, 5) (12, 14) (44, 44) (82, 104) (31, 35) (30, 38) (26, 30) 
(19, 19) (4, 4) (45, 59) (82, 82) (36, 48) (63, 79) (17, 21) (40, 54) (17, 17) (66, 68) (38, 38) (20, 26) (74, 84) (82, 108) (21, 21) (52, 60) (19, 19) (52, 52) (25, 25) (61, 75) 
(58, 58) (32, 42) (44, 48) (4, 4) (70, 76) (79, 93) (8, 8) (51, 51) (41, 51) (34, 42) (32, 34) (29, 39) (85, 93) (82, 98) (73, 73) (78, 84) (32, 42) (44, 56) (77, 83) (55, 71) 
(67, 81) (23, 29) (66, 84) (37, 43) (25, 33) (75, 83) (74, 92) (36, 44) (30, 40) (52, 54) (54, 60) (99, 99) (57, 57) (83, 105) (92, 106) (52, 54) (85, 101) (65, 85) (26, 32) (79, 79) 
(34, 44) (20, 22) (51, 51) (84, 100) (88, 96) (35, 37) (71, 75) (49, 57) (57, 67) (92, 102) (55, 69) (17, 17) (68, 92) (27, 31) (78, 94) (77, 101) (26, 26) (25, 33) (9, 9) (80, 86) 
(81, 97) (86, 90) (8, 10) (56, 70) (61, 67) (79, 91) (92, 98) (74, 100) (39, 49) (13, 17) (21, 25) (10, 10) (83, 103) (63, 71) (60, 78) (12, 14) (30, 40) (61, 81) (50, 52) (84, 96) 
(49, 57) (64, 80) (43, 55) (10, 12) (46, 58) (53, 69) (36, 36) (99, 99) (48, 50) (71, 95) (9, 11) (32, 32) (35, 43) (37, 41) (78, 94) (12, 14) (49, 59) (81, 101) (6, 6) (47, 55) 
(72, 82) (57, 61) (79, 87) (49, 51) (77, 99) (7, 9) (9, 9) (57, 59) (40, 50) (22, 28) (10, 12) (34, 34) (61, 75) (30, 40) (25, 27) (41, 55) (1, 1) (48, 48) (12, 12) (53, 59) 
(22, 26) (53, 67) (18, 22) (16, 16) (64, 66) (61, 71) (45, 49) (37, 49) (57, 69) (8, 10) (12, 16) (67, 73) (41, 51) (31, 33) (51, 57) (16, 18) (80, 90) (6, 6) (12, 12) (10, 12) 
(82, 96) (17, 21) (22, 28) (53, 71) (65, 79) (20, 22) (31, 33) (53, 59) (52, 70) (23, 23) (33, 33) (60, 72) (64, 66) (10, 10) (23, 31) (38, 40) (41, 51) (27, 35) (20, 26) (23, 25) 
(14, 16) (86, 112) (13, 15) (31, 35) (71, 91) (39, 39) (43, 55) (90, 102) (30, 32) (56, 68) (34, 46) (50, 58) (53, 53) (78, 104) (83, 91) (36, 36) (72, 86) (25, 29) (2, 2) (32, 36) 
(35, 47) (13, 17) (26, 28) (90, 90) (90, 92) (2, 2) (68, 70) (89, 89) (26, 34) (66, 68) (35, 39) (21, 23) (70, 88) (67, 89) (64, 82) (70, 72) (61, 73) (46, 50) (9, 11) (46, 62) 
(58, 64) (2, 2) (25, 29) (17, 23) (75, 75) (2, 2) (58, 58) (34, 38) (49, 59) (42, 50) (85, 85) (23, 31) (55, 71) (40, 44) (80, 96) (69, 81) (27, 33) (41, 51) (18, 20) (12, 12) 
(19, 19) (51, 67) (69, 77) (86, 94) (17, 23) (27, 27) (32, 40) (15, 17) (53, 53) (64, 72) (10, 10) (55, 63) (75, 91) (21, 23) (6, 6) (83, 99) (20, 24) (69, 79) (92, 106) (60, 62) 
(85, 109) (81, 89) (28, 30) (18, 22) (85, 113) (27, 31) (48, 50) (74, 98) (82, 110) (72, 94) (12, 16) (94, 96) (15, 19) (42, 48) (56, 74) (43, 53) (60, 68) (8, 10) (26, 26) (35, 37) 
(54, 64) (49, 59) (75, 79) (88, 110) (86, 94) (55, 67) (64, 66) (50, 66) (36, 48) (81, 91) (59, 69) (3, 3) (49, 61) (69, 89) (80, 96) (12, 14) (57, 69) (62, 70) (77, 89) (77, 93) 
(86, 98) (28, 30) (55, 69) (78, 84) (70, 92) (85, 109) (90, 102) (63, 69) (71, 91) (74, 76) (93, 93) (48, 54) (67, 79) (70, 82) (30, 36) (33, 35) (86, 104) (4, 4) (55, 63) (68, 70) 
(18, 18) (51, 67) (13, 17) (52, 60) (82, 88) (31, 33) (62, 74) (66, 74) (23, 25) (48, 58) (12, 12) (67, 71) (35, 35) (77, 101) (6, 6) (35, 47) (78, 96) (41, 41) (85, 85) (48, 54) 
(4, 4) (65, 75) (76, 92) (79, 81) (17, 17) (38, 48) (50, 50) (15, 19) (50, 50) (63, 69) (22, 26) (15, 15) (83, 97) (82, 84) (40, 50) (14, 16) (68, 76) (25, 27) (84, 94) (74, 92) 
(13, 13) (51, 53) (77, 99) (51, 57) (44, 56) (56, 62) (48, 54) (31, 41) (82, 92) (88, 108) (24, 28) (56, 56) (86, 92) (37, 39) (48, 48) (58, 58) (3, 3) (67, 77) (9, 11) (69, 93) 
(63, 63) (25, 33) (55, 73) (49, 51) (10, 12) (36, 40) (18, 20) (7, 7) (52, 66) (39, 41) (51, 61) (5, 5) (55, 63) (80, 86) (44, 48) (38, 44) (84, 96) (4, 4) (24, 24) (32, 36) 
(9, 9) (82, 82) (65, 73) (14, 14) (68, 86) (39, 39) (25, 29) (90, 106) (7, 9) (46, 60) (14, 16) (1, 1) (65, 71) (55, 57) (66, 78) (60, 62) (43, 55) (34, 36) (59, 75) (18, 24) 
(78, 90) (35, 47) (74, 82) (52, 54) (82, 82) (28, 36) (48, 54) (26, 28) (54, 58) (4, 4) (19, 19) (40, 42) (71, 89) (31, 35) (69, 73) (17, 19) (13, 13) (3, 3) (39, 47) (83, 107) 
(66, 70) (52, 66) (64, 70) (23, 25) (2, 2) (62, 76) (42, 48) (75, 95) (44, 58) (40, 52) (81, 91) (11, 11) (2, 2) (84, 110) (46, 60) (43, 45) (62, 66) (29, 37) (29, 35) (48, 58) 
(21, 27) (86, 108) (11, 11) (68, 70) (6, 6) (12, 12) (81, 87) (29, 35) (1, 1) (84, 96) (30, 34) (84, 112) (71, 87) (34, 38) (51, 61) (1, 1) (17, 17) (79, 89) (72, 88) (59, 69) 
(47, 47) (60, 68) (15, 17) (64, 64) (68, 70) (15, 17) (44, 46) (56, 68) (15, 17) (5, 5) (26, 26) (69, 71) (48, 48) (54, 62) (67, 83) (12, 14) (11, 11) (47, 47) (43, 57) (27, 31) 
(66, 78) (46, 56) (14, 18) (29, 35) (43, 43) (56, 66) (11, 11) (1, 1) (71, 77) (15, 19) (15, 15) (72, 72) (84, 90) (76, 86) (26, 26) (26, 26) (63, 85) (30, 30) (68, 90) (40, 40) 
(54, 64) (69, 69) (96, 100) (54, 66) (66, 80) (37, 37) (32, 38) (42, 52) (15, 19) (91, 95) (83, 83) (26, 28) (91, 99) (75, 79) (61, 73) (29, 31) (69, 87) (26, 26) (41, 49) (47, 63) 
(41, 43) (90, 96) (85, 91) (81, 97) (27, 35) (87, 91) (51, 67) (81, 91) (24, 32) (21, 25) (4, 4) (71, 73) (40, 46) (27, 29) (46, 58) (17, 19) (58, 62) (86, 96) (77, 95) (6, 6) 
(82, 86) (7, 9) (75, 93) (65, 69) (75, 93) (10, 12) (76, 102) (34, 42) (11, 13) (68, 80) (12, 16) (49, 51) (77, 89) (40, 44) (75, 79) (76, 100) (57, 59) (51, 65) (8, 8) (17, 17) 
(26, 30) (14, 16) (85, 109) (29, 33) (15, 15) (33, 37) (8, 10) (54, 64) (48, 52) (95, 101) (76, 96) (6, 6) (48, 50) (24, 24) (82, 96) (50, 62) (76, 94) (12, 16) (67, 89) (20, 20) 
(46, 56) (23, 27) (53, 59) (61, 73) (49, 53) (42, 46) (80, 80) (63, 69) (23, 23) (74, 74) (12, 12) (47, 57) (12, 14) (4, 4) (36, 36) (64, 74) (5, 5) (20, 22) (52, 62) (73, 85) 
TIEMPOS MAXIMOS DE FIN
(10000, 10000) (10000, 10000) (10000, 10000) (10000, 10000) (10000, 10000) (10000, 10000) (10000, 10000) (10000, 10000) (10000, 10000) (10000, 10000) (10000, 10000) (10000, 10000) (10000, 10000) (10000, 10000) (10000, 10000) (10000, 10000) (10000, 10000) (10000, 10000) (10000, 10000) (10000, 10000) (10000, 10000) (10000, 10000) (10000, 10000) (10000, 10000) (10000, 10000) (10000, 10000) (10000, 10000) (10000, 10000) (10000, 10000) (10000, 10000) (10000, 10000) (10000, 10000) (10000, 10000) (10000, 10000) (10000, 10000) (10000, 10000) (10000, 10000) (10000, 10000) (10000, 10000) (10000, 10000) (10000, 10000) (10000, 10000) (10000, 10000) (10000, 10000) (10000, 10000) (10000, 10000) (10000, 10000) (10000, 10000) (10000, 10000) (10000, 10000) (10000, 10000) (10000, 10000) (10000, 10000) (10000, 10000) (10000, 10000) (10000, 10000) (10000, 10000) (10000, 10000) (10000, 10000) (10000, 10000) (10000, 10000) (10000, 10000) (10000, 10000) (10000, 10000) (10000, 10000) (10000, 10000) (10000, 10000) (10000, 10000) (10000, 10000) (10000, 10000) (10000, 10000) (10000, 10000) (10000, 10000) (10000, 10000) (10000, 10000) (10000, 10000) (10000, 10000) (10000, 10000) (10000, 10000) (10000, 10000) (10000, 10000) (10000, 10000) (10000, 10000) (10000, 10000) (10000, 10000) (10000, 10000) (10000, 10000) (10000, 10000) (10000, 10000) (10000, 10000) (10000, 10000) (10000, 10000) (10000, 10000) (10000, 10000) (10000, 10000) (10000, 10000) (10000, 10000) (10000, 10000) (10000, 10000) (10000, 10000) 
// Desviacion Izda: min(0%), max(15%), promedio(6.33306%)
// Desviacion Dcha: min(0%), max(15%), promedio(6.33306%)
