NUMERO DE TRABAJOS
15
NUMERO DE RECURSOS
15
SECUENCIA DE MAQUINAS
3 13 11 4 2 9 10 6 12 7 5 14 8 1 0 
13 9 14 0 4 5 6 11 1 7 8 12 10 3 2 
1 14 13 8 10 4 0 12 5 2 11 6 9 7 3 
14 5 4 3 10 7 1 11 13 6 9 12 2 8 0 
14 1 13 6 12 4 5 2 9 0 3 7 11 8 10 
9 11 14 10 13 7 8 2 1 0 12 5 4 6 3 
3 7 11 8 4 9 1 12 10 6 0 14 5 2 13 
14 13 5 0 9 8 2 3 1 11 6 10 4 7 12 
3 2 0 11 1 4 5 13 7 12 9 10 8 6 14 
14 9 11 13 1 5 3 4 0 12 6 2 8 10 7 
14 12 2 5 4 1 13 0 8 10 7 11 3 6 9 
4 13 3 1 11 8 9 7 0 2 6 10 5 12 14 
11 9 1 8 12 14 2 10 7 0 13 6 3 5 4 
1 4 5 6 11 3 9 10 8 2 7 13 14 12 0 
13 2 4 12 7 3 8 0 11 14 9 6 1 5 10 
DURACIONES
(90, 92) (15, 15) (39, 51) (25, 27) (83, 97) (46, 60) (7, 7) (72, 84) (94, 94) (7, 9) (17, 21) (53, 59) (59, 79) (66, 66) (88, 108) 
(30, 38) (1, 1) (39, 41) (68, 80) (37, 49) (68, 78) (95, 97) (68, 92) (84, 90) (70, 86) (79, 97) (84, 96) (46, 52) (76, 94) (3, 3) 
(75, 101) (95, 101) (74, 90) (42, 50) (72, 86) (61, 77) (83, 107) (38, 44) (36, 42) (11, 13) (1, 1) (67, 75) (26, 28) (68, 86) (85, 113) 
(44, 56) (1, 1) (18, 24) (70, 74) (40, 52) (18, 22) (57, 67) (30, 36) (78, 80) (51, 61) (61, 73) (23, 23) (56, 56) (42, 46) (52, 60) 
(15, 15) (14, 16) (14, 18) (75, 83) (8, 8) (72, 74) (77, 95) (52, 52) (69, 89) (56, 68) (93, 93) (76, 96) (39, 49) (78, 82) (16, 20) 
(68, 90) (56, 70) (80, 108) (8, 10) (74, 98) (86, 92) (11, 13) (64, 68) (47, 63) (67, 73) (34, 36) (14, 14) (3, 3) (47, 61) (60, 64) 
(39, 45) (34, 44) (37, 47) (8, 10) (32, 42) (24, 26) (68, 88) (68, 84) (16, 16) (38, 38) (30, 30) (68, 92) (34, 34) (82, 102) (29, 29) 
(92, 100) (22, 28) (47, 51) (66, 68) (52, 54) (19, 21) (52, 52) (29, 29) (45, 57) (32, 38) (36, 40) (17, 19) (43, 43) (40, 52) (90, 106) 
(69, 77) (61, 75) (3, 3) (84, 112) (59, 77) (7, 9) (15, 15) (88, 88) (65, 79) (17, 23) (79, 99) (54, 64) (62, 74) (56, 70) (41, 41) 
(26, 34) (43, 43) (76, 84) (60, 68) (14, 14) (6, 6) (31, 41) (80, 96) (61, 81) (44, 58) (57, 69) (32, 32) (16, 16) (55, 71) (7, 7) 
(18, 18) (84, 96) (48, 62) (22, 28) (70, 74) (88, 96) (82, 94) (66, 72) (85, 93) (76, 90) (58, 58) (34, 36) (71, 87) (37, 49) (75, 97) 
(48, 52) (57, 71) (88, 88) (56, 58) (23, 27) (69, 77) (17, 19) (4, 4) (64, 74) (35, 45) (26, 30) (33, 41) (39, 45) (77, 87) (75, 91) 
(2, 2) (39, 43) (13, 13) (67, 83) (29, 33) (60, 72) (65, 79) (66, 66) (87, 105) (40, 50) (27, 31) (47, 51) (83, 109) (44, 56) (38, 38) 
(71, 89) (78, 102) (34, 38) (49, 51) (75, 77) (14, 16) (27, 35) (81, 97) (77, 97) (54, 56) (44, 54) (20, 26) (17, 21) (37, 39) (89, 97) 
(69, 81) (43, 47) (66, 84) (66, 78) (57, 73) (6, 6) (16, 16) (24, 24) (23, 25) (40, 48) (4, 4) (22, 22) (85, 113) (9, 11) (78, 92) 
TIEMPOS MAXIMOS DE FIN
(10000, 10000) (10000, 10000) (10000, 10000) (10000, 10000) (10000, 10000) (10000, 10000) (10000, 10000) (10000, 10000) (10000, 10000) (10000, 10000) (10000, 10000) (10000, 10000) (10000, 10000) (10000, 10000) (10000, 10000) 
// Desviacion Izda: min(0%), max(15%), promedio(6.92811%)
// Desviacion Dcha: min(0%), max(15%), promedio(6.92811%)
