NUMERO DE TRABAJOS
100
NUMERO DE RECURSOS
20
SECUENCIA DE MAQUINAS
10 17 18 2 0 19 15 5 4 9 14 1 13 3 7 16 8 11 12 6 
6 10 0 3 17 9 19 5 4 12 14 18 7 8 15 11 13 2 16 1 
5 1 15 4 13 11 9 6 19 8 0 12 10 17 16 2 18 3 14 7 
10 19 14 0 2 12 13 4 11 5 8 15 7 16 1 6 9 3 18 17 
12 14 16 1 11 4 7 13 15 8 18 17 9 10 2 6 19 5 0 3 
13 14 10 11 1 2 15 4 3 6 17 19 18 12 16 0 8 5 9 7 
1 10 16 7 3 2 12 17 5 6 18 9 15 0 11 13 8 4 14 19 
9 13 10 14 4 12 2 18 0 11 7 3 19 1 17 8 16 5 6 15 
2 3 6 15 13 5 11 18 4 7 0 10 9 17 12 1 14 19 8 16 
0 5 15 3 18 7 14 9 16 19 2 6 11 12 13 4 1 8 10 17 
14 18 13 2 8 10 19 15 9 3 1 17 5 4 16 12 6 11 7 0 
11 16 15 4 9 10 7 5 2 8 13 14 12 6 19 1 0 18 3 17 
8 19 5 12 10 15 3 4 13 9 17 1 16 2 14 0 6 11 18 7 
5 10 14 7 3 13 16 11 15 6 17 12 4 8 1 0 9 18 19 2 
2 3 15 14 19 7 11 4 16 10 17 9 12 1 5 8 0 6 18 13 
18 12 9 17 14 2 3 16 15 7 13 4 0 8 11 19 1 6 5 10 
16 12 4 18 3 17 7 2 13 5 9 19 14 10 0 8 11 1 6 15 
6 7 8 15 2 3 11 18 0 4 9 17 19 13 12 10 16 1 14 5 
8 6 17 12 15 5 0 3 16 7 9 13 10 4 14 11 1 18 19 2 
9 5 0 6 3 11 13 15 1 7 14 2 17 8 16 18 12 19 4 10 
15 7 6 9 18 3 0 19 16 10 12 11 4 2 8 14 17 1 13 5 
9 11 10 3 13 17 2 0 12 8 1 6 4 7 19 15 16 14 18 5 
9 18 14 19 0 8 11 10 12 3 7 16 17 5 15 1 6 4 2 13 
0 11 2 1 12 5 14 4 16 10 17 9 3 8 13 7 15 6 19 18 
9 7 0 2 1 11 3 14 19 12 13 4 17 18 10 6 5 15 8 16 
16 15 18 9 8 4 13 6 12 10 11 3 5 0 1 17 19 2 14 7 
19 10 5 3 2 0 13 18 8 4 6 7 15 9 17 14 16 1 11 12 
3 19 16 8 4 17 11 2 10 13 7 15 1 6 0 18 5 14 9 12 
4 7 16 11 9 6 14 3 18 10 19 0 13 1 2 8 15 12 5 17 
10 15 14 4 8 18 3 13 17 5 12 7 6 2 9 11 19 16 1 0 
15 7 4 14 1 17 0 9 18 2 10 16 8 19 11 5 12 6 13 3 
17 13 8 9 10 5 19 0 14 6 2 12 11 18 16 3 15 7 1 4 
9 8 7 15 1 2 18 5 4 3 19 0 6 17 14 13 11 10 12 16 
10 19 1 6 4 13 12 0 11 14 5 9 2 7 3 8 18 15 17 16 
8 19 4 18 12 11 14 2 10 0 16 9 1 6 5 17 7 13 15 3 
19 4 11 0 16 12 18 3 15 1 14 2 6 9 10 5 7 17 13 8 
19 13 4 0 9 10 3 8 14 18 1 2 15 17 12 6 5 16 7 11 
5 1 12 3 0 14 7 9 18 2 19 4 6 13 17 15 8 16 11 10 
10 12 0 17 16 5 9 14 19 8 6 13 4 1 15 2 7 3 11 18 
8 2 18 9 6 4 11 0 5 10 17 16 3 19 7 14 13 12 1 15 
5 12 19 7 9 14 15 10 0 16 13 18 3 8 17 4 6 1 11 2 
4 18 7 12 17 13 19 0 9 8 3 5 2 10 6 14 15 11 1 16 
19 13 6 7 9 18 15 5 16 11 0 17 1 12 3 8 2 4 10 14 
0 19 14 2 13 12 3 15 17 7 4 11 9 10 1 8 6 18 16 5 
2 7 10 0 12 16 1 13 9 8 19 15 14 17 4 3 6 18 11 5 
7 15 11 6 18 13 2 12 10 19 17 5 16 14 4 3 9 1 8 0 
11 7 19 5 1 15 13 17 2 0 9 8 6 12 3 10 16 4 18 14 
12 13 2 3 15 7 11 8 0 19 5 18 1 6 16 17 4 14 9 10 
15 0 2 19 13 9 14 11 4 10 7 16 8 17 5 3 18 12 1 6 
4 10 9 0 5 11 14 3 13 8 17 1 18 15 12 7 6 2 19 16 
3 6 5 0 15 2 13 1 11 4 19 9 18 17 16 8 10 7 12 14 
7 14 16 19 11 12 15 6 8 18 5 0 4 13 17 9 10 2 1 3 
7 15 8 18 13 17 14 10 19 9 1 5 2 0 4 12 6 11 16 3 
7 13 4 3 0 10 12 1 16 19 6 14 2 15 8 17 5 18 11 9 
18 2 14 11 6 9 5 12 1 10 13 0 4 17 3 8 7 16 19 15 
10 4 9 1 19 17 18 7 12 6 15 3 2 13 16 5 0 11 14 8 
9 2 5 15 12 17 18 1 8 10 11 0 4 14 19 3 6 13 16 7 
3 15 9 19 11 17 10 6 8 16 4 13 2 12 14 1 5 0 7 18 
19 15 18 5 17 14 16 1 9 0 6 12 3 10 13 11 7 4 8 2 
11 5 12 7 4 1 17 18 8 15 10 2 9 3 14 6 0 19 16 13 
15 17 18 1 3 6 19 14 16 13 9 11 0 5 4 2 12 10 7 8 
5 17 2 13 4 19 18 1 12 16 10 11 8 6 7 3 0 14 9 15 
12 7 16 9 6 8 18 14 5 17 4 13 19 11 10 0 2 1 15 3 
19 2 7 3 8 16 9 18 1 10 11 5 12 0 6 14 13 17 4 15 
5 7 3 12 14 8 1 19 17 11 9 18 2 0 10 16 4 6 13 15 
12 3 0 9 15 6 8 16 17 19 7 14 10 18 11 13 5 2 1 4 
16 8 18 3 13 9 10 6 4 11 5 12 17 14 7 19 0 2 15 1 
13 0 3 14 6 5 8 11 4 9 12 7 18 16 17 1 10 19 2 15 
14 13 18 1 11 8 2 6 15 12 5 19 17 3 16 4 9 10 7 0 
19 15 5 10 12 13 0 3 6 11 16 9 17 8 1 14 2 7 4 18 
15 11 12 19 1 7 13 6 17 18 10 14 0 9 16 5 8 2 3 4 
4 16 9 6 13 0 7 18 10 17 8 15 19 3 2 14 5 12 11 1 
3 12 4 0 10 2 7 1 17 15 6 11 19 8 5 9 13 16 14 18 
8 0 16 2 19 4 5 6 15 9 7 1 12 13 17 11 3 14 10 18 
10 17 18 7 3 14 5 2 0 1 6 4 19 9 8 16 15 12 11 13 
5 3 2 9 1 8 11 13 0 14 10 12 16 7 4 6 18 17 15 19 
13 0 14 6 11 12 5 7 18 10 9 19 17 4 16 3 1 2 15 8 
8 2 6 7 19 11 9 13 10 4 14 18 3 5 15 12 1 0 17 16 
5 18 14 3 0 15 11 9 6 2 1 4 8 12 17 13 10 19 7 16 
6 18 15 16 9 13 1 14 3 17 19 0 12 5 8 2 4 11 10 7 
0 17 6 12 11 16 18 5 9 8 13 2 3 7 15 4 14 10 1 19 
16 9 2 14 1 15 17 7 3 5 4 11 6 18 8 19 10 13 12 0 
4 10 0 14 2 11 1 3 12 9 18 6 15 13 7 8 19 5 17 16 
17 14 10 4 9 2 3 15 11 0 16 1 5 7 13 8 6 18 19 12 
17 11 0 7 13 10 4 16 15 9 1 3 5 6 12 19 18 2 8 14 
3 11 10 19 7 15 6 9 17 13 16 8 2 14 4 18 1 12 5 0 
15 12 18 7 13 11 2 14 5 16 3 17 9 1 6 4 0 19 10 8 
13 17 14 18 5 8 16 11 3 7 15 2 9 1 12 4 0 10 19 6 
7 4 3 1 18 12 2 13 9 14 8 5 6 16 11 19 0 15 17 10 
2 19 11 6 17 15 0 13 7 8 10 3 12 16 4 9 5 14 1 18 
8 3 17 16 1 14 2 0 4 9 7 18 13 12 10 5 6 15 19 11 
17 13 7 12 18 8 14 6 3 2 16 9 11 5 10 0 19 15 1 4 
15 12 5 19 11 8 6 0 16 9 14 2 10 1 3 4 17 18 7 13 
11 2 6 5 19 3 18 8 0 7 10 12 15 14 1 16 4 17 13 9 
1 4 16 14 13 7 9 2 8 5 3 6 15 10 11 0 12 17 18 19 
5 0 3 9 2 17 19 6 14 18 10 15 4 13 8 1 7 11 12 16 
12 6 3 8 16 13 0 1 18 9 11 15 5 2 4 17 10 19 14 7 
9 4 10 8 14 0 12 17 18 19 11 7 13 1 16 2 5 6 15 3 
2 7 15 5 9 6 8 4 12 0 3 16 11 14 19 13 18 1 10 17 
1 3 12 15 8 6 13 7 5 14 18 4 9 19 11 10 2 17 16 0 
DURACIONES
(56, 70) (78, 90) (3, 3) (51, 55) (1, 1) (33, 37) (18, 22) (37, 49) (42, 44) (73, 97) (20, 26) (19, 23) (9, 11) (74, 80) (71, 95) (26, 28) (32, 38) (17, 19) (41, 47) (34, 44) 
(83, 111) (42, 54) (61, 65) (73, 79) (18, 18) (8, 10) (74, 76) (35, 37) (70, 74) (72, 86) (97, 101) (80, 108) (42, 50) (14, 18) (30, 36) (42, 42) (63, 67) (92, 104) (27, 33) (44, 56) 
(64, 64) (44, 52) (83, 103) (44, 50) (74, 88) (31, 31) (48, 60) (87, 91) (19, 25) (58, 68) (56, 60) (23, 27) (62, 66) (78, 86) (55, 67) (63, 65) (38, 38) (15, 19) (26, 28) (68, 72) 
(31, 33) (71, 73) (39, 45) (71, 95) (2, 2) (32, 34) (25, 33) (87, 93) (31, 39) (78, 104) (24, 28) (79, 91) (66, 78) (17, 21) (85, 105) (5, 5) (37, 41) (69, 81) (73, 93) (64, 76) 
(79, 101) (71, 81) (27, 27) (84, 92) (51, 67) (90, 100) (44, 58) (19, 25) (78, 80) (27, 33) (10, 10) (90, 92) (63, 85) (4, 4) (32, 40) (87, 109) (52, 56) (31, 35) (2, 2) (22, 22) 
(63, 79) (89, 109) (22, 22) (60, 68) (26, 34) (10, 12) (93, 95) (14, 14) (81, 85) (45, 49) (47, 49) (39, 51) (35, 43) (7, 7) (31, 33) (2, 2) (86, 100) (39, 41) (14, 14) (44, 52) 
(76, 84) (45, 47) (4, 4) (42, 48) (62, 66) (19, 19) (78, 92) (36, 42) (73, 83) (56, 68) (59, 79) (61, 69) (71, 93) (69, 81) (39, 41) (15, 15) (59, 77) (10, 12) (42, 46) (3, 3) 
(92, 98) (80, 98) (87, 109) (66, 84) (27, 27) (71, 77) (19, 21) (49, 65) (51, 55) (94, 94) (15, 19) (73, 83) (21, 21) (95, 103) (29, 33) (91, 107) (79, 93) (17, 23) (79, 81) (74, 98) 
(21, 21) (52, 52) (50, 62) (20, 24) (17, 21) (78, 90) (89, 103) (54, 60) (27, 35) (37, 41) (13, 13) (6, 6) (58, 58) (30, 34) (40, 42) (41, 53) (12, 14) (30, 30) (40, 48) (69, 91) 
(64, 78) (30, 32) (16, 18) (48, 58) (82, 88) (44, 52) (51, 53) (30, 38) (39, 39) (84, 84) (2, 2) (28, 34) (50, 64) (54, 72) (1, 1) (54, 60) (28, 32) (61, 61) (65, 79) (17, 17) 
(13, 15) (95, 101) (39, 49) (10, 10) (51, 55) (68, 76) (62, 68) (45, 53) (21, 21) (79, 89) (94, 94) (85, 113) (58, 64) (57, 71) (26, 32) (97, 99) (53, 57) (68, 74) (43, 43) (62, 66) 
(14, 14) (65, 83) (50, 64) (79, 83) (35, 45) (6, 8) (77, 93) (29, 35) (32, 38) (34, 34) (37, 45) (70, 88) (80, 80) (1, 1) (95, 95) (23, 27) (40, 46) (17, 21) (91, 105) (46, 50) 
(40, 44) (61, 81) (8, 10) (23, 29) (3, 3) (3, 3) (29, 33) (3, 3) (39, 41) (21, 21) (64, 74) (89, 89) (90, 98) (83, 105) (53, 65) (8, 10) (71, 71) (52, 54) (39, 51) (71, 79) 
(64, 80) (83, 89) (20, 24) (61, 81) (21, 23) (8, 8) (65, 81) (15, 15) (90, 90) (37, 43) (1, 1) (4, 4) (76, 86) (10, 10) (76, 90) (28, 36) (78, 100) (4, 4) (51, 55) (33, 43) 
(48, 56) (42, 48) (43, 43) (8, 10) (90, 90) (34, 46) (25, 27) (45, 59) (21, 23) (8, 10) (30, 38) (87, 101) (69, 69) (24, 32) (29, 29) (60, 64) (63, 63) (89, 109) (83, 111) (13, 15) 
(75, 87) (45, 55) (8, 10) (25, 29) (91, 91) (52, 54) (88, 98) (60, 68) (23, 23) (42, 42) (67, 87) (47, 53) (77, 91) (13, 13) (85, 95) (78, 90) (77, 85) (53, 67) (88, 96) (69, 75) 
(74, 100) (4, 4) (50, 62) (39, 41) (52, 58) (26, 32) (30, 32) (26, 32) (39, 39) (37, 39) (89, 99) (37, 43) (83, 93) (1, 1) (3, 3) (46, 46) (32, 40) (40, 48) (91, 93) (32, 36) 
(58, 66) (86, 104) (65, 73) (25, 33) (45, 45) (77, 77) (30, 38) (51, 67) (86, 94) (74, 92) (79, 87) (65, 79) (92, 104) (46, 60) (79, 89) (85, 103) (62, 80) (49, 49) (15, 19) (24, 32) 
(59, 73) (21, 27) (66, 82) (63, 83) (68, 86) (66, 84) (66, 66) (12, 16) (20, 22) (8, 8) (1, 1) (35, 43) (71, 81) (14, 14) (64, 76) (19, 21) (18, 22) (58, 74) (20, 26) (71, 77) 
(50, 58) (32, 38) (54, 62) (66, 78) (84, 112) (60, 64) (65, 71) (79, 95) (19, 23) (61, 73) (9, 9) (11, 13) (39, 51) (32, 40) (43, 43) (3, 3) (25, 31) (24, 24) (67, 73) (43, 47) 
(70, 86) (26, 30) (53, 67) (62, 76) (76, 98) (33, 35) (61, 79) (2, 2) (83, 83) (87, 101) (20, 24) (62, 62) (37, 37) (46, 50) (18, 22) (5, 5) (13, 13) (74, 76) (35, 45) (27, 27) 
(84, 100) (75, 81) (76, 92) (90, 104) (68, 86) (84, 84) (51, 65) (84, 86) (34, 46) (49, 63) (53, 57) (59, 67) (39, 47) (33, 39) (50, 54) (42, 44) (2, 2) (9, 9) (68, 80) (78, 82) 
(46, 60) (82, 88) (70, 88) (74, 84) (26, 26) (4, 4) (17, 21) (11, 11) (10, 12) (63, 79) (6, 6) (57, 77) (23, 29) (3, 3) (9, 11) (74, 74) (53, 67) (73, 81) (29, 39) (34, 46) 
(23, 23) (29, 39) (1, 1) (78, 88) (90, 100) (19, 19) (44, 44) (35, 45) (19, 25) (52, 64) (70, 74) (16, 20) (23, 23) (16, 16) (83, 99) (34, 40) (25, 25) (4, 4) (79, 105) (87, 93) 
(85, 101) (26, 30) (47, 49) (28, 32) (78, 102) (20, 26) (63, 83) (18, 24) (27, 31) (22, 24) (44, 44) (88, 100) (25, 31) (72, 90) (48, 58) (87, 87) (64, 72) (1, 1) (36, 42) (46, 46) 
(85, 95) (53, 63) (6, 8) (80, 92) (75, 101) (61, 67) (8, 10) (70, 86) (71, 77) (42, 42) (80, 106) (13, 17) (32, 32) (75, 79) (36, 48) (23, 31) (9, 9) (3, 3) (66, 72) (16, 16) 
(42, 46) (60, 60) (19, 23) (75, 99) (61, 69) (8, 8) (65, 65) (37, 47) (27, 35) (39, 47) (48, 52) (47, 61) (39, 43) (78, 80) (68, 92) (86, 92) (17, 19) (44, 46) (55, 59) (16, 18) 
(50, 56) (82, 96) (53, 65) (61, 75) (58, 58) (55, 61) (71, 77) (43, 49) (52, 56) (70, 82) (61, 71) (3, 3) (76, 82) (70, 80) (12, 14) (75, 95) (48, 56) (26, 28) (56, 66) (2, 2) 
(68, 80) (25, 31) (25, 33) (76, 88) (3, 3) (29, 33) (66, 80) (42, 52) (15, 17) (53, 55) (59, 67) (27, 27) (10, 12) (71, 87) (35, 47) (65, 65) (69, 83) (61, 61) (40, 46) (24, 32) 
(3, 3) (18, 18) (41, 55) (17, 23) (60, 70) (41, 43) (53, 57) (35, 45) (15, 19) (12, 12) (8, 10) (30, 34) (64, 76) (26, 26) (44, 44) (33, 33) (74, 90) (6, 6) (32, 42) (3, 3) 
(73, 83) (31, 35) (60, 62) (76, 86) (18, 18) (65, 85) (15, 17) (29, 33) (23, 25) (1, 1) (32, 40) (88, 88) (56, 58) (36, 38) (7, 7) (65, 87) (40, 40) (71, 87) (67, 67) (17, 21) 
(18, 22) (32, 40) (64, 70) (57, 71) (45, 57) (55, 57) (25, 33) (15, 15) (42, 56) (71, 73) (77, 97) (74, 80) (5, 5) (72, 84) (29, 35) (16, 20) (71, 95) (51, 55) (76, 92) (15, 15) 
(48, 62) (91, 97) (73, 83) (83, 87) (19, 23) (5, 5) (15, 19) (89, 103) (17, 21) (64, 80) (2, 2) (60, 64) (17, 19) (20, 26) (63, 65) (63, 63) (77, 103) (48, 56) (8, 10) (14, 18) 
(81, 83) (20, 20) (50, 50) (19, 23) (51, 63) (9, 9) (46, 52) (5, 5) (13, 15) (65, 77) (40, 54) (32, 38) (8, 8) (86, 98) (69, 77) (57, 77) (58, 74) (88, 98) (43, 53) (59, 71) 
(78, 86) (35, 45) (14, 14) (49, 53) (85, 87) (7, 9) (23, 27) (75, 77) (40, 42) (10, 10) (59, 61) (94, 98) (63, 73) (8, 8) (72, 86) (17, 19) (68, 82) (33, 37) (30, 32) (12, 16) 
(40, 50) (2, 2) (81, 107) (4, 4) (26, 28) (71, 73) (66, 86) (58, 66) (8, 10) (13, 15) (6, 8) (65, 73) (41, 55) (70, 88) (52, 52) (4, 4) (48, 62) (68, 82) (56, 68) (93, 93) 
(12, 14) (54, 72) (71, 79) (59, 75) (26, 26) (58, 60) (70, 92) (55, 55) (59, 73) (28, 28) (47, 51) (15, 17) (65, 73) (3, 3) (12, 14) (63, 81) (68, 84) (92, 100) (59, 67) (33, 43) 
(35, 37) (77, 89) (3, 3) (10, 10) (45, 49) (58, 72) (26, 26) (60, 64) (45, 45) (52, 58) (71, 75) (29, 31) (86, 86) (46, 60) (57, 63) (40, 42) (54, 54) (29, 37) (35, 45) (20, 20) 
(59, 63) (24, 32) (48, 58) (68, 90) (59, 65) (81, 93) (44, 44) (19, 23) (20, 24) (59, 75) (7, 9) (45, 59) (41, 45) (8, 8) (80, 88) (23, 29) (75, 97) (53, 71) (10, 12) (68, 80) 
(12, 16) (1, 1) (29, 31) (74, 74) (2, 2) (87, 87) (29, 33) (83, 85) (38, 46) (10, 12) (89, 91) (39, 45) (30, 38) (14, 14) (12, 14) (67, 83) (47, 53) (60, 62) (10, 10) (76, 76) 
(22, 22) (50, 66) (37, 39) (14, 14) (94, 98) (67, 85) (26, 28) (14, 18) (59, 79) (46, 52) (34, 36) (85, 101) (44, 52) (38, 48) (59, 65) (33, 35) (43, 45) (49, 53) (86, 86) (46, 54) 
(37, 37) (46, 50) (74, 100) (71, 85) (6, 6) (69, 85) (91, 105) (63, 69) (29, 37) (67, 79) (65, 69) (28, 30) (71, 83) (81, 109) (37, 43) (21, 25) (60, 78) (1, 1) (25, 29) (7, 9) 
(57, 71) (76, 98) (48, 52) (52, 68) (46, 54) (11, 13) (33, 33) (45, 45) (14, 18) (52, 58) (75, 101) (86, 90) (25, 25) (32, 34) (14, 16) (2, 2) (38, 50) (67, 83) (58, 64) (64, 70) 
(18, 22) (88, 102) (23, 31) (61, 77) (11, 11) (23, 23) (34, 34) (8, 8) (64, 64) (58, 68) (65, 81) (56, 60) (32, 34) (23, 29) (80, 88) (4, 4) (72, 92) (33, 37) (27, 33) (45, 57) 
(42, 42) (54, 72) (65, 71) (91, 95) (42, 50) (57, 63) (36, 44) (3, 3) (68, 78) (75, 99) (50, 54) (62, 78) (33, 37) (90, 94) (17, 21) (34, 46) (42, 54) (38, 44) (65, 75) (12, 14) 
(50, 56) (49, 61) (30, 34) (58, 62) (39, 41) (14, 18) (5, 5) (50, 56) (62, 74) (43, 43) (62, 72) (51, 69) (34, 42) (22, 24) (2, 2) (59, 75) (42, 42) (23, 27) (78, 82) (1, 1) 
(81, 87) (98, 100) (68, 86) (47, 55) (21, 25) (71, 83) (73, 73) (1, 1) (62, 68) (36, 36) (81, 95) (11, 11) (73, 87) (81, 89) (45, 57) (23, 29) (5, 5) (71, 95) (17, 23) (60, 60) 
(19, 23) (12, 12) (89, 99) (7, 9) (13, 15) (34, 34) (4, 4) (53, 63) (54, 66) (49, 53) (45, 45) (94, 96) (18, 24) (90, 94) (84, 96) (67, 87) (13, 13) (48, 54) (82, 106) (32, 34) 
(67, 83) (73, 97) (75, 87) (76, 86) (90, 94) (96, 96) (83, 89) (88, 94) (92, 102) (12, 12) (13, 17) (11, 11) (75, 93) (25, 29) (29, 37) (1, 1) (82, 92) (53, 57) (32, 32) (7, 9) 
(17, 23) (69, 73) (56, 72) (82, 88) (47, 51) (6, 6) (49, 55) (79, 91) (15, 15) (41, 53) (5, 5) (21, 25) (40, 40) (43, 49) (45, 51) (75, 99) (80, 104) (47, 61) (71, 95) (2, 2) 
(66, 82) (30, 34) (15, 15) (91, 95) (12, 16) (35, 47) (87, 107) (83, 83) (25, 33) (89, 97) (27, 33) (85, 111) (15, 15) (46, 50) (30, 32) (36, 44) (35, 37) (52, 54) (26, 26) (92, 106) 
(54, 64) (61, 71) (27, 29) (26, 26) (60, 70) (84, 106) (54, 54) (20, 26) (22, 28) (3, 3) (81, 87) (72, 72) (53, 59) (80, 108) (91, 93) (14, 16) (40, 42) (25, 29) (42, 50) (52, 52) 
(91, 107) (7, 7) (33, 33) (78, 102) (71, 93) (15, 17) (75, 87) (75, 85) (69, 81) (82, 102) (88, 98) (49, 49) (12, 16) (15, 17) (43, 55) (84, 92) (48, 54) (49, 51) (10, 12) (30, 38) 
(41, 45) (35, 35) (91, 91) (81, 99) (30, 38) (63, 77) (19, 25) (26, 26) (51, 59) (31, 37) (55, 55) (30, 38) (61, 75) (93, 105) (24, 24) (36, 44) (23, 27) (53, 67) (13, 13) (80, 84) 
(65, 71) (41, 55) (62, 66) (73, 79) (13, 17) (23, 23) (59, 65) (25, 27) (37, 41) (46, 58) (6, 6) (44, 50) (37, 41) (80, 82) (45, 49) (88, 108) (24, 26) (53, 63) (59, 75) (45, 47) 
(17, 17) (31, 39) (83, 87) (15, 15) (80, 90) (43, 49) (5, 5) (65, 81) (56, 70) (87, 107) (18, 24) (29, 39) (58, 60) (2, 2) (56, 72) (76, 100) (22, 22) (17, 17) (40, 54) (69, 85) 
(76, 86) (60, 60) (16, 18) (25, 25) (44, 48) (77, 83) (14, 16) (30, 32) (54, 66) (26, 30) (41, 41) (32, 38) (17, 23) (71, 91) (40, 40) (48, 54) (14, 14) (35, 37) (30, 30) (72, 78) 
(21, 21) (82, 104) (89, 89) (14, 16) (7, 9) (88, 96) (18, 20) (18, 20) (45, 45) (40, 52) (87, 107) (6, 6) (42, 42) (52, 68) (9, 11) (36, 38) (91, 103) (2, 2) (50, 52) (50, 62) 
(52, 68) (81, 83) (92, 98) (86, 98) (2, 2) (73, 83) (78, 94) (57, 75) (81, 103) (89, 97) (38, 40) (54, 62) (53, 61) (6, 6) (16, 20) (98, 98) (52, 52) (71, 95) (35, 37) (51, 69) 
(51, 59) (87, 101) (91, 95) (57, 73) (31, 35) (20, 24) (34, 42) (43, 47) (16, 20) (7, 7) (47, 51) (79, 83) (16, 16) (2, 2) (61, 73) (7, 9) (29, 39) (46, 52) (61, 77) (35, 35) 
(25, 31) (2, 2) (67, 89) (48, 60) (13, 15) (45, 49) (62, 80) (63, 81) (45, 57) (83, 83) (23, 25) (13, 13) (10, 12) (18, 24) (71, 71) (77, 79) (68, 68) (78, 90) (46, 48) (7, 7) 
(16, 18) (73, 97) (84, 104) (88, 102) (11, 11) (51, 65) (68, 82) (63, 77) (62, 66) (14, 18) (73, 73) (22, 22) (17, 17) (41, 49) (74, 74) (75, 91) (72, 72) (12, 14) (47, 47) (71, 87) 
(39, 45) (37, 37) (67, 77) (16, 16) (50, 56) (5, 5) (61, 63) (80, 96) (32, 38) (85, 85) (52, 64) (56, 60) (7, 7) (78, 84) (87, 89) (73, 75) (68, 82) (58, 76) (61, 81) (53, 63) 
(35, 43) (5, 5) (81, 103) (66, 70) (30, 38) (87, 97) (15, 19) (30, 36) (9, 9) (51, 59) (42, 56) (45, 53) (12, 12) (23, 25) (85, 99) (60, 80) (40, 42) (33, 41) (14, 16) (21, 23) 
(69, 81) (29, 39) (62, 76) (48, 48) (6, 8) (14, 18) (24, 30) (67, 75) (10, 12) (42, 54) (3, 3) (35, 43) (85, 111) (2, 2) (36, 42) (2, 2) (11, 11) (66, 70) (73, 77) (49, 49) 
(79, 97) (16, 16) (64, 68) (33, 35) (2, 2) (5, 5) (69, 77) (25, 25) (94, 102) (53, 61) (41, 51) (83, 99) (81, 83) (46, 56) (1, 1) (40, 42) (54, 60) (65, 69) (28, 28) (66, 68) 
(33, 41) (41, 51) (1, 1) (85, 89) (55, 55) (23, 27) (42, 44) (9, 11) (24, 30) (6, 6) (89, 93) (2, 2) (49, 51) (88, 100) (1, 1) (43, 51) (79, 79) (21, 27) (56, 72) (11, 11) 
(32, 32) (24, 24) (80, 88) (13, 13) (11, 11) (86, 110) (68, 80) (81, 87) (72, 92) (89, 109) (4, 4) (87, 109) (57, 73) (7, 7) (87, 89) (23, 27) (67, 69) (86, 100) (63, 83) (29, 35) 
(38, 46) (76, 76) (39, 47) (24, 24) (80, 104) (39, 41) (34, 38) (47, 57) (57, 61) (61, 65) (13, 17) (54, 54) (61, 79) (75, 97) (44, 52) (57, 67) (19, 21) (44, 54) (15, 15) (15, 15) 
(38, 46) (28, 34) (80, 80) (38, 48) (73, 87) (21, 25) (82, 96) (57, 61) (17, 21) (54, 54) (13, 17) (16, 20) (79, 99) (40, 54) (37, 39) (21, 21) (86, 88) (59, 73) (71, 81) (53, 71) 
(53, 55) (50, 56) (19, 19) (55, 55) (83, 83) (65, 79) (13, 13) (71, 95) (51, 57) (27, 29) (20, 24) (86, 92) (13, 13) (66, 80) (21, 27) (12, 12) (70, 94) (15, 15) (71, 85) (93, 95) 
(18, 18) (3, 3) (73, 95) (78, 100) (85, 93) (65, 81) (5, 5) (52, 62) (33, 43) (8, 10) (71, 83) (15, 19) (13, 15) (29, 35) (25, 31) (13, 17) (33, 33) (45, 51) (49, 49) (40, 40) 
(42, 54) (31, 35) (77, 81) (38, 46) (22, 28) (8, 10) (25, 25) (1, 1) (43, 57) (51, 59) (96, 98) (87, 105) (18, 18) (24, 26) (24, 24) (71, 83) (22, 26) (49, 55) (33, 41) (87, 89) 
(49, 65) (46, 54) (58, 70) (77, 101) (10, 10) (69, 91) (62, 64) (6, 6) (31, 33) (31, 37) (34, 34) (58, 78) (5, 5) (68, 84) (74, 80) (80, 92) (65, 69) (65, 87) (72, 90) (44, 58) 
(68, 82) (87, 95) (87, 107) (13, 15) (54, 70) (36, 44) (38, 48) (14, 18) (91, 95) (52, 58) (4, 4) (23, 27) (25, 33) (40, 50) (73, 93) (41, 51) (27, 35) (13, 13) (57, 57) (67, 69) 
(55, 73) (68, 82) (35, 35) (63, 79) (36, 40) (49, 59) (32, 40) (64, 78) (59, 73) (66, 78) (54, 62) (20, 20) (64, 70) (68, 70) (41, 51) (58, 78) (88, 98) (39, 39) (43, 53) (67, 87) 
(52, 66) (34, 34) (6, 6) (68, 84) (12, 14) (57, 61) (81, 109) (78, 78) (64, 68) (88, 96) (80, 98) (68, 86) (60, 72) (16, 16) (7, 7) (69, 81) (92, 102) (6, 8) (74, 88) (12, 14) 
(9, 11) (36, 40) (26, 32) (37, 39) (26, 28) (7, 9) (56, 62) (60, 60) (31, 41) (80, 92) (34, 44) (17, 21) (72, 96) (45, 55) (61, 69) (55, 61) (58, 66) (61, 81) (22, 22) (6, 6) 
(6, 6) (32, 32) (35, 41) (53, 53) (59, 59) (29, 37) (5, 5) (36, 38) (76, 94) (29, 37) (40, 54) (65, 75) (6, 6) (30, 34) (75, 97) (24, 28) (33, 39) (56, 72) (78, 78) (14, 18) 
(56, 64) (4, 4) (43, 45) (12, 16) (39, 51) (77, 89) (7, 7) (64, 86) (83, 89) (88, 88) (23, 27) (78, 92) (94, 104) (69, 91) (44, 56) (86, 96) (14, 14) (86, 88) (72, 74) (72, 72) 
(81, 103) (25, 25) (87, 99) (29, 31) (8, 10) (74, 98) (69, 89) (70, 72) (5, 5) (43, 51) (58, 64) (70, 86) (65, 87) (67, 75) (92, 104) (29, 39) (23, 23) (82, 82) (50, 56) (19, 23) 
(82, 100) (81, 81) (61, 79) (31, 41) (90, 102) (21, 25) (51, 59) (84, 102) (77, 95) (14, 16) (19, 19) (18, 18) (57, 75) (41, 47) (55, 61) (53, 71) (54, 54) (70, 88) (11, 11) (49, 49) 
(58, 66) (77, 77) (8, 10) (4, 4) (72, 88) (24, 26) (15, 17) (85, 105) (28, 32) (53, 61) (39, 41) (70, 92) (3, 3) (27, 29) (43, 47) (53, 65) (80, 108) (29, 33) (89, 93) (47, 63) 
(73, 97) (20, 26) (68, 88) (68, 68) (53, 65) (8, 10) (61, 81) (83, 101) (47, 53) (34, 42) (35, 35) (31, 31) (83, 99) (52, 62) (68, 72) (53, 67) (70, 76) (36, 42) (74, 78) (52, 68) 
(52, 70) (72, 82) (20, 24) (39, 47) (58, 74) (43, 51) (46, 60) (88, 106) (86, 96) (59, 69) (84, 102) (43, 49) (19, 21) (81, 99) (56, 60) (31, 41) (86, 110) (66, 74) (47, 51) (81, 103) 
(35, 35) (56, 56) (42, 48) (14, 16) (73, 85) (59, 73) (53, 57) (1, 1) (80, 98) (27, 31) (97, 99) (31, 31) (39, 51) (46, 56) (77, 89) (7, 7) (72, 80) (5, 5) (72, 84) (73, 81) 
(8, 8) (52, 64) (24, 24) (60, 64) (76, 78) (33, 43) (8, 10) (6, 6) (79, 97) (23, 23) (9, 9) (12, 12) (9, 9) (59, 71) (67, 69) (57, 57) (33, 43) (15, 15) (87, 109) (55, 55) 
(91, 101) (26, 30) (52, 52) (84, 98) (9, 9) (13, 17) (41, 47) (65, 73) (94, 104) (14, 16) (58, 72) (9, 9) (27, 27) (49, 63) (66, 74) (35, 43) (20, 22) (56, 62) (2, 2) (13, 17) 
(92, 104) (75, 93) (41, 47) (10, 10) (81, 87) (75, 81) (19, 19) (80, 80) (26, 30) (17, 21) (50, 66) (76, 76) (43, 55) (75, 101) (41, 43) (71, 85) (73, 83) (85, 97) (80, 86) (25, 33) 
(18, 18) (37, 43) (19, 23) (8, 8) (30, 32) (52, 60) (52, 60) (76, 80) (43, 47) (31, 31) (79, 79) (45, 49) (71, 75) (59, 73) (27, 27) (91, 105) (67, 79) (69, 89) (64, 84) (7, 9) 
(91, 99) (2, 2) (40, 42) (42, 50) (19, 19) (31, 39) (40, 42) (72, 92) (67, 87) (3, 3) (49, 55) (13, 17) (12, 12) (3, 3) (30, 30) (93, 93) (84, 108) (64, 72) (70, 76) (64, 70) 
(89, 95) (58, 62) (40, 50) (61, 69) (5, 5) (79, 83) (19, 23) (2, 2) (70, 72) (51, 63) (16, 20) (2, 2) (58, 62) (36, 46) (41, 45) (34, 38) (67, 83) (50, 60) (70, 88) (33, 43) 
(30, 40) (6, 6) (5, 5) (4, 4) (37, 41) (40, 46) (66, 86) (71, 95) (37, 39) (45, 49) (3, 3) (58, 78) (53, 63) (44, 54) (88, 110) (17, 23) (9, 9) (39, 39) (11, 11) (9, 9) 
(34, 42) (52, 60) (61, 69) (46, 62) (85, 105) (6, 6) (8, 8) (48, 58) (9, 9) (41, 47) (35, 43) (17, 19) (77, 77) (6, 6) (40, 46) (24, 28) (54, 54) (63, 65) (41, 45) (70, 72) 
(68, 82) (29, 33) (50, 52) (94, 96) (50, 50) (91, 105) (71, 89) (34, 42) (97, 101) (77, 79) (71, 95) (35, 41) (4, 4) (62, 74) (40, 48) (82, 108) (68, 86) (16, 16) (82, 96) (50, 54) 
(10, 10) (35, 47) (51, 53) (96, 98) (53, 57) (47, 53) (48, 48) (85, 89) (84, 110) (1, 1) (27, 27) (59, 79) (4, 4) (75, 75) (54, 64) (50, 50) (22, 22) (66, 80) (66, 80) (57, 57) 
(7, 9) (56, 68) (21, 27) (29, 29) (87, 87) (69, 75) (33, 35) (23, 23) (32, 38) (1, 1) (4, 4) (40, 44) (79, 101) (23, 23) (23, 27) (53, 71) (45, 47) (14, 14) (76, 82) (1, 1) 
(12, 14) (83, 109) (42, 44) (79, 105) (11, 11) (82, 106) (5, 5) (30, 38) (37, 39) (63, 73) (68, 72) (58, 72) (58, 66) (9, 9) (33, 37) (84, 104) (12, 12) (27, 33) (81, 101) (61, 65) 
(30, 36) (12, 16) (68, 90) (21, 27) (10, 12) (5, 5) (20, 24) (52, 70) (27, 27) (81, 95) (4, 4) (75, 81) (60, 64) (63, 81) (55, 57) (16, 20) (59, 65) (46, 48) (25, 29) (85, 103) 
(29, 39) (6, 6) (57, 65) (59, 61) (45, 51) (2, 2) (57, 71) (24, 30) (15, 17) (69, 73) (63, 79) (46, 48) (51, 53) (68, 78) (38, 46) (88, 110) (5, 5) (64, 80) (37, 49) (27, 27) 
TIEMPOS MAXIMOS DE FIN
(10000, 10000) (10000, 10000) (10000, 10000) (10000, 10000) (10000, 10000) (10000, 10000) (10000, 10000) (10000, 10000) (10000, 10000) (10000, 10000) (10000, 10000) (10000, 10000) (10000, 10000) (10000, 10000) (10000, 10000) (10000, 10000) (10000, 10000) (10000, 10000) (10000, 10000) (10000, 10000) (10000, 10000) (10000, 10000) (10000, 10000) (10000, 10000) (10000, 10000) (10000, 10000) (10000, 10000) (10000, 10000) (10000, 10000) (10000, 10000) (10000, 10000) (10000, 10000) (10000, 10000) (10000, 10000) (10000, 10000) (10000, 10000) (10000, 10000) (10000, 10000) (10000, 10000) (10000, 10000) (10000, 10000) (10000, 10000) (10000, 10000) (10000, 10000) (10000, 10000) (10000, 10000) (10000, 10000) (10000, 10000) (10000, 10000) (10000, 10000) (10000, 10000) (10000, 10000) (10000, 10000) (10000, 10000) (10000, 10000) (10000, 10000) (10000, 10000) (10000, 10000) (10000, 10000) (10000, 10000) (10000, 10000) (10000, 10000) (10000, 10000) (10000, 10000) (10000, 10000) (10000, 10000) (10000, 10000) (10000, 10000) (10000, 10000) (10000, 10000) (10000, 10000) (10000, 10000) (10000, 10000) (10000, 10000) (10000, 10000) (10000, 10000) (10000, 10000) (10000, 10000) (10000, 10000) (10000, 10000) (10000, 10000) (10000, 10000) (10000, 10000) (10000, 10000) (10000, 10000) (10000, 10000) (10000, 10000) (10000, 10000) (10000, 10000) (10000, 10000) (10000, 10000) (10000, 10000) (10000, 10000) (10000, 10000) (10000, 10000) (10000, 10000) (10000, 10000) (10000, 10000) (10000, 10000) (10000, 10000) 
// Desviacion Izda: min(0%), max(15%), promedio(6.34472%)
// Desviacion Dcha: min(0%), max(15%), promedio(6.34472%)
