NUMERO DE TRABAJOS
100
NUMERO DE RECURSOS
20
SECUENCIA DE MAQUINAS
9 19 7 6 2 13 11 18 16 8 14 3 1 4 5 0 15 10 12 17 
3 2 6 15 16 18 8 14 10 12 13 1 17 0 5 11 7 4 9 19 
12 11 13 16 7 9 3 19 10 14 2 0 18 6 1 17 15 5 4 8 
12 19 5 11 14 4 13 7 6 15 18 1 0 3 17 2 10 16 8 9 
12 2 10 11 8 18 17 6 5 13 9 14 4 16 19 15 3 1 0 7 
12 14 18 0 9 3 15 16 2 13 17 7 11 10 5 19 8 4 1 6 
2 18 8 10 17 12 19 9 7 4 11 14 1 3 0 16 13 15 6 5 
5 11 0 18 16 6 3 7 13 9 10 14 19 15 12 1 17 8 4 2 
8 1 7 15 17 12 14 18 16 0 3 13 9 4 19 11 10 6 5 2 
11 13 0 4 8 19 14 2 17 12 18 6 3 5 10 15 16 1 7 9 
0 9 2 7 4 3 15 17 6 1 10 8 19 5 16 18 11 14 12 13 
16 11 6 13 17 14 2 5 1 4 8 9 15 19 3 0 18 7 12 10 
11 14 18 8 1 9 5 10 2 3 16 0 4 17 13 19 6 12 15 7 
3 19 14 10 16 7 0 1 12 5 11 6 18 8 4 2 15 9 13 17 
6 9 11 4 14 8 10 19 5 12 18 17 3 15 0 1 16 13 7 2 
6 1 5 18 13 15 9 3 7 8 16 14 10 4 17 11 12 0 19 2 
12 16 2 3 0 18 9 10 19 4 13 15 6 17 7 5 11 8 1 14 
6 15 0 5 2 12 19 10 3 7 13 4 11 16 8 1 18 14 9 17 
4 1 15 19 0 18 16 14 12 11 3 9 10 8 2 17 6 5 7 13 
12 19 13 8 10 14 17 1 7 3 4 18 5 6 2 15 0 11 16 9 
15 12 11 19 3 0 14 4 1 13 18 8 17 2 7 5 16 6 10 9 
4 6 5 7 1 2 13 3 9 18 16 15 12 0 11 17 10 8 14 19 
19 17 18 12 5 15 0 8 4 1 6 10 13 16 14 2 7 11 9 3 
16 15 18 8 1 7 17 10 0 9 12 14 11 5 13 6 3 4 2 19 
12 11 1 0 8 6 15 3 17 9 7 19 13 18 14 4 16 5 10 2 
9 1 19 16 7 5 17 11 8 0 2 3 18 4 12 15 10 14 13 6 
10 5 15 16 2 9 4 0 8 19 14 13 1 12 17 18 11 3 7 6 
8 5 9 19 2 11 18 4 3 7 12 1 6 10 14 15 16 0 17 13 
4 6 12 5 9 15 0 16 11 3 7 8 17 18 13 19 2 10 14 1 
16 15 10 3 5 14 12 18 13 0 1 8 19 17 7 4 2 11 6 9 
11 5 3 4 0 9 16 17 13 12 18 10 2 1 14 19 7 15 8 6 
15 2 11 12 5 1 10 3 7 14 18 19 13 4 17 8 6 9 0 16 
16 17 13 2 1 6 14 4 18 15 19 0 12 8 9 10 5 3 11 7 
14 0 17 19 18 11 4 3 12 15 10 13 16 9 7 2 1 5 6 8 
16 15 14 6 4 5 1 19 0 10 2 12 17 13 8 9 3 7 11 18 
14 3 5 18 6 16 1 19 10 2 12 9 0 4 17 7 13 11 15 8 
10 16 7 11 14 5 13 12 17 6 9 2 3 1 8 15 18 0 19 4 
5 15 13 16 18 19 8 11 4 6 3 2 0 17 1 10 12 14 9 7 
13 0 11 7 18 5 6 8 14 4 9 10 19 15 1 2 3 12 17 16 
5 11 13 9 17 3 14 12 19 4 16 1 15 2 18 0 10 8 7 6 
1 7 15 9 19 5 17 8 2 11 3 12 6 0 14 10 16 13 18 4 
12 13 6 18 8 2 14 1 16 4 7 9 0 19 5 11 10 3 17 15 
5 13 9 11 10 16 4 18 0 17 8 3 14 2 7 19 12 6 15 1 
10 1 17 2 19 14 0 8 15 16 3 9 18 4 12 7 6 5 11 13 
19 13 3 7 10 6 9 2 14 11 17 12 4 16 5 15 18 8 0 1 
16 12 14 19 9 8 15 18 0 6 2 11 13 7 4 3 1 5 17 10 
4 3 10 15 11 5 0 12 14 1 2 19 16 18 8 6 7 17 9 13 
1 19 5 14 12 13 18 9 7 16 0 6 10 15 17 4 11 2 8 3 
4 6 3 13 1 10 2 5 18 16 17 7 15 8 9 19 0 14 11 12 
19 6 0 3 5 4 12 8 2 7 17 18 9 1 10 14 13 16 15 11 
9 18 12 10 1 2 13 6 8 17 7 4 11 3 0 15 19 16 14 5 
11 1 2 15 13 8 4 10 16 14 12 17 18 6 5 0 3 19 7 9 
16 12 10 2 6 18 9 17 0 1 15 4 19 11 7 13 8 5 14 3 
13 5 8 19 9 15 1 10 4 17 18 14 2 0 7 3 16 12 11 6 
14 2 3 6 12 5 16 19 4 1 9 7 0 15 11 17 18 13 10 8 
2 11 0 15 19 6 4 3 17 14 9 16 18 8 1 13 5 7 10 12 
6 15 9 0 14 8 13 1 4 5 17 18 12 10 19 11 2 7 16 3 
13 2 12 3 5 6 17 19 8 10 16 0 15 11 18 9 7 1 4 14 
19 7 15 14 10 9 4 17 13 2 8 6 11 1 18 16 3 0 12 5 
12 0 17 18 6 5 11 3 2 10 15 7 9 13 8 1 4 14 19 16 
3 0 14 5 4 15 2 17 12 10 16 7 6 11 8 9 19 13 18 1 
7 4 15 13 11 9 1 8 6 0 12 18 19 14 3 16 10 2 17 5 
7 4 1 19 6 14 13 12 0 17 11 18 5 15 10 8 9 3 16 2 
1 9 5 14 17 0 3 2 18 13 4 11 12 6 8 19 7 10 16 15 
1 18 12 0 5 11 9 14 2 15 8 6 3 17 10 13 7 4 19 16 
8 19 18 7 4 16 6 15 9 12 1 14 17 2 10 3 0 13 11 5 
7 2 1 6 11 12 14 18 9 15 3 8 17 16 19 0 13 4 5 10 
16 3 5 10 15 8 6 14 13 19 18 7 17 11 2 0 4 12 1 9 
5 11 1 0 16 10 6 2 7 8 12 14 18 4 15 19 17 9 13 3 
8 3 2 14 0 1 16 6 11 9 4 18 19 10 5 17 13 7 12 15 
2 16 9 6 19 3 0 7 12 17 18 5 14 10 4 13 15 11 1 8 
11 7 15 14 2 0 1 4 12 9 3 19 16 5 17 10 13 18 8 6 
15 11 8 14 3 13 18 0 4 6 1 17 19 12 9 5 2 7 16 10 
6 17 5 0 7 15 18 19 1 12 2 10 4 8 3 9 14 16 13 11 
16 6 17 5 11 9 13 19 1 14 2 7 8 18 0 15 4 12 10 3 
3 5 17 15 6 13 12 16 14 10 0 18 1 7 8 11 4 19 2 9 
12 15 19 3 10 16 2 18 11 7 9 8 17 13 0 1 4 5 14 6 
5 6 12 3 4 10 15 0 17 14 19 8 7 16 9 13 1 11 2 18 
1 17 18 15 0 14 5 11 8 3 16 6 2 9 13 4 12 7 10 19 
8 6 1 10 5 12 0 11 2 3 4 15 17 13 19 18 7 14 9 16 
0 14 18 15 5 7 12 11 10 16 6 9 19 2 3 8 17 4 13 1 
10 2 18 13 11 9 14 4 15 12 19 17 1 3 6 16 0 8 7 5 
10 4 7 18 8 9 17 19 1 14 16 15 11 13 5 0 2 3 12 6 
0 3 1 19 15 8 16 11 13 10 5 9 6 7 17 12 14 4 18 2 
10 6 8 2 7 15 13 9 18 12 16 1 17 11 14 5 4 3 19 0 
18 12 6 19 15 16 1 2 7 3 17 4 0 9 11 13 14 10 8 5 
9 15 8 14 0 7 3 18 4 13 2 12 6 19 5 16 11 17 10 1 
16 18 15 0 6 2 12 14 3 11 9 13 7 8 5 19 10 17 4 1 
9 6 12 18 15 11 17 3 7 14 10 0 4 16 19 8 1 2 13 5 
16 13 17 14 12 15 18 8 19 6 2 11 5 10 0 3 4 1 9 7 
16 2 14 3 19 9 6 17 15 0 7 11 5 12 18 8 10 1 13 4 
13 9 1 18 7 12 19 2 11 6 17 3 16 14 15 4 8 0 5 10 
3 19 9 16 14 5 4 6 15 11 1 7 8 10 2 13 0 17 18 12 
11 7 15 16 3 2 12 5 17 19 14 6 9 10 8 18 0 13 1 4 
8 15 13 14 18 16 19 0 7 17 12 11 4 1 3 9 6 2 5 10 
17 8 2 11 9 4 10 15 5 19 0 14 6 16 18 3 7 12 1 13 
0 18 12 4 8 14 5 6 16 13 2 7 9 15 17 1 3 19 11 10 
9 15 14 12 7 3 5 19 0 2 1 8 4 16 6 18 10 11 13 17 
19 4 10 18 1 17 0 8 5 9 14 6 12 7 2 15 3 13 16 11 
4 11 9 17 0 12 14 1 19 13 2 3 15 16 6 8 10 7 5 18 
DURACIONES
(47, 59) (44, 52) (17, 17) (39, 45) (63, 77) (86, 112) (22, 24) (68, 90) (36, 48) (79, 97) (21, 25) (74, 80) (51, 67) (44, 46) (76, 92) (54, 62) (44, 50) (78, 104) (25, 33) (42, 54) 
(51, 53) (71, 77) (35, 35) (3, 3) (41, 49) (36, 36) (89, 95) (19, 21) (53, 63) (14, 14) (5, 5) (80, 106) (42, 50) (32, 40) (85, 103) (76, 76) (61, 65) (89, 101) (59, 73) (43, 55) 
(42, 42) (56, 68) (74, 92) (56, 62) (55, 65) (8, 8) (13, 17) (10, 10) (1, 1) (67, 89) (25, 29) (95, 101) (32, 38) (22, 22) (76, 84) (70, 84) (84, 88) (63, 63) (38, 50) (38, 40) 
(10, 10) (6, 6) (60, 64) (66, 68) (62, 70) (33, 43) (19, 21) (65, 87) (91, 97) (59, 75) (29, 39) (55, 63) (25, 29) (56, 66) (9, 11) (60, 74) (20, 22) (83, 97) (64, 82) (13, 15) 
(15, 19) (35, 39) (21, 21) (87, 95) (6, 8) (42, 46) (19, 25) (44, 56) (31, 31) (73, 91) (51, 55) (21, 21) (76, 102) (31, 39) (42, 54) (16, 16) (65, 75) (93, 93) (36, 46) (5, 5) 
(57, 69) (67, 69) (42, 48) (35, 47) (72, 84) (73, 75) (97, 97) (14, 14) (46, 50) (52, 56) (78, 104) (82, 102) (86, 96) (61, 67) (56, 66) (6, 6) (6, 6) (59, 61) (63, 67) (67, 79) 
(86, 96) (56, 60) (70, 80) (11, 11) (7, 7) (79, 93) (64, 76) (25, 27) (48, 58) (5, 5) (69, 93) (62, 70) (49, 65) (71, 83) (87, 91) (47, 51) (3, 3) (52, 66) (82, 104) (35, 39) 
(32, 34) (87, 107) (71, 91) (31, 39) (82, 84) (27, 29) (44, 50) (29, 39) (22, 24) (96, 96) (27, 35) (88, 100) (63, 63) (20, 22) (1, 1) (51, 61) (33, 39) (46, 54) (79, 103) (86, 90) 
(32, 42) (68, 72) (38, 38) (75, 93) (23, 27) (28, 36) (67, 77) (35, 39) (22, 24) (12, 16) (41, 47) (3, 3) (25, 25) (91, 91) (90, 104) (85, 91) (56, 72) (75, 87) (65, 65) (54, 64) 
(35, 45) (21, 25) (50, 54) (37, 41) (58, 70) (9, 9) (59, 71) (22, 22) (63, 79) (51, 51) (7, 7) (6, 8) (6, 8) (29, 39) (56, 62) (2, 2) (43, 47) (41, 41) (87, 105) (19, 21) 
(44, 52) (61, 65) (41, 53) (12, 12) (54, 58) (81, 91) (82, 90) (1, 1) (18, 22) (80, 80) (77, 87) (4, 4) (8, 8) (47, 63) (81, 89) (66, 84) (19, 25) (11, 11) (44, 48) (46, 50) 
(75, 77) (54, 58) (19, 19) (6, 8) (39, 49) (88, 92) (20, 26) (11, 13) (52, 62) (90, 108) (68, 82) (22, 22) (54, 64) (84, 108) (5, 5) (67, 67) (94, 94) (58, 70) (82, 94) (66, 88) 
(80, 94) (21, 23) (14, 14) (17, 21) (91, 105) (58, 78) (43, 51) (94, 100) (10, 10) (66, 76) (66, 66) (41, 43) (18, 24) (43, 55) (76, 98) (49, 49) (53, 55) (63, 85) (87, 97) (23, 27) 
(21, 23) (59, 69) (18, 24) (42, 46) (34, 34) (38, 48) (14, 14) (73, 73) (36, 40) (54, 62) (50, 54) (24, 28) (6, 6) (48, 64) (86, 110) (2, 2) (95, 101) (43, 55) (84, 98) (60, 70) 
(58, 58) (49, 63) (73, 73) (19, 25) (63, 67) (81, 107) (93, 103) (12, 14) (23, 27) (61, 71) (35, 35) (43, 57) (8, 8) (46, 48) (33, 33) (22, 26) (46, 60) (37, 41) (40, 46) (85, 107) 
(89, 109) (68, 76) (40, 40) (86, 90) (37, 41) (25, 27) (56, 58) (81, 81) (55, 71) (67, 75) (86, 100) (56, 62) (12, 12) (66, 76) (83, 91) (46, 58) (64, 70) (26, 28) (60, 80) (81, 101) 
(62, 64) (82, 92) (66, 78) (42, 46) (17, 23) (77, 77) (46, 50) (32, 36) (57, 67) (61, 67) (26, 26) (60, 76) (83, 101) (18, 18) (48, 54) (41, 45) (14, 16) (66, 74) (20, 26) (55, 57) 
(6, 6) (39, 39) (59, 71) (40, 54) (66, 72) (15, 19) (33, 37) (84, 104) (49, 55) (50, 66) (59, 67) (57, 69) (77, 101) (56, 56) (27, 33) (21, 27) (33, 41) (3, 3) (52, 70) (11, 13) 
(68, 92) (44, 56) (31, 39) (43, 43) (86, 106) (3, 3) (77, 85) (10, 10) (12, 16) (30, 34) (53, 55) (19, 23) (54, 60) (71, 85) (49, 63) (7, 9) (57, 63) (34, 40) (43, 51) (2, 2) 
(86, 100) (42, 50) (40, 54) (13, 13) (83, 91) (54, 66) (77, 89) (63, 75) (31, 33) (11, 13) (2, 2) (77, 101) (3, 3) (11, 13) (14, 14) (89, 109) (67, 71) (12, 12) (76, 82) (65, 79) 
(93, 105) (49, 61) (40, 48) (14, 18) (48, 50) (76, 96) (40, 40) (37, 43) (37, 45) (36, 36) (93, 93) (33, 35) (81, 95) (85, 95) (98, 100) (32, 42) (53, 55) (75, 89) (4, 4) (53, 57) 
(28, 34) (24, 28) (11, 13) (48, 48) (35, 47) (2, 2) (25, 25) (15, 19) (29, 35) (74, 80) (92, 104) (2, 2) (75, 89) (85, 99) (32, 34) (51, 55) (51, 55) (26, 30) (27, 27) (74, 98) 
(83, 89) (52, 66) (37, 43) (41, 43) (40, 52) (75, 81) (12, 16) (6, 8) (42, 56) (6, 6) (24, 32) (11, 13) (73, 73) (31, 39) (61, 67) (49, 65) (67, 87) (63, 65) (54, 72) (14, 16) 
(16, 18) (57, 61) (60, 60) (32, 42) (83, 107) (70, 86) (59, 63) (39, 51) (51, 51) (67, 67) (31, 37) (41, 49) (46, 48) (74, 98) (72, 76) (5, 5) (61, 73) (73, 85) (26, 28) (8, 10) 
(61, 79) (20, 26) (25, 33) (68, 88) (50, 58) (3, 3) (25, 29) (82, 82) (28, 32) (80, 100) (24, 30) (86, 104) (8, 8) (9, 9) (54, 62) (41, 41) (24, 26) (79, 95) (32, 38) (22, 26) 
(34, 44) (59, 65) (71, 89) (66, 82) (24, 26) (43, 43) (68, 90) (45, 59) (12, 12) (6, 6) (65, 69) (40, 52) (32, 42) (13, 15) (35, 39) (2, 2) (80, 84) (12, 12) (38, 38) (8, 10) 
(73, 95) (81, 93) (39, 41) (12, 12) (8, 10) (53, 71) (24, 30) (65, 71) (21, 27) (75, 83) (52, 52) (16, 20) (55, 59) (86, 100) (59, 63) (15, 15) (56, 66) (20, 22) (86, 100) (51, 63) 
(48, 60) (88, 90) (28, 32) (4, 4) (36, 38) (67, 77) (1, 1) (10, 10) (60, 70) (74, 88) (21, 23) (16, 18) (62, 82) (36, 46) (47, 55) (40, 44) (19, 23) (36, 42) (1, 1) (53, 65) 
(57, 73) (76, 88) (11, 11) (76, 94) (7, 9) (50, 56) (87, 91) (27, 31) (59, 61) (20, 24) (42, 50) (25, 33) (22, 22) (64, 78) (35, 35) (6, 6) (20, 24) (67, 87) (69, 69) (26, 34) 
(37, 49) (32, 38) (82, 86) (66, 70) (76, 94) (3, 3) (10, 12) (13, 13) (60, 72) (69, 79) (28, 32) (54, 54) (12, 12) (92, 96) (77, 93) (75, 97) (69, 79) (16, 18) (87, 89) (6, 6) 
(76, 86) (3, 3) (69, 69) (70, 92) (49, 55) (55, 63) (83, 93) (89, 109) (63, 63) (35, 35) (47, 49) (26, 26) (38, 50) (38, 38) (29, 35) (4, 4) (80, 80) (38, 50) (78, 94) (79, 101) 
(33, 37) (12, 16) (55, 71) (25, 25) (6, 8) (22, 22) (62, 82) (38, 38) (56, 70) (77, 83) (60, 70) (75, 93) (7, 9) (16, 20) (76, 82) (38, 46) (93, 95) (77, 101) (28, 30) (37, 43) 
(95, 101) (69, 83) (74, 100) (64, 74) (59, 71) (57, 71) (56, 60) (6, 8) (16, 20) (7, 7) (9, 9) (31, 41) (44, 52) (41, 55) (73, 93) (43, 43) (34, 36) (84, 84) (30, 34) (74, 94) 
(21, 23) (88, 102) (86, 98) (87, 103) (61, 79) (76, 92) (3, 3) (54, 58) (29, 33) (10, 10) (30, 40) (41, 53) (89, 99) (55, 67) (41, 49) (45, 49) (4, 4) (1, 1) (31, 39) (51, 55) 
(1, 1) (21, 23) (46, 46) (78, 104) (70, 86) (48, 48) (32, 32) (87, 99) (28, 28) (89, 93) (15, 17) (52, 52) (43, 53) (41, 45) (10, 12) (63, 73) (42, 46) (46, 56) (10, 12) (29, 37) 
(26, 26) (64, 66) (81, 105) (8, 8) (38, 50) (91, 105) (43, 57) (34, 38) (5, 5) (59, 77) (6, 6) (43, 55) (46, 46) (48, 62) (1, 1) (85, 103) (12, 14) (39, 39) (77, 103) (34, 46) 
(60, 66) (27, 33) (24, 24) (40, 42) (84, 110) (71, 71) (82, 102) (91, 91) (21, 23) (91, 103) (46, 52) (34, 46) (33, 41) (32, 40) (22, 24) (78, 88) (46, 60) (70, 72) (59, 69) (71, 81) 
(36, 38) (53, 67) (77, 81) (25, 25) (82, 84) (20, 22) (10, 10) (75, 81) (75, 75) (8, 10) (66, 74) (35, 37) (41, 41) (7, 9) (1, 1) (17, 21) (1, 1) (6, 6) (67, 67) (45, 47) 
(5, 5) (25, 33) (68, 84) (14, 18) (77, 85) (9, 9) (94, 94) (74, 90) (64, 78) (5, 5) (3, 3) (34, 42) (23, 27) (73, 97) (43, 47) (58, 66) (29, 31) (51, 65) (9, 11) (17, 23) 
(73, 97) (91, 107) (26, 34) (22, 24) (90, 92) (32, 32) (56, 66) (42, 42) (10, 12) (52, 60) (33, 33) (28, 32) (23, 31) (19, 19) (13, 15) (72, 90) (20, 22) (55, 57) (57, 57) (68, 68) 
(4, 4) (20, 20) (32, 42) (60, 64) (76, 82) (61, 63) (62, 80) (18, 18) (70, 94) (6, 8) (40, 44) (93, 101) (9, 11) (6, 6) (23, 27) (62, 78) (26, 28) (85, 89) (68, 70) (51, 55) 
(14, 14) (18, 20) (36, 36) (50, 54) (75, 101) (60, 74) (2, 2) (27, 33) (77, 89) (83, 89) (85, 109) (30, 36) (23, 23) (5, 5) (40, 44) (71, 83) (40, 54) (53, 63) (21, 25) (38, 50) 
(76, 88) (67, 79) (81, 101) (69, 87) (52, 56) (1, 1) (26, 34) (8, 10) (32, 42) (3, 3) (71, 71) (26, 26) (86, 110) (66, 74) (30, 40) (54, 56) (71, 73) (45, 49) (33, 37) (74, 96) 
(32, 40) (13, 15) (92, 100) (55, 67) (3, 3) (28, 32) (85, 111) (67, 83) (39, 43) (78, 80) (95, 97) (68, 78) (54, 54) (66, 78) (26, 32) (6, 6) (30, 32) (31, 33) (30, 38) (48, 52) 
(82, 104) (15, 17) (85, 107) (64, 82) (93, 95) (31, 41) (28, 30) (37, 39) (57, 69) (13, 15) (6, 8) (7, 7) (48, 64) (51, 57) (6, 8) (77, 89) (33, 33) (52, 68) (76, 100) (51, 65) 
(60, 68) (11, 11) (12, 14) (4, 4) (69, 79) (21, 25) (78, 90) (60, 64) (8, 8) (37, 47) (90, 102) (24, 28) (41, 41) (2, 2) (26, 30) (12, 16) (87, 111) (13, 15) (58, 72) (80, 80) 
(9, 11) (96, 102) (19, 21) (79, 81) (52, 68) (2, 2) (90, 106) (87, 107) (1, 1) (1, 1) (55, 63) (1, 1) (26, 26) (94, 104) (89, 89) (35, 41) (15, 15) (43, 51) (71, 77) (12, 16) 
(46, 58) (43, 57) (12, 14) (73, 73) (79, 97) (65, 69) (74, 82) (74, 90) (17, 19) (86, 86) (25, 29) (31, 37) (25, 27) (30, 30) (17, 17) (2, 2) (74, 100) (83, 87) (37, 43) (67, 87) 
(67, 73) (92, 104) (20, 26) (28, 30) (78, 98) (27, 35) (6, 8) (87, 97) (3, 3) (78, 82) (18, 18) (38, 40) (55, 59) (53, 59) (8, 8) (1, 1) (69, 89) (87, 93) (65, 83) (51, 59) 
(22, 28) (28, 30) (50, 52) (82, 84) (83, 99) (80, 106) (43, 45) (14, 18) (23, 23) (7, 7) (54, 60) (52, 60) (72, 72) (36, 46) (62, 74) (25, 25) (58, 68) (40, 46) (75, 99) (46, 60) 
(31, 39) (11, 13) (79, 99) (38, 44) (67, 73) (18, 18) (60, 80) (59, 79) (5, 5) (53, 65) (30, 30) (29, 39) (22, 24) (37, 47) (39, 51) (91, 93) (87, 97) (58, 62) (90, 106) (39, 43) 
(59, 63) (4, 4) (30, 30) (47, 53) (45, 55) (36, 42) (39, 43) (15, 15) (20, 24) (48, 62) (37, 37) (6, 8) (75, 101) (56, 60) (89, 91) (61, 67) (6, 8) (23, 23) (18, 20) (36, 38) 
(4, 4) (53, 61) (1, 1) (73, 87) (21, 21) (32, 38) (32, 32) (97, 99) (68, 88) (44, 56) (73, 85) (49, 57) (37, 43) (18, 20) (23, 27) (80, 88) (91, 91) (44, 58) (87, 103) (4, 4) 
(64, 82) (88, 96) (24, 26) (40, 42) (52, 64) (32, 40) (47, 53) (89, 91) (98, 98) (35, 43) (83, 105) (57, 71) (13, 17) (29, 29) (25, 29) (80, 98) (50, 50) (23, 29) (34, 42) (11, 11) 
(81, 83) (34, 40) (91, 107) (30, 38) (91, 97) (45, 47) (71, 77) (39, 51) (76, 80) (40, 42) (51, 65) (43, 43) (68, 74) (57, 61) (24, 26) (48, 62) (78, 90) (46, 50) (83, 85) (54, 60) 
(10, 12) (51, 55) (36, 42) (71, 91) (64, 68) (99, 99) (65, 81) (74, 78) (7, 7) (86, 96) (31, 35) (41, 53) (12, 16) (46, 56) (22, 28) (4, 4) (13, 17) (26, 26) (69, 89) (61, 79) 
(77, 81) (97, 97) (8, 10) (50, 62) (47, 53) (43, 43) (52, 58) (32, 32) (86, 96) (73, 77) (75, 91) (17, 17) (50, 60) (41, 45) (80, 80) (56, 68) (52, 68) (3, 3) (49, 63) (33, 33) 
(92, 102) (39, 41) (32, 32) (7, 7) (81, 89) (60, 60) (17, 21) (13, 13) (49, 59) (54, 70) (45, 49) (11, 11) (31, 33) (49, 49) (57, 73) (62, 76) (67, 67) (83, 109) (6, 8) (69, 73) 
(7, 7) (53, 55) (17, 21) (12, 16) (68, 68) (72, 76) (1, 1) (58, 66) (50, 56) (46, 56) (30, 40) (20, 26) (84, 92) (65, 71) (49, 57) (36, 42) (57, 73) (64, 64) (92, 94) (80, 106) 
(9, 9) (24, 32) (6, 6) (68, 78) (68, 78) (70, 72) (6, 8) (53, 61) (86, 104) (83, 103) (53, 59) (59, 75) (23, 23) (29, 31) (96, 100) (37, 37) (31, 37) (23, 31) (39, 51) (58, 66) 
(29, 35) (70, 72) (41, 53) (14, 18) (45, 55) (87, 105) (30, 32) (9, 11) (55, 71) (9, 11) (74, 74) (85, 91) (31, 33) (46, 54) (81, 105) (41, 41) (54, 56) (5, 5) (69, 69) (77, 89) 
(4, 4) (8, 8) (89, 93) (51, 57) (51, 67) (46, 56) (54, 62) (54, 56) (55, 71) (3, 3) (58, 70) (34, 42) (21, 21) (7, 9) (69, 69) (91, 95) (95, 95) (55, 67) (37, 37) (67, 81) 
(86, 86) (42, 50) (70, 72) (84, 104) (79, 89) (71, 73) (47, 55) (74, 76) (44, 48) (17, 17) (32, 38) (20, 24) (43, 43) (57, 71) (4, 4) (31, 33) (22, 22) (69, 73) (26, 26) (61, 63) 
(40, 48) (48, 62) (11, 13) (35, 41) (31, 39) (6, 6) (53, 69) (90, 96) (16, 20) (59, 65) (37, 47) (20, 26) (9, 9) (67, 75) (69, 89) (78, 90) (86, 94) (62, 72) (85, 99) (41, 55) 
(77, 79) (20, 24) (7, 9) (81, 89) (85, 99) (7, 9) (41, 49) (38, 38) (18, 22) (33, 43) (65, 81) (50, 56) (40, 48) (17, 21) (66, 84) (35, 47) (64, 78) (6, 6) (82, 86) (72, 76) 
(30, 30) (41, 41) (18, 22) (49, 49) (58, 62) (57, 61) (37, 43) (72, 72) (30, 32) (24, 28) (49, 61) (3, 3) (56, 66) (56, 58) (52, 64) (84, 90) (84, 92) (39, 41) (92, 96) (77, 79) 
(7, 9) (13, 17) (65, 67) (46, 46) (20, 24) (65, 67) (12, 14) (6, 8) (30, 30) (63, 65) (51, 59) (29, 33) (96, 96) (70, 94) (52, 68) (13, 15) (63, 63) (56, 56) (68, 74) (63, 63) 
(28, 30) (9, 11) (72, 84) (45, 47) (83, 105) (87, 107) (76, 94) (76, 96) (59, 67) (50, 50) (45, 53) (27, 27) (58, 68) (69, 93) (4, 4) (71, 89) (8, 10) (95, 95) (6, 6) (74, 92) 
(61, 65) (24, 32) (36, 38) (58, 66) (51, 61) (71, 75) (53, 55) (60, 80) (53, 53) (6, 8) (30, 40) (59, 69) (20, 24) (93, 103) (37, 45) (6, 6) (88, 88) (20, 20) (5, 5) (78, 94) 
(76, 92) (84, 84) (18, 24) (32, 38) (48, 60) (90, 106) (92, 98) (46, 62) (63, 63) (52, 66) (65, 83) (80, 100) (59, 77) (95, 101) (39, 39) (82, 84) (5, 5) (17, 21) (69, 79) (63, 83) 
(1, 1) (41, 41) (29, 33) (10, 10) (98, 100) (94, 94) (8, 10) (69, 69) (47, 63) (87, 97) (16, 18) (82, 96) (71, 75) (10, 10) (88, 108) (34, 42) (13, 13) (45, 59) (46, 50) (79, 95) 
(70, 70) (38, 42) (16, 20) (36, 46) (25, 27) (57, 73) (6, 8) (49, 63) (28, 36) (34, 40) (28, 36) (46, 50) (69, 85) (24, 28) (79, 103) (5, 5) (33, 33) (69, 79) (90, 90) (96, 98) 
(1, 1) (49, 61) (74, 86) (26, 28) (53, 63) (80, 104) (16, 20) (91, 91) (20, 26) (90, 102) (86, 86) (36, 44) (17, 17) (38, 40) (48, 50) (29, 33) (55, 65) (50, 56) (65, 83) (23, 23) 
(63, 83) (18, 20) (80, 98) (78, 102) (27, 27) (73, 95) (72, 74) (29, 31) (47, 55) (33, 33) (72, 96) (19, 23) (37, 39) (27, 31) (33, 35) (11, 13) (51, 63) (40, 52) (8, 10) (8, 8) 
(58, 72) (37, 41) (13, 17) (65, 79) (57, 73) (6, 6) (85, 113) (81, 85) (61, 69) (77, 91) (75, 95) (80, 100) (20, 26) (40, 50) (64, 84) (87, 89) (26, 26) (40, 42) (52, 70) (25, 31) 
(85, 87) (53, 67) (45, 51) (7, 9) (16, 20) (13, 15) (63, 79) (37, 45) (71, 81) (55, 59) (69, 75) (23, 23) (71, 91) (43, 57) (57, 63) (15, 15) (30, 36) (47, 61) (59, 75) (79, 81) 
(23, 27) (17, 21) (84, 92) (58, 78) (40, 40) (41, 43) (57, 63) (26, 32) (77, 97) (52, 62) (75, 79) (23, 23) (84, 98) (32, 36) (82, 110) (20, 24) (77, 91) (23, 29) (63, 69) (68, 84) 
(40, 42) (22, 24) (31, 37) (29, 33) (65, 65) (37, 49) (47, 55) (30, 40) (37, 47) (48, 64) (26, 32) (74, 84) (21, 23) (62, 70) (58, 78) (31, 33) (21, 21) (74, 90) (42, 42) (66, 66) 
(25, 33) (23, 25) (43, 53) (12, 14) (80, 106) (63, 73) (16, 18) (44, 58) (45, 53) (69, 83) (35, 45) (88, 88) (74, 96) (40, 46) (54, 58) (28, 34) (67, 87) (81, 95) (53, 53) (46, 60) 
(17, 17) (18, 18) (33, 39) (1, 1) (50, 58) (19, 21) (82, 108) (17, 23) (54, 60) (42, 42) (3, 3) (54, 56) (18, 18) (39, 39) (75, 95) (28, 28) (20, 22) (47, 51) (6, 8) (84, 112) 
(77, 101) (95, 99) (60, 72) (16, 18) (2, 2) (29, 35) (80, 108) (67, 75) (81, 93) (40, 50) (45, 45) (21, 21) (85, 97) (27, 33) (30, 36) (20, 20) (84, 110) (29, 39) (14, 16) (22, 26) 
(53, 61) (80, 98) (70, 86) (20, 22) (58, 58) (75, 81) (22, 28) (48, 54) (7, 7) (1, 1) (52, 70) (92, 92) (12, 14) (68, 78) (35, 35) (43, 49) (61, 61) (4, 4) (63, 73) (3, 3) 
(70, 84) (75, 83) (55, 67) (47, 57) (69, 79) (29, 33) (69, 73) (86, 110) (4, 4) (59, 65) (42, 46) (34, 42) (22, 28) (27, 31) (39, 41) (26, 34) (56, 74) (69, 89) (50, 64) (10, 10) 
(45, 55) (87, 103) (29, 37) (30, 38) (46, 52) (22, 28) (22, 22) (85, 89) (42, 50) (12, 14) (93, 99) (87, 109) (41, 45) (72, 88) (69, 71) (6, 8) (84, 110) (18, 20) (68, 80) (42, 52) 
(72, 94) (85, 101) (77, 103) (87, 105) (70, 80) (38, 44) (61, 75) (40, 46) (74, 80) (29, 35) (73, 77) (1, 1) (24, 32) (10, 12) (84, 96) (5, 5) (4, 4) (60, 66) (69, 89) (91, 93) 
(61, 61) (61, 69) (44, 52) (2, 2) (90, 106) (39, 49) (4, 4) (48, 52) (60, 72) (90, 104) (26, 26) (85, 85) (62, 80) (47, 57) (30, 34) (94, 102) (57, 63) (81, 95) (71, 79) (40, 46) 
(87, 107) (42, 42) (75, 79) (4, 4) (79, 81) (82, 108) (15, 19) (45, 55) (32, 32) (44, 44) (87, 99) (2, 2) (5, 5) (63, 73) (71, 85) (21, 21) (70, 70) (16, 20) (49, 49) (5, 5) 
(77, 95) (18, 18) (67, 75) (18, 20) (13, 13) (66, 78) (12, 12) (57, 71) (73, 83) (35, 39) (65, 73) (13, 13) (70, 86) (60, 60) (69, 73) (56, 70) (73, 81) (36, 46) (80, 88) (67, 75) 
(15, 19) (75, 85) (86, 106) (41, 47) (2, 2) (92, 92) (31, 33) (55, 59) (74, 74) (32, 32) (45, 51) (54, 68) (40, 54) (78, 78) (70, 92) (74, 98) (29, 29) (58, 70) (45, 51) (32, 36) 
(8, 8) (69, 89) (68, 74) (80, 94) (1, 1) (56, 66) (79, 85) (7, 7) (49, 57) (65, 75) (53, 55) (59, 65) (74, 76) (13, 13) (51, 55) (52, 54) (69, 87) (97, 97) (17, 19) (36, 42) 
(61, 79) (47, 63) (83, 101) (57, 61) (61, 63) (15, 17) (4, 4) (29, 29) (16, 20) (20, 20) (49, 63) (71, 93) (31, 35) (67, 87) (61, 67) (25, 25) (75, 75) (41, 51) (51, 57) (52, 58) 
(68, 74) (67, 71) (9, 9) (82, 102) (65, 73) (88, 94) (58, 68) (3, 3) (95, 97) (8, 10) (42, 54) (28, 30) (12, 16) (14, 16) (11, 11) (2, 2) (39, 47) (48, 56) (47, 61) (82, 110) 
(62, 82) (62, 68) (17, 19) (69, 91) (47, 63) (44, 46) (33, 35) (57, 77) (54, 64) (5, 5) (35, 41) (88, 110) (80, 102) (15, 15) (42, 42) (72, 76) (23, 25) (21, 25) (10, 10) (50, 56) 
(3, 3) (15, 19) (70, 86) (69, 75) (57, 69) (90, 94) (33, 37) (56, 68) (79, 93) (5, 5) (55, 55) (72, 82) (86, 104) (49, 49) (6, 6) (57, 59) (15, 17) (76, 80) (56, 68) (67, 79) 
(38, 38) (51, 51) (28, 28) (71, 81) (34, 42) (85, 107) (90, 92) (32, 32) (77, 103) (68, 78) (51, 61) (60, 74) (4, 4) (47, 63) (68, 86) (20, 20) (40, 46) (59, 65) (76, 82) (43, 55) 
(36, 38) (71, 71) (77, 83) (31, 35) (95, 95) (40, 42) (13, 17) (66, 68) (9, 11) (94, 94) (57, 69) (97, 97) (55, 57) (38, 46) (32, 38) (63, 63) (15, 17) (83, 101) (12, 14) (86, 90) 
(14, 14) (39, 43) (79, 85) (46, 48) (45, 53) (50, 54) (56, 72) (25, 25) (11, 13) (48, 64) (45, 49) (41, 43) (74, 80) (81, 97) (80, 104) (40, 42) (64, 86) (22, 24) (35, 45) (82, 100) 
(97, 101) (49, 55) (29, 31) (24, 30) (80, 92) (28, 30) (76, 84) (70, 86) (74, 78) (12, 14) (11, 13) (22, 24) (60, 72) (26, 34) (57, 75) (46, 58) (60, 74) (39, 45) (79, 103) (82, 86) 
(87, 101) (7, 7) (39, 41) (25, 33) (85, 89) (16, 20) (78, 86) (74, 76) (30, 34) (41, 49) (17, 21) (22, 24) (68, 70) (1, 1) (86, 98) (8, 10) (26, 32) (35, 39) (8, 8) (69, 87) 
(78, 80) (39, 39) (43, 49) (85, 105) (4, 4) (49, 61) (71, 89) (68, 90) (35, 35) (10, 12) (4, 4) (22, 26) (60, 66) (13, 15) (33, 35) (13, 15) (57, 57) (56, 60) (14, 14) (60, 60) 
TIEMPOS MAXIMOS DE FIN
(10000, 10000) (10000, 10000) (10000, 10000) (10000, 10000) (10000, 10000) (10000, 10000) (10000, 10000) (10000, 10000) (10000, 10000) (10000, 10000) (10000, 10000) (10000, 10000) (10000, 10000) (10000, 10000) (10000, 10000) (10000, 10000) (10000, 10000) (10000, 10000) (10000, 10000) (10000, 10000) (10000, 10000) (10000, 10000) (10000, 10000) (10000, 10000) (10000, 10000) (10000, 10000) (10000, 10000) (10000, 10000) (10000, 10000) (10000, 10000) (10000, 10000) (10000, 10000) (10000, 10000) (10000, 10000) (10000, 10000) (10000, 10000) (10000, 10000) (10000, 10000) (10000, 10000) (10000, 10000) (10000, 10000) (10000, 10000) (10000, 10000) (10000, 10000) (10000, 10000) (10000, 10000) (10000, 10000) (10000, 10000) (10000, 10000) (10000, 10000) (10000, 10000) (10000, 10000) (10000, 10000) (10000, 10000) (10000, 10000) (10000, 10000) (10000, 10000) (10000, 10000) (10000, 10000) (10000, 10000) (10000, 10000) (10000, 10000) (10000, 10000) (10000, 10000) (10000, 10000) (10000, 10000) (10000, 10000) (10000, 10000) (10000, 10000) (10000, 10000) (10000, 10000) (10000, 10000) (10000, 10000) (10000, 10000) (10000, 10000) (10000, 10000) (10000, 10000) (10000, 10000) (10000, 10000) (10000, 10000) (10000, 10000) (10000, 10000) (10000, 10000) (10000, 10000) (10000, 10000) (10000, 10000) (10000, 10000) (10000, 10000) (10000, 10000) (10000, 10000) (10000, 10000) (10000, 10000) (10000, 10000) (10000, 10000) (10000, 10000) (10000, 10000) (10000, 10000) (10000, 10000) (10000, 10000) (10000, 10000) 
// Desviacion Izda: min(0%), max(15%), promedio(6.39582%)
// Desviacion Dcha: min(0%), max(15%), promedio(6.39582%)
