NUMERO DE TRABAJOS
100
NUMERO DE RECURSOS
20
SECUENCIA DE MAQUINAS
17 16 7 0 2 5 13 15 9 10 3 1 19 12 14 6 4 11 18 8 
12 3 19 13 2 7 16 17 6 14 9 5 1 0 18 4 10 8 15 11 
17 0 18 10 2 1 6 4 14 8 12 15 13 3 16 5 11 7 19 9 
8 14 7 0 13 12 2 10 3 9 1 17 11 16 4 19 15 6 5 18 
13 0 7 16 6 12 2 4 5 11 18 14 10 1 19 8 3 9 17 15 
11 1 18 6 17 16 0 19 7 10 3 2 5 13 4 9 14 12 8 15 
19 2 4 11 18 14 16 10 5 3 13 0 7 6 12 15 17 1 9 8 
4 17 19 11 13 16 0 10 18 7 5 9 6 12 15 14 8 2 1 3 
12 3 11 7 9 17 19 15 4 18 0 14 1 8 2 5 13 10 6 16 
11 0 15 14 8 17 12 16 9 18 1 7 2 19 6 10 13 4 5 3 
6 8 12 15 16 4 19 2 18 11 0 10 14 3 9 7 17 5 13 1 
9 1 3 14 13 7 8 17 19 12 4 18 5 2 11 6 10 16 0 15 
18 1 9 3 4 0 14 2 15 8 16 10 13 17 5 7 11 19 12 6 
9 12 10 14 13 17 18 4 11 3 6 1 15 7 19 0 16 5 2 8 
3 8 9 10 5 2 19 0 16 6 17 11 15 4 1 7 18 12 13 14 
7 16 10 8 13 3 0 5 11 17 9 15 4 1 6 12 2 19 18 14 
0 18 9 6 7 3 2 11 16 4 14 17 19 5 10 8 13 15 12 1 
16 9 15 5 0 7 8 18 13 2 17 19 10 4 14 12 6 11 1 3 
8 10 14 7 0 19 3 9 15 5 12 13 18 16 17 2 6 11 4 1 
12 9 5 1 10 18 2 7 8 11 14 4 15 17 3 13 16 19 0 6 
7 15 8 17 6 14 19 18 5 9 12 2 0 4 1 3 13 11 10 16 
4 10 2 13 11 18 6 19 16 8 15 14 12 17 9 5 1 3 7 0 
13 9 16 17 4 10 5 19 3 14 0 6 8 12 7 2 11 18 1 15 
3 16 13 1 6 7 12 9 17 11 18 14 19 4 8 2 0 15 5 10 
2 3 13 10 15 14 12 1 17 4 7 11 0 18 6 16 9 8 19 5 
12 19 18 1 14 16 0 10 4 5 3 9 13 8 7 11 2 6 17 15 
9 11 14 16 13 0 12 10 4 2 15 5 17 19 6 1 7 3 18 8 
17 6 16 7 19 12 0 18 13 2 1 11 8 14 5 3 9 15 10 4 
12 11 6 5 7 19 2 17 3 15 9 13 14 8 10 16 1 0 18 4 
7 12 10 13 5 11 8 0 3 1 19 9 6 2 14 15 18 4 16 17 
3 12 9 10 2 0 1 6 17 15 4 11 13 16 18 8 19 7 14 5 
16 18 10 17 19 8 15 7 11 6 14 4 2 12 1 9 5 13 0 3 
14 18 1 17 8 12 13 15 5 3 9 7 6 10 2 19 0 16 4 11 
0 8 2 12 15 16 7 1 4 9 5 11 13 6 18 14 19 17 10 3 
12 11 5 8 2 16 9 4 15 10 7 1 13 6 14 18 0 19 17 3 
12 19 10 11 17 4 5 18 14 0 16 9 1 7 15 6 8 3 13 2 
13 3 11 16 4 8 17 0 6 2 7 10 5 9 15 1 12 14 19 18 
10 13 19 8 0 9 7 15 18 17 4 1 12 3 11 14 5 6 16 2 
19 8 10 3 7 15 14 5 0 11 2 9 17 1 12 16 6 18 4 13 
2 15 4 0 13 10 19 18 12 9 7 5 14 1 8 17 11 16 6 3 
14 8 17 15 11 1 5 10 6 9 19 7 2 4 18 13 16 3 0 12 
4 3 5 6 9 18 19 2 11 15 17 0 8 16 12 1 13 14 10 7 
12 8 17 19 10 13 5 14 7 6 1 2 18 3 15 11 9 0 4 16 
18 4 0 8 13 6 3 2 9 17 1 11 15 12 16 10 5 7 19 14 
10 13 7 0 15 6 11 8 14 2 5 3 9 16 1 4 19 18 17 12 
12 5 14 18 8 0 7 2 10 16 9 6 1 17 11 4 15 19 3 13 
5 2 11 18 12 15 0 3 17 19 13 9 7 6 16 10 14 1 4 8 
3 1 10 9 2 15 13 12 5 0 7 19 11 17 4 8 18 14 6 16 
8 3 18 9 15 0 13 10 11 19 14 16 7 2 1 12 4 6 17 5 
17 2 10 9 14 16 6 1 15 8 13 7 5 11 0 4 12 18 19 3 
10 9 12 5 7 4 19 0 14 11 2 6 1 3 15 16 13 18 8 17 
5 9 14 3 12 17 4 11 2 19 6 15 10 0 18 7 1 8 16 13 
2 13 15 4 10 5 9 0 17 11 7 18 3 16 8 14 19 6 12 1 
18 6 5 19 7 16 13 4 15 14 10 8 12 17 0 11 2 9 3 1 
7 1 2 17 16 10 9 6 5 15 12 8 14 3 0 19 13 11 4 18 
14 8 10 15 17 4 9 7 1 3 19 0 13 2 16 5 11 6 12 18 
18 4 5 2 11 17 19 14 16 15 1 7 13 9 3 10 8 0 12 6 
13 14 0 8 19 15 16 6 17 4 18 10 9 5 2 11 12 3 1 7 
11 15 19 8 6 12 3 18 13 4 10 14 5 9 7 17 2 16 1 0 
1 10 4 13 14 9 7 19 3 17 0 8 18 11 2 5 15 6 16 12 
18 2 4 3 5 19 16 10 6 17 8 13 12 0 1 9 15 14 11 7 
18 7 10 11 6 16 5 9 13 4 1 19 3 14 15 17 0 8 2 12 
9 1 10 0 11 8 19 7 15 6 12 13 16 4 17 18 2 14 3 5 
5 9 10 7 0 4 15 13 16 2 19 3 12 11 18 14 1 8 17 6 
10 3 15 17 2 6 14 19 12 8 16 13 0 11 4 1 5 9 18 7 
1 0 7 19 16 17 5 8 18 15 12 3 11 4 10 13 6 14 2 9 
16 2 8 5 14 9 1 4 12 10 15 13 17 7 3 19 0 6 18 11 
18 12 1 3 14 2 11 10 0 13 15 8 7 5 9 19 16 6 4 17 
12 10 19 2 9 16 6 17 7 15 3 4 5 1 14 11 18 0 13 8 
12 9 8 6 7 0 1 11 10 18 3 14 13 17 16 5 15 2 19 4 
13 9 8 11 10 15 0 18 1 5 7 4 17 2 12 16 14 6 19 3 
2 12 6 4 19 7 10 1 16 17 18 3 15 11 13 8 9 0 14 5 
17 11 3 15 5 13 16 9 14 10 6 2 0 19 12 8 4 18 7 1 
19 6 3 5 16 14 10 4 1 11 7 9 12 17 15 18 8 13 0 2 
14 6 4 0 2 12 10 8 15 7 3 16 19 1 17 9 13 5 11 18 
2 1 6 7 18 16 15 14 4 11 8 9 19 0 10 13 3 5 17 12 
3 11 15 19 7 2 17 18 8 4 14 1 6 10 13 9 16 0 12 5 
9 19 8 10 17 6 4 15 13 1 14 16 11 18 5 0 7 12 3 2 
7 2 1 3 11 15 0 9 14 10 13 16 17 6 19 12 5 18 4 8 
17 13 9 2 3 8 5 10 15 16 6 4 1 7 19 11 0 18 14 12 
2 13 14 10 15 18 1 11 16 19 8 12 7 0 3 5 6 9 17 4 
0 17 5 9 2 8 4 15 7 14 3 12 6 1 10 13 16 11 18 19 
8 11 0 15 13 14 4 7 19 12 1 3 9 10 17 2 18 16 5 6 
7 8 18 12 6 14 13 16 3 10 15 5 9 1 2 11 19 17 4 0 
16 15 18 11 2 14 8 4 1 9 19 3 10 7 6 13 17 0 5 12 
16 11 19 18 12 0 7 4 6 13 10 15 8 1 2 5 3 14 9 17 
7 15 5 2 6 13 18 0 3 12 8 9 10 17 1 14 4 16 11 19 
2 17 9 8 5 4 12 1 18 11 0 15 16 14 10 3 7 19 13 6 
16 19 0 2 14 5 9 12 18 13 3 10 17 15 7 6 11 8 1 4 
14 17 16 18 0 6 13 9 3 4 19 10 1 15 2 8 11 12 7 5 
6 15 17 11 1 16 5 9 13 10 4 2 8 12 7 14 3 19 0 18 
8 19 15 18 16 14 7 17 3 5 13 2 1 9 0 6 10 11 4 12 
19 8 13 0 18 16 15 5 11 6 9 12 4 2 7 3 10 17 1 14 
19 13 17 0 16 14 9 12 18 10 5 4 2 15 8 7 11 1 3 6 
17 4 15 3 16 18 8 9 10 11 14 1 6 13 0 5 19 12 2 7 
5 9 15 19 16 1 3 0 12 6 11 17 13 10 18 7 2 8 14 4 
6 3 16 12 15 4 11 8 5 10 18 2 14 9 17 19 7 1 0 13 
13 18 15 2 12 19 14 10 6 0 1 9 17 11 7 5 3 8 4 16 
11 0 4 10 7 17 16 14 2 3 5 15 12 18 8 9 6 13 19 1 
9 19 1 15 18 12 2 13 11 16 7 14 10 17 4 6 0 8 3 5 
DURACIONES
(15, 19) (23, 27) (63, 67) (29, 33) (71, 89) (55, 73) (29, 31) (31, 41) (86, 112) (15, 17) (29, 35) (3, 3) (27, 29) (68, 90) (1, 1) (48, 52) (85, 103) (29, 33) (81, 93) (80, 108) 
(61, 81) (77, 95) (16, 16) (76, 82) (92, 92) (71, 87) (62, 64) (10, 10) (45, 49) (58, 70) (55, 57) (4, 4) (74, 100) (15, 17) (39, 47) (64, 76) (15, 15) (26, 28) (93, 105) (33, 41) 
(71, 91) (32, 32) (69, 83) (71, 89) (18, 20) (6, 6) (34, 40) (59, 59) (7, 9) (3, 3) (40, 42) (68, 90) (7, 9) (80, 86) (62, 74) (52, 54) (28, 30) (55, 67) (24, 24) (53, 53) 
(68, 88) (95, 103) (93, 101) (19, 21) (3, 3) (1, 1) (95, 99) (86, 98) (37, 49) (11, 11) (22, 28) (30, 32) (87, 109) (63, 83) (35, 41) (66, 76) (63, 75) (61, 81) (66, 80) (2, 2) 
(86, 96) (83, 97) (85, 109) (22, 26) (7, 9) (68, 76) (54, 54) (64, 70) (54, 72) (37, 41) (66, 86) (11, 13) (1, 1) (7, 7) (41, 51) (14, 14) (54, 54) (57, 75) (49, 61) (37, 47) 
(65, 69) (12, 14) (74, 74) (34, 42) (9, 11) (66, 68) (6, 6) (47, 53) (63, 81) (86, 100) (25, 25) (72, 72) (65, 67) (69, 73) (18, 18) (66, 88) (24, 30) (19, 21) (92, 102) (16, 18) 
(82, 86) (19, 19) (6, 8) (38, 42) (71, 75) (83, 95) (82, 88) (76, 80) (27, 31) (81, 97) (9, 9) (79, 97) (37, 49) (49, 55) (31, 41) (41, 47) (76, 78) (42, 46) (72, 92) (79, 101) 
(25, 29) (85, 91) (53, 65) (70, 88) (86, 110) (66, 66) (9, 9) (1, 1) (33, 37) (59, 79) (28, 30) (67, 67) (51, 69) (40, 46) (21, 21) (19, 19) (70, 82) (50, 60) (71, 83) (13, 17) 
(43, 45) (37, 49) (65, 69) (41, 41) (81, 99) (64, 78) (33, 43) (37, 41) (72, 82) (17, 19) (11, 13) (16, 18) (10, 10) (77, 77) (46, 52) (25, 25) (74, 96) (28, 32) (14, 14) (83, 101) 
(50, 64) (37, 45) (49, 53) (39, 43) (16, 18) (87, 95) (74, 90) (66, 70) (67, 85) (13, 13) (93, 93) (11, 13) (78, 102) (50, 66) (49, 55) (78, 88) (68, 68) (3, 3) (10, 12) (38, 42) 
(58, 68) (57, 61) (16, 20) (94, 104) (75, 81) (5, 5) (14, 16) (68, 74) (54, 64) (21, 21) (55, 61) (29, 29) (51, 67) (93, 103) (2, 2) (16, 20) (76, 98) (54, 56) (79, 87) (82, 88) 
(53, 55) (55, 59) (49, 53) (22, 28) (50, 64) (45, 47) (82, 104) (53, 63) (18, 22) (4, 4) (18, 20) (83, 99) (25, 25) (80, 96) (82, 106) (52, 52) (23, 23) (4, 4) (24, 30) (62, 70) 
(63, 83) (78, 90) (82, 88) (48, 52) (52, 70) (37, 43) (81, 105) (16, 18) (83, 89) (19, 19) (46, 52) (98, 98) (71, 77) (6, 6) (24, 30) (81, 101) (51, 65) (59, 59) (22, 22) (13, 17) 
(11, 11) (50, 62) (38, 40) (18, 22) (68, 90) (52, 58) (18, 18) (35, 45) (73, 75) (91, 91) (89, 101) (61, 69) (13, 13) (24, 28) (34, 46) (78, 100) (24, 26) (29, 37) (3, 3) (19, 23) 
(47, 55) (37, 37) (43, 55) (20, 20) (46, 58) (55, 59) (15, 19) (40, 44) (45, 55) (66, 82) (31, 35) (38, 38) (14, 18) (21, 21) (34, 36) (85, 85) (6, 8) (57, 75) (64, 72) (62, 70) 
(42, 52) (24, 30) (81, 91) (19, 19) (9, 9) (22, 24) (60, 68) (32, 32) (24, 24) (12, 16) (44, 50) (74, 88) (43, 47) (79, 89) (10, 10) (24, 26) (65, 83) (78, 84) (94, 102) (68, 90) 
(83, 105) (45, 47) (60, 66) (58, 70) (69, 75) (62, 78) (86, 86) (10, 10) (11, 11) (92, 106) (88, 98) (90, 90) (4, 4) (66, 84) (78, 96) (35, 35) (43, 49) (25, 29) (85, 103) (78, 88) 
(46, 60) (33, 33) (56, 56) (17, 21) (43, 57) (78, 86) (18, 22) (47, 51) (66, 80) (20, 22) (24, 32) (38, 42) (45, 53) (72, 94) (81, 83) (14, 18) (85, 109) (77, 95) (40, 52) (40, 50) 
(23, 29) (25, 33) (31, 39) (31, 31) (63, 79) (75, 81) (36, 40) (10, 12) (25, 27) (12, 12) (63, 75) (60, 68) (1, 1) (87, 105) (31, 41) (80, 106) (50, 54) (28, 32) (20, 24) (23, 27) 
(11, 13) (84, 112) (14, 14) (36, 40) (85, 103) (71, 83) (48, 56) (91, 99) (18, 22) (66, 88) (37, 47) (28, 28) (62, 76) (86, 90) (28, 30) (18, 18) (85, 105) (68, 78) (14, 18) (31, 37) 
(19, 25) (5, 5) (31, 31) (22, 28) (8, 8) (35, 41) (15, 19) (17, 17) (13, 13) (57, 61) (33, 39) (83, 93) (56, 58) (17, 21) (56, 58) (59, 71) (85, 91) (21, 25) (48, 56) (35, 45) 
(19, 19) (29, 39) (49, 49) (40, 52) (2, 2) (40, 50) (79, 85) (7, 7) (6, 8) (46, 54) (77, 85) (1, 1) (95, 103) (88, 94) (50, 58) (4, 4) (85, 89) (25, 33) (61, 65) (40, 50) 
(34, 38) (37, 39) (80, 106) (26, 28) (24, 32) (71, 91) (2, 2) (57, 75) (24, 32) (40, 52) (96, 96) (49, 61) (94, 104) (77, 103) (5, 5) (32, 42) (18, 18) (47, 63) (73, 83) (50, 56) 
(86, 92) (93, 93) (35, 45) (67, 85) (26, 32) (59, 63) (12, 14) (95, 95) (28, 28) (3, 3) (81, 97) (25, 31) (13, 13) (54, 72) (31, 33) (46, 54) (22, 26) (61, 65) (70, 82) (40, 54) 
(38, 50) (41, 55) (28, 36) (56, 66) (80, 90) (34, 34) (20, 22) (46, 58) (59, 73) (42, 52) (30, 30) (46, 52) (81, 95) (94, 96) (89, 99) (54, 64) (70, 84) (5, 5) (73, 85) (23, 31) 
(18, 20) (57, 71) (24, 30) (29, 31) (27, 27) (49, 65) (82, 110) (36, 36) (8, 8) (66, 88) (51, 67) (34, 38) (13, 13) (94, 98) (83, 93) (47, 47) (71, 89) (28, 36) (40, 46) (91, 95) 
(73, 73) (67, 83) (32, 42) (64, 76) (86, 94) (29, 39) (83, 91) (6, 6) (58, 60) (68, 90) (11, 11) (46, 54) (45, 47) (12, 12) (35, 41) (52, 58) (14, 16) (16, 20) (72, 88) (97, 99) 
(66, 74) (87, 93) (82, 96) (4, 4) (74, 80) (29, 33) (39, 47) (83, 91) (49, 55) (54, 72) (66, 84) (19, 23) (29, 31) (63, 73) (75, 87) (80, 98) (59, 77) (41, 47) (59, 67) (46, 56) 
(63, 77) (9, 9) (51, 53) (52, 58) (91, 93) (55, 65) (35, 43) (12, 14) (68, 68) (65, 79) (79, 81) (42, 48) (24, 32) (69, 69) (41, 55) (25, 33) (39, 45) (54, 56) (43, 45) (78, 98) 
(80, 102) (26, 30) (62, 74) (46, 52) (86, 102) (86, 86) (43, 43) (43, 43) (67, 83) (86, 110) (82, 94) (62, 72) (62, 64) (32, 36) (61, 61) (74, 96) (30, 34) (90, 102) (43, 47) (46, 56) 
(90, 90) (96, 98) (52, 54) (9, 9) (54, 72) (91, 93) (16, 20) (68, 68) (47, 63) (9, 11) (69, 87) (32, 36) (51, 63) (12, 14) (62, 66) (51, 67) (56, 56) (65, 87) (41, 41) (50, 62) 
(9, 9) (41, 47) (53, 65) (52, 70) (6, 6) (57, 75) (54, 58) (37, 45) (96, 98) (35, 47) (1, 1) (21, 21) (40, 46) (74, 78) (18, 22) (63, 83) (82, 94) (88, 108) (50, 62) (26, 26) 
(82, 98) (51, 69) (40, 40) (78, 78) (45, 59) (9, 11) (43, 57) (53, 69) (93, 97) (27, 29) (38, 38) (22, 26) (45, 57) (91, 101) (84, 96) (17, 19) (71, 83) (10, 12) (39, 47) (90, 96) 
(44, 50) (29, 31) (12, 14) (55, 71) (88, 98) (38, 46) (29, 35) (12, 12) (59, 73) (90, 98) (85, 93) (25, 25) (14, 18) (85, 107) (86, 88) (39, 39) (54, 62) (8, 8) (2, 2) (17, 17) 
(47, 53) (62, 62) (82, 100) (24, 26) (18, 20) (68, 78) (94, 102) (57, 69) (83, 107) (49, 65) (65, 69) (7, 7) (66, 86) (74, 84) (77, 103) (69, 81) (36, 48) (63, 69) (78, 102) (36, 46) 
(18, 18) (88, 110) (81, 97) (39, 47) (49, 49) (7, 9) (38, 50) (32, 34) (81, 101) (39, 39) (35, 37) (63, 81) (27, 27) (62, 78) (66, 66) (78, 86) (88, 100) (43, 49) (16, 20) (86, 110) 
(41, 49) (13, 13) (25, 27) (12, 16) (29, 29) (83, 97) (56, 64) (80, 88) (74, 92) (40, 42) (7, 7) (24, 24) (70, 76) (57, 59) (87, 95) (47, 47) (71, 93) (76, 86) (65, 69) (15, 15) 
(46, 58) (70, 88) (18, 18) (3, 3) (28, 30) (76, 100) (87, 107) (47, 63) (53, 57) (14, 16) (87, 87) (16, 18) (39, 47) (52, 64) (63, 75) (57, 75) (29, 33) (41, 45) (8, 8) (2, 2) 
(76, 98) (44, 58) (56, 74) (5, 5) (29, 39) (54, 62) (8, 10) (10, 10) (30, 30) (87, 87) (57, 67) (88, 90) (71, 85) (34, 40) (93, 95) (37, 43) (44, 56) (83, 83) (67, 81) (74, 92) 
(33, 37) (33, 35) (44, 44) (65, 65) (37, 37) (5, 5) (44, 58) (26, 26) (63, 67) (16, 16) (79, 101) (39, 41) (65, 87) (46, 62) (68, 76) (26, 28) (34, 40) (69, 81) (69, 85) (85, 93) 
(15, 15) (1, 1) (42, 44) (7, 7) (64, 64) (46, 54) (26, 26) (28, 30) (12, 14) (69, 83) (8, 10) (5, 5) (79, 91) (19, 19) (20, 26) (86, 104) (74, 78) (66, 72) (44, 52) (23, 29) 
(77, 91) (38, 46) (86, 112) (24, 26) (69, 81) (83, 103) (67, 85) (54, 58) (20, 26) (80, 94) (7, 9) (2, 2) (60, 60) (78, 80) (26, 34) (15, 17) (52, 70) (16, 16) (1, 1) (31, 31) 
(86, 94) (38, 44) (17, 23) (45, 55) (36, 40) (73, 79) (61, 75) (62, 70) (73, 95) (69, 85) (28, 32) (54, 56) (50, 50) (37, 43) (98, 100) (5, 5) (25, 29) (9, 11) (31, 33) (23, 25) 
(30, 36) (75, 83) (48, 62) (65, 73) (47, 59) (44, 56) (80, 82) (24, 32) (86, 96) (54, 56) (46, 54) (28, 30) (24, 30) (9, 9) (52, 70) (26, 28) (32, 40) (40, 46) (5, 5) (55, 57) 
(63, 81) (31, 41) (23, 31) (15, 17) (47, 53) (75, 89) (8, 8) (71, 87) (74, 86) (22, 22) (61, 65) (54, 68) (24, 26) (56, 66) (71, 71) (87, 99) (38, 50) (57, 73) (68, 76) (78, 98) 
(7, 7) (17, 19) (58, 60) (42, 46) (63, 65) (82, 106) (50, 60) (18, 22) (10, 12) (77, 77) (3, 3) (25, 27) (8, 8) (19, 23) (73, 73) (73, 87) (85, 93) (47, 59) (17, 21) (81, 109) 
(31, 39) (7, 7) (88, 108) (65, 67) (15, 17) (80, 98) (6, 6) (23, 25) (18, 18) (36, 42) (47, 57) (47, 51) (52, 52) (26, 26) (10, 12) (72, 74) (85, 97) (60, 78) (95, 103) (74, 84) 
(57, 73) (23, 25) (77, 97) (73, 97) (61, 71) (93, 105) (5, 5) (29, 29) (98, 98) (17, 17) (4, 4) (47, 49) (43, 47) (26, 26) (69, 91) (5, 5) (54, 58) (47, 59) (71, 81) (35, 47) 
(37, 41) (33, 35) (46, 48) (54, 66) (18, 24) (11, 11) (41, 51) (14, 14) (57, 61) (48, 54) (6, 8) (58, 58) (43, 55) (52, 62) (71, 71) (53, 61) (44, 50) (1, 1) (74, 96) (62, 82) 
(82, 104) (75, 101) (22, 26) (30, 34) (18, 18) (43, 45) (41, 55) (16, 20) (72, 88) (67, 67) (9, 11) (9, 9) (14, 18) (30, 40) (16, 16) (10, 10) (28, 30) (65, 77) (85, 93) (84, 90) 
(35, 37) (27, 31) (32, 38) (72, 84) (16, 18) (7, 7) (35, 41) (44, 56) (6, 6) (15, 15) (12, 16) (26, 34) (35, 37) (18, 18) (56, 62) (54, 72) (91, 93) (25, 27) (45, 47) (21, 25) 
(82, 98) (11, 11) (80, 94) (34, 34) (20, 20) (1, 1) (49, 65) (26, 34) (18, 20) (23, 27) (21, 23) (30, 34) (77, 95) (30, 32) (4, 4) (54, 54) (28, 36) (16, 18) (21, 27) (64, 70) 
(85, 97) (60, 62) (48, 58) (1, 1) (60, 74) (50, 56) (86, 86) (8, 8) (11, 13) (45, 57) (81, 99) (65, 81) (43, 45) (12, 12) (83, 101) (58, 58) (50, 64) (56, 70) (77, 87) (67, 69) 
(70, 84) (44, 52) (64, 80) (86, 92) (35, 37) (22, 24) (34, 44) (44, 46) (38, 40) (74, 96) (54, 54) (66, 72) (42, 46) (88, 96) (76, 96) (39, 45) (79, 87) (84, 86) (22, 24) (52, 64) 
(15, 15) (5, 5) (60, 74) (8, 10) (7, 7) (81, 81) (4, 4) (77, 95) (72, 76) (47, 51) (25, 27) (8, 10) (23, 31) (30, 36) (46, 56) (83, 107) (28, 36) (24, 24) (27, 35) (50, 66) 
(29, 31) (90, 90) (23, 31) (15, 19) (80, 90) (27, 27) (87, 97) (11, 11) (14, 16) (59, 63) (17, 19) (33, 35) (87, 105) (53, 59) (34, 34) (40, 48) (28, 36) (1, 1) (14, 18) (55, 55) 
(20, 22) (92, 98) (79, 83) (1, 1) (65, 65) (66, 72) (24, 24) (41, 53) (92, 92) (23, 27) (19, 25) (58, 62) (59, 65) (92, 102) (78, 78) (55, 71) (16, 20) (35, 35) (69, 91) (50, 60) 
(93, 99) (25, 29) (65, 67) (47, 57) (14, 18) (20, 20) (24, 24) (55, 63) (70, 80) (58, 70) (23, 29) (77, 99) (55, 59) (65, 71) (55, 65) (11, 13) (47, 61) (99, 99) (51, 51) (61, 81) 
(77, 81) (6, 6) (35, 47) (7, 9) (87, 99) (45, 47) (61, 77) (76, 86) (55, 67) (39, 49) (2, 2) (66, 72) (64, 80) (21, 21) (53, 57) (68, 70) (13, 13) (63, 75) (69, 91) (79, 103) 
(76, 88) (88, 110) (90, 94) (47, 59) (5, 5) (29, 37) (53, 65) (29, 35) (89, 97) (12, 14) (56, 72) (17, 21) (96, 96) (12, 12) (63, 69) (4, 4) (77, 89) (57, 73) (3, 3) (79, 79) 
(16, 16) (62, 62) (1, 1) (38, 44) (81, 87) (60, 62) (30, 32) (54, 72) (9, 11) (9, 11) (14, 14) (65, 85) (13, 15) (57, 69) (52, 54) (55, 67) (41, 41) (7, 7) (57, 57) (13, 17) 
(5, 5) (83, 83) (23, 27) (37, 37) (73, 89) (42, 42) (18, 22) (21, 23) (49, 51) (37, 43) (76, 78) (72, 80) (57, 59) (80, 96) (70, 84) (69, 69) (56, 70) (54, 58) (48, 50) (40, 42) 
(43, 43) (16, 16) (1, 1) (51, 61) (33, 43) (35, 47) (71, 85) (73, 89) (5, 5) (41, 51) (10, 10) (6, 6) (28, 34) (42, 46) (19, 25) (69, 87) (88, 98) (39, 45) (18, 24) (40, 46) 
(26, 28) (25, 27) (30, 34) (17, 23) (20, 20) (5, 5) (38, 48) (57, 69) (22, 24) (27, 31) (39, 51) (72, 86) (68, 68) (67, 79) (1, 1) (9, 11) (54, 68) (53, 59) (85, 105) (31, 41) 
(77, 99) (18, 24) (78, 94) (90, 94) (87, 91) (30, 30) (44, 44) (23, 27) (99, 99) (88, 94) (20, 22) (42, 48) (82, 82) (39, 43) (70, 82) (30, 36) (70, 84) (48, 50) (57, 69) (36, 38) 
(32, 34) (53, 55) (77, 81) (55, 57) (47, 61) (66, 84) (77, 81) (99, 99) (35, 41) (13, 13) (2, 2) (47, 59) (79, 99) (81, 83) (52, 54) (31, 35) (40, 46) (73, 73) (22, 28) (12, 16) 
(7, 7) (43, 43) (70, 70) (21, 23) (54, 54) (78, 84) (39, 49) (87, 101) (92, 98) (26, 32) (12, 16) (44, 56) (86, 110) (17, 19) (50, 50) (88, 104) (73, 75) (61, 71) (33, 43) (43, 55) 
(72, 86) (40, 40) (64, 78) (38, 40) (12, 14) (19, 19) (1, 1) (77, 87) (53, 63) (25, 27) (43, 45) (16, 20) (93, 95) (7, 9) (58, 78) (83, 97) (36, 42) (44, 50) (39, 47) (80, 80) 
(79, 85) (1, 1) (68, 84) (20, 24) (17, 17) (13, 17) (59, 69) (63, 79) (20, 24) (76, 82) (76, 102) (80, 80) (6, 8) (69, 87) (77, 97) (76, 100) (21, 23) (58, 60) (74, 76) (21, 27) 
(53, 59) (81, 105) (62, 64) (22, 24) (31, 31) (89, 91) (46, 46) (74, 92) (21, 21) (4, 4) (46, 60) (94, 104) (62, 68) (91, 107) (56, 60) (5, 5) (33, 33) (15, 19) (23, 29) (7, 7) 
(30, 40) (42, 46) (9, 11) (5, 5) (40, 40) (64, 68) (12, 14) (17, 23) (24, 26) (83, 107) (80, 96) (28, 36) (40, 50) (10, 12) (17, 23) (58, 64) (32, 40) (41, 49) (5, 5) (48, 64) 
(41, 41) (6, 6) (72, 82) (69, 69) (82, 84) (15, 19) (21, 23) (31, 33) (53, 63) (55, 71) (53, 65) (31, 31) (80, 108) (84, 96) (20, 20) (75, 91) (14, 14) (64, 70) (60, 64) (57, 67) 
(33, 39) (77, 85) (62, 78) (20, 20) (51, 69) (20, 24) (7, 9) (27, 35) (52, 54) (58, 76) (65, 67) (72, 78) (20, 24) (30, 30) (40, 54) (61, 77) (65, 71) (72, 82) (10, 10) (4, 4) 
(18, 24) (86, 108) (61, 81) (12, 14) (81, 89) (85, 105) (25, 29) (9, 11) (22, 26) (38, 48) (69, 93) (86, 90) (68, 76) (5, 5) (47, 55) (66, 84) (39, 49) (43, 55) (38, 48) (23, 29) 
(68, 70) (93, 93) (65, 67) (11, 13) (73, 89) (93, 95) (54, 68) (53, 59) (51, 61) (55, 69) (23, 27) (2, 2) (5, 5) (77, 97) (68, 82) (13, 15) (14, 14) (43, 47) (30, 30) (7, 9) 
(68, 92) (20, 22) (93, 95) (77, 95) (47, 61) (62, 78) (82, 84) (35, 43) (46, 62) (73, 79) (43, 57) (18, 18) (15, 15) (4, 4) (32, 36) (11, 13) (8, 10) (43, 51) (30, 32) (64, 66) 
(71, 83) (82, 92) (83, 111) (82, 98) (23, 27) (67, 87) (84, 92) (68, 84) (67, 71) (14, 16) (44, 54) (25, 29) (74, 76) (78, 102) (30, 34) (23, 29) (59, 75) (70, 94) (53, 65) (67, 77) 
(80, 90) (38, 42) (41, 55) (62, 66) (8, 8) (72, 86) (95, 97) (70, 70) (22, 28) (29, 31) (67, 83) (74, 98) (62, 82) (46, 52) (69, 79) (48, 62) (80, 94) (31, 37) (86, 110) (46, 46) 
(75, 99) (70, 80) (53, 57) (30, 38) (53, 71) (29, 33) (53, 53) (12, 14) (61, 65) (14, 14) (18, 22) (11, 13) (13, 15) (41, 55) (4, 4) (56, 72) (16, 18) (5, 5) (85, 85) (41, 41) 
(54, 56) (74, 74) (13, 17) (39, 39) (60, 68) (68, 74) (16, 20) (51, 69) (24, 32) (80, 84) (85, 101) (64, 72) (67, 83) (48, 64) (9, 9) (9, 9) (17, 23) (61, 61) (78, 78) (5, 5) 
(22, 24) (60, 72) (23, 27) (2, 2) (13, 13) (63, 81) (44, 58) (76, 86) (43, 51) (6, 6) (39, 45) (40, 48) (78, 98) (34, 38) (93, 93) (20, 22) (6, 6) (53, 71) (17, 19) (36, 40) 
(73, 95) (1, 1) (70, 70) (56, 70) (65, 75) (22, 22) (92, 104) (4, 4) (85, 85) (27, 31) (73, 89) (25, 27) (44, 54) (56, 68) (46, 52) (62, 70) (40, 42) (27, 35) (49, 53) (22, 24) 
(8, 10) (17, 23) (55, 65) (22, 22) (25, 33) (76, 102) (31, 41) (44, 58) (96, 98) (35, 43) (54, 62) (43, 57) (43, 53) (88, 100) (31, 39) (95, 95) (36, 38) (72, 86) (65, 77) (12, 12) 
(69, 87) (91, 99) (38, 46) (59, 61) (54, 70) (86, 112) (29, 33) (87, 101) (70, 86) (23, 31) (21, 25) (51, 69) (9, 11) (75, 85) (77, 89) (48, 60) (89, 103) (15, 15) (45, 55) (62, 66) 
(28, 36) (52, 66) (87, 99) (91, 99) (53, 69) (19, 19) (46, 46) (70, 80) (63, 75) (70, 82) (85, 107) (48, 52) (9, 11) (64, 74) (10, 10) (98, 98) (51, 69) (1, 1) (72, 90) (74, 84) 
(22, 24) (61, 67) (64, 76) (33, 37) (6, 6) (8, 8) (87, 107) (7, 7) (54, 58) (91, 93) (10, 12) (43, 57) (35, 43) (72, 72) (25, 25) (79, 91) (4, 4) (55, 63) (2, 2) (24, 30) 
(46, 46) (89, 91) (78, 100) (66, 66) (77, 97) (35, 35) (78, 88) (83, 97) (93, 93) (49, 59) (10, 10) (19, 25) (17, 19) (91, 103) (18, 20) (89, 99) (53, 67) (90, 90) (81, 85) (36, 46) 
(51, 57) (47, 59) (4, 4) (51, 57) (69, 77) (16, 20) (25, 27) (52, 64) (41, 47) (1, 1) (49, 49) (92, 98) (88, 94) (38, 38) (92, 94) (27, 31) (62, 78) (12, 16) (6, 6) (51, 51) 
(50, 64) (4, 4) (18, 24) (5, 5) (63, 65) (64, 78) (62, 72) (23, 25) (38, 40) (64, 82) (94, 102) (11, 13) (31, 37) (19, 21) (30, 32) (11, 13) (37, 43) (73, 77) (21, 23) (65, 65) 
(63, 63) (79, 87) (28, 30) (74, 94) (25, 25) (11, 13) (74, 88) (78, 100) (38, 50) (21, 25) (64, 68) (31, 31) (26, 32) (63, 65) (58, 76) (55, 57) (30, 38) (84, 110) (25, 29) (62, 80) 
(94, 104) (28, 28) (73, 73) (9, 11) (80, 90) (53, 59) (54, 58) (10, 10) (29, 31) (73, 91) (2, 2) (42, 48) (16, 16) (33, 39) (88, 90) (24, 30) (29, 39) (82, 88) (14, 18) (71, 79) 
(50, 56) (30, 36) (15, 17) (71, 91) (46, 62) (13, 17) (63, 71) (43, 49) (85, 111) (62, 82) (63, 67) (41, 43) (12, 14) (36, 44) (51, 61) (38, 48) (50, 64) (55, 57) (76, 78) (92, 96) 
(37, 39) (74, 92) (51, 59) (75, 85) (40, 54) (25, 31) (78, 86) (74, 90) (45, 47) (83, 95) (20, 24) (63, 75) (44, 44) (78, 90) (63, 77) (32, 32) (21, 21) (52, 58) (51, 53) (12, 14) 
(37, 43) (54, 56) (53, 55) (73, 73) (87, 101) (71, 89) (54, 68) (73, 75) (91, 93) (20, 26) (17, 19) (37, 45) (42, 50) (81, 107) (65, 81) (31, 31) (31, 35) (34, 36) (31, 33) (13, 17) 
(69, 73) (20, 20) (37, 39) (68, 76) (45, 45) (74, 76) (24, 32) (30, 30) (45, 59) (57, 57) (24, 28) (77, 77) (71, 73) (39, 47) (56, 68) (7, 7) (38, 44) (19, 23) (50, 66) (21, 21) 
(18, 18) (53, 59) (70, 76) (17, 17) (28, 34) (47, 51) (41, 53) (66, 66) (16, 18) (64, 86) (24, 26) (37, 39) (42, 44) (87, 103) (4, 4) (62, 80) (26, 26) (5, 5) (23, 29) (26, 30) 
(29, 37) (56, 68) (47, 49) (20, 22) (77, 81) (42, 54) (87, 99) (28, 30) (94, 104) (88, 108) (91, 95) (32, 40) (44, 54) (41, 43) (20, 24) (54, 72) (37, 49) (24, 30) (9, 11) (3, 3) 
(79, 91) (4, 4) (35, 47) (8, 8) (72, 84) (84, 92) (80, 84) (47, 59) (25, 25) (70, 90) (31, 33) (28, 28) (71, 79) (28, 34) (17, 21) (11, 11) (4, 4) (90, 94) (29, 33) (1, 1) 
(85, 107) (22, 26) (45, 49) (34, 36) (32, 40) (82, 84) (97, 101) (20, 24) (82, 100) (1, 1) (38, 48) (30, 36) (83, 111) (50, 50) (36, 46) (70, 86) (87, 97) (84, 100) (39, 41) (43, 47) 
(97, 97) (59, 65) (35, 35) (42, 42) (49, 53) (12, 16) (59, 69) (10, 10) (88, 102) (7, 7) (35, 41) (10, 12) (31, 39) (25, 25) (75, 79) (80, 84) (69, 89) (69, 93) (15, 19) (31, 35) 
TIEMPOS MAXIMOS DE FIN
(10000, 10000) (10000, 10000) (10000, 10000) (10000, 10000) (10000, 10000) (10000, 10000) (10000, 10000) (10000, 10000) (10000, 10000) (10000, 10000) (10000, 10000) (10000, 10000) (10000, 10000) (10000, 10000) (10000, 10000) (10000, 10000) (10000, 10000) (10000, 10000) (10000, 10000) (10000, 10000) (10000, 10000) (10000, 10000) (10000, 10000) (10000, 10000) (10000, 10000) (10000, 10000) (10000, 10000) (10000, 10000) (10000, 10000) (10000, 10000) (10000, 10000) (10000, 10000) (10000, 10000) (10000, 10000) (10000, 10000) (10000, 10000) (10000, 10000) (10000, 10000) (10000, 10000) (10000, 10000) (10000, 10000) (10000, 10000) (10000, 10000) (10000, 10000) (10000, 10000) (10000, 10000) (10000, 10000) (10000, 10000) (10000, 10000) (10000, 10000) (10000, 10000) (10000, 10000) (10000, 10000) (10000, 10000) (10000, 10000) (10000, 10000) (10000, 10000) (10000, 10000) (10000, 10000) (10000, 10000) (10000, 10000) (10000, 10000) (10000, 10000) (10000, 10000) (10000, 10000) (10000, 10000) (10000, 10000) (10000, 10000) (10000, 10000) (10000, 10000) (10000, 10000) (10000, 10000) (10000, 10000) (10000, 10000) (10000, 10000) (10000, 10000) (10000, 10000) (10000, 10000) (10000, 10000) (10000, 10000) (10000, 10000) (10000, 10000) (10000, 10000) (10000, 10000) (10000, 10000) (10000, 10000) (10000, 10000) (10000, 10000) (10000, 10000) (10000, 10000) (10000, 10000) (10000, 10000) (10000, 10000) (10000, 10000) (10000, 10000) (10000, 10000) (10000, 10000) (10000, 10000) (10000, 10000) (10000, 10000) 
// Desviacion Izda: min(0%), max(15%), promedio(6.4276%)
// Desviacion Dcha: min(0%), max(15%), promedio(6.4276%)
