NUMERO DE TRABAJOS
15
NUMERO DE RECURSOS
15
SECUENCIA DE MAQUINAS
8 2 7 14 12 0 4 3 13 5 9 10 6 1 11 
2 8 6 4 11 0 9 7 5 3 1 10 13 14 12 
5 11 8 14 12 1 4 9 10 6 13 0 2 3 7 
9 13 8 6 12 5 10 2 1 0 14 11 3 4 7 
8 10 3 13 14 5 4 0 12 11 9 6 2 1 7 
7 2 9 5 10 4 3 1 11 8 6 14 13 0 12 
2 10 1 12 14 3 0 4 9 5 11 13 7 8 6 
13 6 11 12 8 7 14 5 3 4 0 10 2 1 9 
8 4 6 7 0 11 13 12 2 3 10 1 5 14 9 
2 6 12 9 8 11 1 3 13 4 10 5 0 7 14 
0 9 4 8 10 2 11 12 14 6 3 7 5 1 13 
8 1 12 5 7 10 9 4 11 6 13 2 14 0 3 
13 14 2 9 7 8 12 4 10 6 1 0 5 11 3 
1 0 12 2 13 8 3 14 4 7 6 9 11 10 5 
3 13 2 5 9 6 7 4 8 0 12 10 14 1 11 
DURACIONES
(35, 35) (78, 78) (68, 90) (62, 68) (49, 57) (12, 16) (93, 93) (64, 76) (14, 14) (79, 101) (83, 107) (46, 52) (31, 41) (85, 85) (1, 1) 
(74, 92) (36, 46) (22, 22) (27, 31) (45, 59) (66, 76) (16, 16) (80, 106) (52, 56) (56, 70) (11, 13) (80, 90) (58, 66) (41, 49) (26, 34) 
(58, 62) (39, 47) (64, 78) (2, 2) (46, 54) (33, 41) (76, 96) (74, 88) (55, 65) (52, 62) (62, 70) (23, 25) (87, 109) (79, 105) (61, 77) 
(12, 16) (57, 61) (30, 40) (6, 6) (23, 27) (53, 61) (1, 1) (40, 48) (93, 95) (28, 32) (87, 103) (93, 93) (51, 51) (49, 55) (15, 17) 
(94, 98) (36, 42) (64, 86) (93, 103) (2, 2) (36, 40) (68, 70) (29, 35) (95, 95) (55, 71) (4, 4) (10, 12) (50, 50) (83, 107) (69, 87) 
(71, 75) (25, 31) (37, 49) (41, 53) (49, 65) (81, 95) (29, 37) (13, 13) (6, 8) (47, 51) (20, 26) (37, 39) (21, 21) (99, 99) (63, 81) 
(3, 3) (78, 82) (61, 73) (82, 104) (81, 101) (27, 35) (45, 59) (60, 68) (72, 94) (2, 2) (81, 99) (64, 64) (16, 16) (18, 18) (22, 28) 
(23, 23) (27, 33) (22, 22) (52, 56) (58, 78) (60, 66) (87, 91) (92, 98) (5, 5) (35, 39) (5, 5) (42, 42) (17, 17) (47, 61) (42, 50) 
(42, 46) (54, 64) (87, 87) (54, 70) (47, 55) (52, 58) (3, 3) (36, 44) (23, 29) (16, 20) (13, 17) (18, 18) (72, 72) (31, 39) (52, 68) 
(24, 30) (13, 15) (70, 84) (22, 26) (54, 56) (57, 77) (59, 59) (19, 19) (27, 31) (32, 34) (75, 101) (27, 33) (78, 104) (10, 12) (10, 12) 
(66, 68) (91, 97) (44, 56) (2, 2) (82, 84) (19, 19) (27, 31) (33, 41) (50, 66) (31, 33) (36, 40) (93, 105) (84, 92) (47, 51) (64, 76) 
(60, 60) (7, 7) (73, 89) (70, 94) (51, 65) (80, 86) (14, 18) (1, 1) (69, 69) (7, 7) (3, 3) (75, 93) (8, 8) (11, 13) (87, 99) 
(81, 103) (76, 86) (4, 4) (69, 87) (9, 9) (73, 83) (68, 82) (5, 5) (47, 53) (8, 8) (39, 49) (4, 4) (56, 64) (85, 103) (67, 81) 
(32, 32) (79, 97) (28, 34) (64, 72) (30, 32) (9, 11) (39, 51) (74, 76) (73, 91) (45, 57) (52, 58) (97, 101) (44, 44) (77, 91) (19, 25) 
(11, 13) (31, 39) (63, 65) (15, 19) (36, 48) (41, 51) (62, 68) (71, 77) (88, 104) (27, 29) (76, 96) (87, 103) (81, 105) (65, 69) (55, 57) 
TIEMPOS MAXIMOS DE FIN
(10000, 10000) (10000, 10000) (10000, 10000) (10000, 10000) (10000, 10000) (10000, 10000) (10000, 10000) (10000, 10000) (10000, 10000) (10000, 10000) (10000, 10000) (10000, 10000) (10000, 10000) (10000, 10000) (10000, 10000) 
// Desviacion Izda: min(0%), max(14.9254%), promedio(6.69286%)
// Desviacion Dcha: min(0%), max(14.9254%), promedio(6.69286%)
