NUMERO DE TRABAJOS
15
NUMERO DE RECURSOS
15
SECUENCIA DE MAQUINAS
7 11 8 3 12 1 13 0 14 6 9 4 2 10 5 
12 1 11 9 6 3 2 4 5 8 13 14 10 0 7 
1 2 9 0 3 5 8 4 14 10 12 13 7 6 11 
13 10 6 2 14 7 4 11 0 5 9 3 8 1 12 
1 8 4 14 6 5 3 2 9 10 13 7 11 0 12 
5 14 2 12 10 1 11 4 6 9 0 13 8 3 7 
5 2 0 1 8 14 11 10 7 9 6 12 4 13 3 
4 7 10 1 9 8 2 14 11 3 5 6 13 12 0 
14 11 0 9 10 5 3 12 8 13 6 1 7 2 4 
9 0 3 10 12 13 5 1 6 14 8 11 2 7 4 
7 2 1 12 3 14 4 6 5 9 8 13 10 0 11 
0 8 14 12 9 5 6 10 7 11 3 4 1 13 2 
8 12 10 11 14 3 6 1 4 5 0 9 13 2 7 
13 2 11 0 14 10 3 1 12 4 5 6 7 9 8 
1 13 0 11 2 10 4 8 3 5 7 6 9 12 14 
DURACIONES
(68, 70) (80, 82) (69, 93) (59, 65) (74, 86) (3, 3) (33, 43) (62, 62) (49, 59) (66, 66) (77, 99) (71, 93) (3, 3) (12, 12) (75, 101) 
(83, 83) (46, 56) (42, 52) (15, 15) (82, 96) (65, 87) (49, 55) (18, 18) (19, 25) (82, 88) (24, 28) (27, 33) (5, 5) (83, 95) (21, 23) 
(56, 68) (40, 54) (90, 96) (49, 59) (34, 42) (71, 85) (63, 79) (84, 108) (18, 20) (31, 35) (40, 48) (67, 75) (87, 93) (8, 10) (18, 24) 
(30, 36) (70, 94) (77, 83) (26, 34) (88, 104) (29, 33) (10, 12) (26, 26) (38, 44) (50, 60) (12, 12) (10, 10) (87, 97) (3, 3) (70, 80) 
(36, 36) (45, 53) (9, 11) (41, 45) (65, 73) (71, 73) (17, 21) (65, 65) (32, 42) (52, 62) (32, 32) (10, 12) (65, 81) (87, 91) (11, 13) 
(71, 95) (29, 35) (6, 6) (12, 14) (80, 94) (81, 107) (35, 37) (70, 82) (45, 47) (26, 34) (54, 58) (61, 63) (32, 32) (46, 58) (70, 74) 
(27, 31) (68, 88) (18, 24) (23, 31) (15, 19) (40, 46) (12, 16) (13, 17) (16, 16) (49, 49) (72, 72) (17, 21) (99, 99) (34, 42) (64, 64) 
(12, 12) (63, 85) (4, 4) (3, 3) (14, 16) (61, 63) (49, 51) (36, 40) (49, 49) (25, 25) (16, 20) (50, 60) (5, 5) (67, 75) (25, 29) 
(69, 69) (12, 14) (31, 35) (44, 50) (78, 94) (27, 35) (85, 109) (43, 53) (25, 25) (40, 40) (84, 104) (19, 25) (54, 68) (54, 64) (15, 17) 
(24, 30) (4, 4) (35, 35) (68, 92) (49, 49) (44, 48) (79, 89) (44, 48) (82, 110) (66, 78) (16, 20) (20, 26) (87, 105) (73, 75) (23, 23) 
(32, 40) (17, 17) (79, 83) (62, 72) (41, 53) (5, 5) (44, 58) (23, 23) (78, 86) (33, 37) (91, 101) (7, 7) (49, 59) (91, 93) (37, 39) 
(70, 86) (50, 66) (54, 70) (41, 45) (1, 1) (50, 62) (76, 76) (48, 50) (71, 89) (25, 27) (73, 85) (9, 9) (21, 27) (23, 25) (37, 47) 
(36, 40) (81, 91) (35, 41) (36, 40) (79, 87) (32, 40) (11, 11) (16, 18) (90, 108) (14, 14) (52, 62) (57, 71) (55, 61) (91, 101) (15, 19) 
(9, 11) (85, 87) (84, 102) (55, 71) (58, 64) (61, 63) (74, 76) (83, 97) (34, 46) (70, 84) (7, 9) (27, 27) (86, 106) (60, 78) (57, 71) 
(70, 76) (12, 12) (13, 15) (68, 74) (3, 3) (41, 53) (77, 91) (73, 95) (52, 54) (57, 59) (90, 100) (79, 95) (87, 93) (58, 78) (65, 85) 
TIEMPOS MAXIMOS DE FIN
(10000, 10000) (10000, 10000) (10000, 10000) (10000, 10000) (10000, 10000) (10000, 10000) (10000, 10000) (10000, 10000) (10000, 10000) (10000, 10000) (10000, 10000) (10000, 10000) (10000, 10000) (10000, 10000) (10000, 10000) 
// Desviacion Izda: min(0%), max(15%), promedio(6.66983%)
// Desviacion Dcha: min(0%), max(15%), promedio(6.66983%)
