NUMERO DE TRABAJOS
100
NUMERO DE RECURSOS
20
SECUENCIA DE MAQUINAS
16 18 5 13 12 9 10 0 17 4 2 11 8 6 7 15 3 14 19 1 
6 9 17 10 1 7 11 13 0 5 14 4 8 3 12 18 19 2 15 16 
3 13 8 18 9 2 15 16 4 1 14 10 12 6 17 19 0 7 5 11 
10 4 13 18 19 12 9 17 3 7 8 6 14 2 11 1 15 16 0 5 
3 19 9 4 18 15 2 10 16 17 0 6 1 5 11 7 8 12 14 13 
1 7 13 16 17 5 8 4 12 19 6 3 18 0 11 14 2 10 15 9 
10 6 14 19 16 4 12 17 3 8 1 15 13 18 9 2 7 5 11 0 
1 14 13 12 19 7 15 16 17 0 10 11 6 2 8 4 18 3 9 5 
9 5 11 16 3 18 8 7 17 4 10 2 19 6 1 0 13 12 15 14 
10 5 6 12 1 4 7 11 13 19 2 3 17 15 14 8 9 18 16 0 
18 4 16 2 19 8 12 0 3 10 1 9 13 17 15 6 11 7 5 14 
15 11 8 17 12 2 0 5 3 19 16 14 9 10 6 1 7 4 13 18 
19 8 13 12 1 5 14 15 16 3 0 4 10 2 18 11 17 9 6 7 
4 6 9 15 1 12 0 14 10 18 17 13 2 8 16 3 11 7 5 19 
18 19 13 8 14 17 0 9 10 16 2 5 4 15 7 3 11 12 1 6 
5 16 1 18 0 13 6 12 4 15 9 14 3 17 8 10 19 11 7 2 
14 17 19 5 10 1 4 2 11 6 7 8 15 12 0 13 3 9 16 18 
1 5 6 17 12 8 19 14 9 4 11 13 15 16 10 7 18 3 0 2 
6 9 4 16 3 15 11 5 10 7 2 0 17 8 18 13 1 19 12 14 
10 12 3 6 14 2 17 11 5 9 8 7 15 4 18 0 19 1 16 13 
9 11 15 2 17 10 4 14 18 6 8 3 16 7 13 1 19 0 12 5 
3 17 19 8 12 11 1 6 14 7 0 18 2 15 10 4 16 9 13 5 
8 15 18 10 13 7 3 16 0 14 1 2 4 17 11 5 12 9 19 6 
11 0 6 1 7 9 10 14 12 15 13 8 19 5 2 4 18 17 3 16 
10 2 13 11 9 4 3 5 18 19 6 1 15 8 17 0 12 16 14 7 
18 1 9 3 12 6 10 13 17 5 0 4 11 2 15 16 7 19 8 14 
12 16 2 8 9 19 6 0 3 7 14 10 1 15 5 11 17 18 13 4 
1 4 8 15 2 14 6 18 13 12 10 16 0 9 7 3 17 19 5 11 
12 16 17 1 4 11 0 15 9 3 8 5 13 10 2 19 6 18 14 7 
6 10 2 18 5 3 13 11 4 7 17 12 19 8 9 0 1 16 14 15 
17 8 16 4 14 11 13 7 12 3 10 1 9 15 2 5 6 0 19 18 
3 5 4 1 15 16 17 12 7 14 11 13 18 10 19 6 0 9 8 2 
11 3 17 16 10 1 14 18 0 4 13 5 12 8 7 6 2 15 9 19 
11 3 8 9 2 15 0 12 7 14 13 4 10 17 6 16 18 1 5 19 
6 15 14 19 13 1 17 3 16 12 2 10 8 18 0 4 9 7 11 5 
1 14 16 8 2 3 6 18 12 5 10 7 19 4 13 0 17 11 15 9 
11 6 15 4 3 2 16 19 12 5 18 14 7 1 8 13 10 17 0 9 
16 14 9 12 6 2 5 1 11 8 3 15 13 18 19 10 4 17 7 0 
0 7 6 13 16 5 15 12 14 4 8 3 9 19 2 18 1 10 11 17 
5 3 2 0 13 4 16 6 9 10 7 15 8 19 18 12 14 11 17 1 
14 13 3 10 4 5 19 15 16 9 7 0 1 12 18 8 2 17 6 11 
14 19 5 11 7 3 9 1 4 2 15 6 12 17 0 13 18 8 10 16 
11 7 19 4 3 13 17 16 14 2 1 12 8 5 6 0 9 15 10 18 
4 15 8 19 1 13 18 2 17 0 5 11 6 3 7 14 16 9 12 10 
12 8 13 11 1 17 19 14 0 4 7 6 10 9 3 15 5 18 16 2 
18 1 19 2 5 8 17 4 11 9 14 12 7 0 16 6 13 3 15 10 
12 10 1 3 15 13 2 8 9 11 18 19 5 7 4 16 17 0 6 14 
7 6 12 10 8 14 9 1 16 5 0 11 3 4 19 17 13 18 15 2 
8 5 18 17 7 15 1 10 14 13 3 6 12 19 16 0 4 11 9 2 
5 13 4 19 7 12 10 2 9 14 17 1 11 15 6 16 18 3 0 8 
7 11 13 19 9 6 2 4 14 12 18 17 3 0 16 10 15 8 5 1 
5 2 4 18 7 14 13 16 8 19 17 15 11 9 12 3 1 10 0 6 
7 10 19 13 9 12 16 1 5 14 6 18 17 8 2 0 3 11 15 4 
0 1 3 18 14 10 5 9 4 6 12 11 15 8 7 13 17 19 16 2 
7 4 12 17 19 13 1 6 3 10 0 5 15 2 8 14 16 11 9 18 
5 16 13 8 18 3 15 12 17 14 1 7 9 10 4 6 19 11 0 2 
17 7 14 12 3 9 5 8 0 10 11 1 6 16 4 15 13 19 2 18 
5 14 7 9 10 12 15 19 18 13 8 1 0 17 6 4 2 3 16 11 
1 9 8 11 13 5 3 7 6 14 17 18 10 16 0 12 15 2 19 4 
19 16 10 17 14 13 4 3 5 6 2 8 11 15 9 1 7 0 18 12 
16 14 6 17 9 4 3 5 2 15 11 7 18 12 1 8 0 13 10 19 
7 15 3 12 9 17 13 10 11 1 14 16 6 0 2 19 5 8 4 18 
19 10 4 9 13 5 16 12 2 1 17 7 3 15 18 11 14 8 0 6 
1 10 3 17 11 0 5 6 15 9 16 2 14 18 4 7 12 8 19 13 
12 11 13 7 4 17 15 6 9 18 14 1 16 19 5 0 2 3 8 10 
19 0 16 10 13 18 4 14 17 11 15 7 2 8 9 1 12 6 5 3 
9 10 8 6 3 19 7 1 18 17 13 0 14 11 2 16 12 4 15 5 
13 4 2 19 3 9 8 12 14 18 10 0 5 11 17 16 1 7 6 15 
0 16 7 3 13 18 17 10 15 14 12 6 9 4 19 1 5 8 2 11 
19 0 5 16 6 18 13 11 2 15 12 4 3 10 1 7 14 9 8 17 
6 1 3 19 12 16 10 4 7 15 8 18 5 13 9 17 11 14 2 0 
4 9 8 14 5 0 10 1 2 6 7 19 18 12 17 15 11 3 13 16 
4 1 6 10 13 12 19 0 3 5 14 15 8 11 7 18 2 9 17 16 
6 10 5 0 18 9 19 16 8 15 11 3 14 1 2 4 13 12 17 7 
9 0 13 16 8 15 4 1 6 14 19 18 17 2 12 10 3 5 7 11 
18 14 3 8 6 0 12 9 16 11 19 10 7 4 13 15 17 2 1 5 
15 18 14 4 6 13 8 17 9 1 16 7 0 12 3 10 5 11 2 19 
1 10 0 12 9 6 13 8 2 11 19 14 4 3 15 7 18 17 16 5 
0 4 15 10 1 5 8 16 19 2 14 11 9 18 13 3 12 17 7 6 
10 5 17 3 4 7 13 16 0 19 14 2 6 1 11 9 15 12 18 8 
5 6 18 13 11 9 10 14 2 7 1 0 17 4 8 15 19 16 12 3 
18 9 6 12 10 3 13 1 7 14 17 0 11 4 19 16 8 15 2 5 
0 10 17 12 14 3 1 16 7 4 9 11 18 6 13 19 2 5 15 8 
14 12 3 11 10 16 1 2 0 5 17 8 6 19 7 15 9 4 13 18 
3 14 11 13 8 18 7 0 19 4 16 9 15 10 2 12 17 5 6 1 
8 4 17 15 0 11 13 6 12 3 2 7 5 1 9 16 18 19 14 10 
3 18 19 7 15 2 14 12 10 5 0 17 13 8 4 9 11 16 6 1 
1 3 18 7 16 0 9 13 12 6 4 11 8 14 2 19 5 17 10 15 
0 11 16 14 4 1 7 5 2 17 10 15 18 8 3 19 12 9 6 13 
16 18 11 3 17 5 4 19 15 13 7 0 14 1 8 6 12 2 9 10 
16 8 15 6 11 13 5 9 12 10 3 0 18 1 17 19 14 2 7 4 
19 0 3 14 11 10 9 4 16 8 12 7 13 2 6 18 17 5 15 1 
12 16 8 0 5 4 10 13 2 19 14 18 11 15 6 3 1 17 9 7 
4 1 16 13 10 14 12 7 8 11 15 17 9 3 0 6 19 5 2 18 
3 0 17 6 5 12 13 18 19 14 4 9 2 7 16 11 1 10 15 8 
2 19 9 14 3 1 0 16 6 7 15 17 11 13 18 12 4 5 8 10 
16 18 7 17 1 10 8 12 2 11 0 14 9 4 5 6 15 13 3 19 
13 15 9 12 7 0 16 19 2 1 8 10 11 6 18 4 14 3 17 5 
9 5 14 7 3 4 19 16 17 12 6 1 11 13 8 10 15 2 0 18 
11 4 8 12 3 2 10 13 16 18 17 0 1 9 5 15 19 6 14 7 
DURACIONES
(73, 93) (43, 49) (61, 65) (18, 20) (25, 31) (75, 99) (88, 94) (52, 70) (12, 16) (76, 92) (8, 10) (87, 95) (21, 27) (27, 29) (54, 66) (24, 28) (11, 11) (6, 6) (4, 4) (82, 110) 
(60, 80) (64, 80) (44, 46) (48, 52) (1, 1) (46, 46) (60, 74) (43, 43) (73, 77) (43, 45) (56, 68) (89, 93) (85, 113) (87, 105) (30, 38) (54, 66) (96, 96) (19, 19) (10, 10) (47, 57) 
(83, 105) (42, 42) (74, 90) (35, 43) (32, 34) (44, 52) (42, 42) (29, 35) (68, 70) (80, 106) (60, 70) (72, 76) (43, 51) (3, 3) (30, 32) (52, 58) (73, 89) (89, 93) (71, 71) (58, 74) 
(47, 51) (19, 21) (36, 38) (93, 97) (23, 25) (6, 6) (56, 74) (33, 35) (54, 72) (49, 51) (11, 13) (55, 73) (52, 60) (29, 33) (34, 40) (80, 106) (80, 98) (30, 34) (88, 104) (41, 53) 
(32, 38) (13, 17) (62, 70) (89, 89) (69, 75) (40, 54) (55, 61) (29, 39) (54, 68) (49, 51) (15, 19) (30, 32) (79, 81) (72, 96) (12, 14) (38, 48) (93, 99) (68, 78) (37, 37) (86, 108) 
(50, 62) (63, 65) (14, 16) (68, 88) (32, 38) (70, 72) (85, 85) (62, 64) (35, 37) (88, 94) (41, 55) (23, 29) (13, 15) (52, 58) (5, 5) (57, 67) (56, 58) (90, 98) (49, 57) (6, 6) 
(92, 102) (18, 18) (12, 12) (63, 67) (75, 79) (63, 75) (24, 30) (73, 83) (30, 38) (51, 67) (2, 2) (21, 23) (67, 87) (47, 55) (6, 6) (25, 25) (6, 6) (47, 51) (6, 8) (85, 109) 
(78, 88) (26, 28) (30, 38) (87, 109) (36, 46) (43, 43) (21, 23) (4, 4) (43, 47) (17, 21) (42, 46) (62, 62) (68, 90) (12, 12) (31, 31) (57, 63) (31, 37) (85, 101) (87, 103) (1, 1) 
(34, 44) (73, 75) (80, 108) (66, 70) (77, 77) (9, 11) (26, 32) (52, 68) (13, 13) (36, 40) (42, 46) (56, 72) (57, 65) (95, 95) (73, 73) (35, 39) (36, 38) (2, 2) (12, 14) (30, 34) 
(12, 12) (54, 66) (38, 48) (11, 13) (38, 42) (74, 82) (60, 72) (24, 26) (69, 83) (27, 29) (60, 76) (59, 59) (10, 10) (69, 85) (75, 99) (80, 106) (43, 47) (42, 46) (95, 95) (21, 25) 
(53, 57) (56, 66) (60, 64) (43, 55) (59, 65) (91, 97) (2, 2) (87, 99) (33, 37) (74, 90) (63, 63) (24, 26) (84, 84) (52, 70) (57, 63) (84, 106) (37, 47) (19, 19) (1, 1) (95, 103) 
(13, 13) (54, 56) (30, 32) (33, 35) (61, 79) (83, 107) (84, 88) (29, 37) (58, 70) (9, 11) (88, 106) (10, 12) (78, 80) (49, 57) (76, 98) (5, 5) (96, 98) (78, 78) (73, 91) (54, 62) 
(58, 78) (23, 27) (8, 8) (46, 50) (74, 98) (24, 28) (57, 75) (89, 103) (26, 28) (75, 79) (19, 21) (5, 5) (10, 10) (62, 66) (59, 73) (51, 63) (65, 83) (96, 96) (11, 11) (71, 95) 
(31, 35) (39, 49) (20, 22) (29, 33) (11, 13) (18, 20) (84, 86) (14, 18) (78, 80) (98, 98) (19, 21) (17, 19) (20, 22) (71, 83) (16, 20) (40, 50) (56, 60) (43, 55) (87, 101) (81, 95) 
(71, 71) (32, 40) (83, 83) (42, 54) (22, 24) (73, 95) (17, 19) (86, 104) (24, 28) (87, 101) (60, 60) (24, 32) (81, 81) (69, 73) (75, 75) (57, 69) (34, 46) (62, 68) (32, 36) (86, 108) 
(12, 14) (47, 53) (15, 15) (83, 87) (22, 24) (54, 60) (91, 95) (84, 84) (64, 84) (52, 58) (86, 102) (13, 13) (93, 105) (10, 10) (57, 61) (53, 67) (91, 99) (73, 79) (59, 79) (12, 16) 
(43, 45) (61, 67) (26, 32) (66, 72) (85, 107) (23, 23) (26, 28) (4, 4) (13, 13) (7, 9) (56, 62) (29, 29) (3, 3) (70, 88) (13, 15) (45, 45) (55, 63) (80, 90) (2, 2) (68, 82) 
(38, 42) (29, 37) (11, 11) (61, 61) (14, 18) (73, 97) (90, 100) (74, 92) (78, 86) (84, 104) (35, 39) (43, 57) (57, 65) (75, 89) (31, 41) (6, 6) (14, 14) (2, 2) (89, 109) (68, 88) 
(65, 81) (41, 55) (7, 9) (29, 39) (70, 90) (59, 75) (47, 47) (12, 14) (95, 103) (10, 10) (28, 34) (61, 69) (64, 66) (24, 28) (3, 3) (44, 50) (62, 74) (10, 12) (11, 13) (41, 45) 
(59, 69) (42, 48) (17, 19) (22, 26) (8, 10) (38, 40) (93, 103) (47, 55) (26, 30) (17, 19) (33, 35) (2, 2) (16, 20) (21, 27) (72, 92) (36, 36) (43, 53) (50, 52) (2, 2) (83, 89) 
(65, 71) (65, 79) (50, 58) (26, 32) (77, 93) (10, 12) (35, 37) (31, 39) (8, 8) (43, 51) (63, 77) (56, 56) (32, 32) (93, 101) (25, 29) (31, 33) (76, 78) (44, 56) (15, 15) (58, 70) 
(55, 59) (4, 4) (79, 95) (42, 48) (64, 80) (84, 84) (56, 72) (13, 13) (29, 37) (82, 104) (19, 21) (29, 33) (63, 75) (88, 104) (56, 62) (84, 90) (79, 85) (84, 98) (89, 93) (13, 17) 
(39, 41) (86, 110) (89, 101) (93, 99) (24, 32) (88, 94) (56, 74) (28, 34) (11, 13) (22, 28) (10, 12) (11, 11) (61, 77) (73, 81) (45, 59) (15, 19) (44, 44) (36, 48) (71, 81) (84, 94) 
(83, 89) (26, 26) (67, 87) (52, 66) (48, 60) (17, 17) (8, 10) (37, 37) (29, 29) (34, 40) (38, 46) (26, 26) (72, 96) (95, 101) (49, 57) (46, 54) (73, 77) (34, 40) (81, 105) (51, 69) 
(42, 56) (58, 76) (32, 38) (60, 68) (10, 10) (16, 18) (1, 1) (6, 6) (73, 91) (67, 83) (29, 35) (41, 41) (25, 27) (86, 100) (73, 75) (85, 95) (30, 36) (32, 38) (92, 106) (43, 57) 
(33, 37) (63, 79) (51, 63) (45, 47) (11, 11) (38, 50) (74, 98) (53, 53) (4, 4) (1, 1) (22, 22) (2, 2) (34, 46) (70, 94) (56, 64) (87, 95) (3, 3) (44, 46) (75, 83) (72, 72) 
(49, 61) (49, 63) (90, 102) (29, 29) (28, 28) (7, 9) (25, 33) (24, 28) (75, 81) (23, 31) (28, 30) (81, 83) (27, 35) (56, 60) (1, 1) (77, 89) (53, 57) (78, 84) (26, 30) (93, 105) 
(65, 77) (37, 47) (21, 25) (55, 55) (56, 62) (93, 101) (80, 92) (19, 21) (79, 93) (30, 34) (55, 59) (59, 67) (16, 20) (83, 107) (36, 42) (86, 94) (3, 3) (34, 40) (80, 94) (77, 93) 
(52, 68) (41, 47) (72, 82) (20, 24) (68, 82) (4, 4) (6, 6) (64, 72) (6, 6) (19, 19) (77, 87) (93, 97) (33, 39) (43, 53) (6, 8) (88, 88) (49, 59) (2, 2) (74, 76) (12, 14) 
(6, 8) (77, 77) (66, 88) (12, 14) (89, 105) (22, 22) (21, 21) (78, 98) (79, 101) (89, 101) (10, 12) (28, 32) (56, 66) (11, 11) (39, 39) (47, 49) (79, 97) (51, 65) (22, 24) (82, 96) 
(56, 56) (61, 69) (5, 5) (89, 89) (87, 111) (56, 64) (69, 77) (53, 59) (61, 75) (63, 63) (48, 48) (68, 72) (50, 52) (6, 8) (8, 8) (6, 8) (43, 43) (16, 20) (17, 19) (71, 91) 
(50, 54) (13, 17) (65, 85) (64, 68) (80, 104) (65, 67) (14, 18) (95, 97) (65, 79) (34, 36) (24, 28) (19, 23) (59, 79) (74, 98) (15, 15) (54, 66) (6, 6) (61, 61) (2, 2) (7, 9) 
(90, 94) (78, 90) (16, 16) (25, 29) (66, 88) (76, 88) (60, 74) (65, 83) (78, 84) (84, 100) (64, 86) (91, 93) (50, 50) (71, 95) (39, 47) (36, 48) (43, 55) (50, 52) (35, 37) (89, 89) 
(39, 45) (86, 108) (2, 2) (66, 74) (55, 63) (53, 61) (28, 32) (20, 26) (44, 54) (19, 21) (63, 73) (10, 10) (52, 70) (74, 94) (14, 16) (52, 64) (25, 31) (58, 64) (59, 75) (10, 10) 
(28, 30) (57, 57) (23, 29) (71, 87) (70, 72) (15, 15) (43, 49) (73, 75) (6, 6) (95, 99) (48, 54) (3, 3) (63, 63) (72, 86) (80, 90) (79, 93) (40, 46) (21, 23) (1, 1) (35, 43) 
(71, 93) (30, 40) (20, 20) (48, 50) (84, 110) (14, 16) (29, 39) (85, 99) (20, 26) (57, 63) (12, 14) (46, 58) (38, 38) (30, 38) (62, 74) (88, 106) (1, 1) (18, 18) (63, 83) (62, 82) 
(4, 4) (82, 90) (2, 2) (21, 27) (42, 42) (69, 71) (48, 62) (45, 45) (44, 54) (96, 96) (74, 82) (68, 78) (1, 1) (45, 51) (15, 19) (47, 59) (13, 17) (46, 50) (81, 91) (4, 4) 
(74, 100) (39, 41) (51, 59) (7, 7) (32, 34) (39, 49) (76, 80) (21, 21) (48, 48) (87, 97) (59, 61) (66, 72) (32, 32) (64, 86) (84, 94) (70, 74) (62, 62) (6, 8) (44, 56) (22, 22) 
(72, 76) (45, 59) (73, 91) (22, 28) (23, 25) (87, 99) (74, 74) (53, 63) (75, 91) (2, 2) (11, 13) (70, 82) (83, 111) (1, 1) (11, 11) (27, 31) (55, 59) (36, 46) (25, 33) (67, 89) 
(28, 36) (76, 90) (68, 92) (85, 93) (98, 100) (25, 25) (5, 5) (27, 31) (76, 78) (37, 45) (6, 6) (71, 83) (70, 72) (20, 22) (12, 16) (73, 73) (55, 67) (24, 28) (51, 57) (97, 101) 
(19, 19) (40, 40) (68, 68) (4, 4) (86, 112) (70, 74) (18, 18) (45, 45) (29, 37) (40, 42) (33, 43) (64, 86) (57, 65) (8, 8) (66, 80) (74, 86) (65, 81) (61, 67) (32, 34) (14, 14) 
(74, 80) (61, 61) (19, 23) (81, 83) (73, 81) (21, 27) (87, 105) (31, 39) (11, 11) (22, 24) (67, 87) (79, 93) (8, 8) (5, 5) (41, 45) (11, 13) (29, 39) (29, 33) (40, 48) (13, 17) 
(48, 54) (58, 68) (17, 21) (12, 16) (5, 5) (48, 52) (16, 20) (4, 4) (77, 91) (43, 57) (41, 41) (39, 39) (86, 110) (63, 71) (27, 35) (58, 60) (68, 70) (87, 95) (62, 72) (29, 39) 
(83, 101) (54, 60) (70, 76) (72, 88) (53, 61) (66, 88) (74, 92) (91, 103) (46, 48) (94, 96) (78, 90) (9, 9) (52, 60) (46, 56) (31, 33) (11, 11) (59, 75) (44, 48) (44, 56) (65, 73) 
(35, 45) (1, 1) (45, 57) (33, 33) (64, 86) (60, 66) (61, 63) (49, 59) (34, 38) (15, 19) (55, 63) (83, 109) (65, 71) (39, 49) (53, 61) (87, 91) (44, 56) (8, 10) (10, 12) (10, 10) 
(42, 48) (91, 107) (86, 98) (7, 9) (71, 83) (15, 15) (77, 83) (12, 14) (47, 53) (28, 32) (66, 66) (9, 9) (66, 88) (64, 80) (25, 27) (85, 107) (85, 85) (54, 62) (42, 44) (40, 44) 
(56, 56) (24, 32) (74, 88) (18, 22) (11, 13) (14, 14) (45, 49) (83, 83) (59, 69) (44, 44) (38, 46) (65, 71) (84, 106) (15, 19) (47, 63) (54, 70) (69, 69) (64, 78) (91, 95) (12, 12) 
(15, 19) (25, 27) (97, 99) (45, 53) (71, 85) (35, 37) (86, 88) (95, 97) (28, 36) (23, 23) (52, 60) (73, 95) (20, 22) (65, 73) (86, 110) (9, 9) (67, 83) (67, 89) (30, 34) (54, 60) 
(33, 33) (82, 82) (67, 71) (31, 33) (58, 64) (49, 49) (53, 69) (95, 101) (72, 90) (57, 65) (17, 21) (60, 66) (45, 47) (80, 82) (20, 24) (68, 92) (42, 44) (17, 23) (55, 59) (30, 32) 
(91, 103) (60, 70) (82, 84) (53, 69) (32, 38) (85, 85) (91, 105) (52, 60) (18, 24) (83, 109) (17, 23) (68, 90) (62, 78) (36, 40) (30, 32) (56, 58) (29, 37) (71, 95) (52, 64) (29, 29) 
(32, 42) (22, 24) (29, 35) (81, 107) (85, 87) (42, 46) (6, 6) (59, 63) (20, 24) (15, 15) (41, 43) (65, 69) (34, 38) (75, 91) (48, 56) (47, 51) (5, 5) (84, 86) (58, 68) (53, 67) 
(98, 100) (82, 108) (57, 75) (59, 63) (5, 5) (6, 6) (57, 57) (3, 3) (35, 39) (74, 100) (27, 27) (11, 11) (27, 29) (56, 66) (85, 101) (74, 74) (5, 5) (39, 45) (45, 45) (51, 51) 
(16, 20) (38, 50) (4, 4) (60, 70) (76, 88) (91, 103) (26, 30) (55, 69) (34, 38) (96, 96) (65, 87) (54, 64) (45, 57) (16, 16) (83, 95) (38, 40) (49, 61) (9, 11) (23, 25) (62, 62) 
(78, 78) (7, 9) (8, 10) (4, 4) (43, 53) (42, 54) (76, 78) (61, 69) (64, 78) (4, 4) (18, 18) (82, 104) (63, 77) (38, 44) (27, 27) (77, 93) (57, 67) (17, 23) (26, 28) (88, 92) 
(55, 59) (1, 1) (12, 16) (11, 11) (37, 39) (64, 84) (6, 6) (72, 72) (15, 17) (11, 11) (24, 26) (5, 5) (76, 96) (77, 89) (5, 5) (39, 43) (52, 52) (37, 41) (71, 89) (71, 77) 
(69, 83) (41, 53) (32, 34) (31, 31) (54, 68) (76, 80) (26, 28) (64, 72) (31, 37) (87, 111) (40, 48) (57, 71) (12, 14) (39, 51) (54, 56) (17, 21) (86, 112) (33, 35) (84, 84) (63, 85) 
(34, 42) (74, 84) (6, 6) (8, 8) (12, 12) (71, 73) (4, 4) (4, 4) (8, 8) (53, 57) (21, 25) (74, 80) (48, 56) (52, 58) (54, 54) (27, 33) (74, 94) (69, 89) (66, 66) (20, 22) 
(58, 60) (31, 31) (83, 83) (55, 59) (67, 67) (15, 19) (70, 70) (21, 25) (12, 16) (52, 56) (10, 10) (23, 25) (79, 79) (58, 76) (69, 85) (89, 91) (6, 8) (85, 103) (33, 35) (65, 73) 
(35, 37) (6, 8) (23, 31) (16, 16) (16, 16) (10, 10) (56, 64) (70, 86) (69, 91) (6, 8) (36, 38) (73, 79) (29, 33) (33, 39) (23, 29) (63, 63) (77, 79) (67, 89) (89, 95) (40, 52) 
(66, 76) (56, 64) (73, 75) (25, 33) (25, 29) (52, 62) (73, 93) (5, 5) (12, 12) (60, 76) (94, 98) (24, 26) (49, 51) (83, 87) (21, 25) (1, 1) (67, 87) (64, 84) (20, 22) (30, 36) 
(24, 24) (18, 24) (80, 108) (4, 4) (3, 3) (4, 4) (50, 62) (21, 25) (67, 73) (37, 47) (59, 77) (86, 110) (48, 48) (46, 50) (9, 9) (91, 105) (56, 72) (69, 69) (55, 57) (84, 84) 
(92, 106) (51, 53) (51, 53) (69, 75) (81, 109) (9, 11) (87, 101) (50, 52) (67, 87) (12, 14) (74, 90) (59, 63) (61, 75) (39, 39) (59, 61) (43, 43) (84, 104) (28, 28) (33, 39) (77, 77) 
(4, 4) (41, 49) (11, 11) (14, 18) (92, 104) (92, 96) (18, 22) (97, 101) (84, 94) (62, 64) (32, 38) (65, 79) (88, 88) (20, 24) (70, 74) (69, 73) (67, 71) (50, 50) (76, 78) (36, 44) 
(58, 76) (77, 103) (42, 50) (9, 11) (17, 21) (24, 24) (32, 40) (36, 40) (64, 82) (65, 83) (32, 34) (16, 18) (8, 10) (14, 16) (90, 100) (31, 35) (43, 49) (73, 97) (34, 34) (46, 56) 
(8, 10) (8, 8) (90, 104) (55, 73) (58, 70) (95, 97) (31, 35) (23, 29) (77, 99) (63, 71) (18, 22) (16, 20) (59, 75) (44, 58) (70, 84) (42, 44) (75, 79) (81, 85) (9, 9) (18, 22) 
(43, 43) (21, 21) (49, 53) (33, 37) (11, 11) (29, 31) (82, 96) (43, 53) (64, 76) (61, 63) (50, 62) (91, 97) (12, 12) (25, 25) (81, 85) (21, 21) (80, 102) (70, 90) (42, 44) (75, 75) 
(12, 14) (34, 36) (38, 48) (70, 90) (52, 54) (11, 11) (91, 103) (27, 31) (83, 83) (6, 6) (63, 83) (9, 11) (52, 58) (32, 32) (49, 49) (48, 52) (22, 22) (83, 89) (17, 23) (75, 87) 
(53, 57) (19, 25) (82, 100) (56, 70) (13, 17) (5, 5) (89, 103) (53, 53) (62, 74) (5, 5) (59, 59) (17, 19) (74, 100) (67, 85) (18, 20) (92, 92) (16, 20) (17, 17) (17, 23) (28, 30) 
(8, 8) (2, 2) (29, 35) (12, 12) (54, 56) (23, 31) (9, 9) (52, 68) (38, 50) (79, 93) (61, 71) (49, 55) (31, 39) (21, 21) (74, 78) (45, 55) (52, 64) (25, 25) (23, 29) (20, 24) 
(16, 20) (86, 102) (80, 86) (44, 58) (91, 91) (64, 84) (8, 10) (26, 32) (81, 105) (72, 78) (61, 63) (46, 46) (60, 76) (72, 82) (29, 39) (64, 66) (68, 78) (73, 73) (40, 40) (44, 44) 
(48, 58) (17, 17) (48, 64) (36, 40) (60, 66) (60, 70) (37, 39) (65, 65) (43, 53) (53, 65) (39, 41) (29, 37) (15, 15) (78, 94) (66, 66) (37, 39) (83, 107) (70, 90) (45, 49) (9, 11) 
(36, 44) (59, 77) (47, 59) (63, 75) (19, 25) (92, 102) (44, 54) (64, 78) (71, 93) (77, 79) (3, 3) (16, 18) (20, 20) (52, 52) (7, 9) (5, 5) (92, 106) (62, 66) (77, 93) (53, 69) 
(83, 105) (12, 12) (33, 43) (63, 73) (48, 48) (30, 36) (8, 8) (40, 44) (78, 84) (50, 58) (61, 73) (60, 66) (40, 50) (44, 44) (10, 12) (44, 52) (23, 27) (23, 29) (55, 57) (41, 55) 
(58, 60) (37, 39) (76, 90) (42, 44) (7, 9) (26, 32) (54, 58) (50, 58) (33, 35) (35, 47) (45, 57) (76, 102) (76, 90) (13, 13) (54, 68) (13, 13) (29, 37) (5, 5) (32, 40) (9, 11) 
(80, 108) (41, 43) (51, 57) (38, 44) (69, 87) (71, 89) (47, 59) (86, 110) (9, 11) (85, 87) (19, 19) (71, 73) (21, 27) (87, 105) (6, 6) (14, 14) (24, 30) (18, 20) (18, 20) (78, 98) 
(57, 69) (30, 38) (60, 72) (75, 85) (59, 63) (12, 12) (30, 30) (27, 35) (34, 46) (89, 99) (91, 93) (79, 99) (51, 65) (43, 55) (29, 29) (83, 103) (1, 1) (48, 64) (48, 52) (85, 113) 
(97, 97) (70, 74) (26, 28) (34, 42) (64, 80) (82, 98) (88, 94) (50, 52) (8, 10) (13, 15) (57, 77) (59, 71) (4, 4) (12, 14) (73, 95) (1, 1) (19, 21) (66, 80) (12, 12) (59, 65) 
(74, 90) (79, 89) (45, 45) (40, 52) (5, 5) (23, 27) (27, 35) (53, 67) (11, 13) (29, 35) (20, 22) (47, 53) (72, 82) (31, 41) (83, 89) (34, 34) (10, 12) (12, 12) (60, 60) (1, 1) 
(35, 47) (21, 23) (18, 22) (65, 87) (39, 51) (56, 64) (91, 103) (71, 93) (31, 35) (54, 64) (42, 54) (58, 58) (82, 108) (42, 48) (21, 21) (77, 93) (71, 93) (46, 54) (18, 18) (18, 24) 
(20, 22) (66, 66) (28, 34) (14, 16) (88, 96) (10, 12) (30, 38) (44, 48) (28, 28) (95, 97) (71, 73) (79, 79) (75, 95) (77, 79) (29, 33) (73, 79) (22, 28) (2, 2) (17, 23) (58, 76) 
(75, 79) (36, 42) (67, 75) (74, 92) (60, 80) (44, 50) (30, 34) (10, 12) (26, 26) (1, 1) (75, 75) (16, 18) (70, 84) (89, 107) (5, 5) (10, 10) (10, 12) (29, 37) (69, 77) (61, 73) 
(15, 17) (36, 42) (26, 32) (25, 29) (70, 70) (50, 54) (10, 12) (25, 27) (59, 65) (17, 21) (98, 100) (34, 42) (89, 101) (13, 13) (3, 3) (41, 47) (30, 30) (43, 49) (66, 78) (84, 94) 
(59, 71) (87, 107) (22, 24) (36, 40) (56, 58) (64, 82) (32, 34) (11, 11) (8, 10) (82, 110) (4, 4) (72, 84) (38, 38) (46, 62) (54, 72) (86, 110) (75, 97) (58, 58) (44, 54) (88, 104) 
(82, 108) (78, 94) (55, 61) (41, 51) (51, 51) (97, 101) (54, 64) (4, 4) (31, 35) (6, 6) (49, 51) (43, 55) (59, 65) (63, 75) (36, 38) (57, 73) (11, 13) (52, 60) (81, 95) (74, 90) 
(53, 69) (49, 57) (29, 37) (5, 5) (35, 41) (59, 67) (32, 38) (66, 82) (52, 60) (52, 56) (66, 80) (17, 17) (53, 69) (43, 55) (4, 4) (71, 81) (11, 11) (56, 72) (70, 70) (50, 50) 
(16, 18) (32, 38) (67, 79) (25, 31) (77, 85) (17, 19) (88, 102) (26, 26) (93, 93) (28, 36) (3, 3) (35, 43) (13, 13) (93, 101) (89, 99) (49, 57) (11, 11) (74, 86) (27, 33) (28, 28) 
(1, 1) (95, 101) (32, 32) (48, 64) (34, 44) (26, 32) (33, 33) (82, 82) (53, 61) (16, 18) (36, 42) (76, 78) (73, 73) (11, 13) (91, 91) (59, 75) (72, 72) (89, 99) (13, 15) (73, 73) 
(33, 39) (47, 49) (59, 73) (22, 24) (49, 55) (87, 97) (85, 95) (1, 1) (1, 1) (35, 43) (49, 49) (25, 25) (4, 4) (14, 18) (70, 78) (32, 40) (49, 53) (57, 65) (14, 18) (53, 59) 
(80, 100) (19, 23) (99, 99) (28, 30) (47, 51) (13, 13) (93, 95) (25, 27) (17, 23) (63, 83) (21, 21) (24, 32) (46, 62) (3, 3) (95, 99) (39, 47) (45, 51) (51, 59) (19, 21) (61, 79) 
(62, 66) (6, 6) (66, 78) (68, 80) (24, 26) (41, 45) (7, 9) (19, 21) (78, 82) (84, 94) (6, 6) (44, 44) (2, 2) (6, 6) (54, 54) (49, 53) (40, 42) (87, 109) (90, 90) (87, 101) 
(84, 98) (52, 66) (23, 31) (59, 71) (44, 46) (22, 22) (88, 106) (53, 53) (63, 81) (46, 48) (87, 109) (42, 56) (71, 81) (75, 97) (78, 86) (51, 53) (62, 62) (42, 54) (35, 39) (24, 26) 
(93, 101) (27, 29) (84, 90) (50, 62) (90, 102) (14, 14) (72, 84) (5, 5) (29, 29) (12, 16) (64, 82) (50, 54) (2, 2) (29, 39) (18, 20) (15, 17) (19, 23) (73, 85) (63, 79) (6, 6) 
(80, 106) (12, 16) (77, 87) (75, 87) (48, 62) (46, 62) (50, 52) (59, 63) (19, 25) (25, 31) (3, 3) (32, 38) (19, 25) (41, 51) (79, 81) (65, 67) (90, 94) (2, 2) (17, 17) (54, 68) 
(50, 56) (2, 2) (48, 54) (56, 74) (67, 83) (13, 15) (12, 14) (50, 52) (17, 19) (71, 87) (23, 27) (52, 52) (46, 52) (39, 47) (49, 49) (81, 85) (34, 38) (53, 55) (39, 47) (66, 78) 
(1, 1) (32, 32) (65, 67) (52, 52) (84, 96) (7, 9) (30, 36) (71, 73) (79, 81) (34, 46) (35, 41) (89, 107) (64, 78) (85, 111) (12, 16) (35, 35) (21, 25) (21, 23) (22, 24) (81, 105) 
(48, 50) (16, 16) (82, 88) (9, 9) (61, 61) (21, 21) (74, 98) (14, 14) (70, 92) (59, 59) (31, 37) (59, 59) (19, 19) (77, 93) (26, 32) (67, 67) (43, 49) (81, 99) (36, 48) (23, 23) 
(25, 25) (80, 88) (4, 4) (51, 55) (89, 93) (1, 1) (24, 28) (18, 20) (86, 110) (97, 97) (5, 5) (22, 26) (65, 87) (27, 29) (18, 18) (78, 84) (64, 76) (73, 95) (11, 11) (57, 75) 
(5, 5) (6, 6) (76, 86) (43, 55) (27, 33) (75, 79) (41, 47) (2, 2) (71, 75) (69, 87) (14, 16) (37, 39) (37, 41) (78, 98) (71, 73) (61, 77) (27, 33) (6, 6) (45, 47) (6, 8) 
(35, 47) (12, 16) (75, 95) (1, 1) (62, 76) (8, 10) (37, 49) (86, 90) (41, 47) (81, 89) (78, 82) (44, 56) (3, 3) (31, 31) (65, 83) (83, 93) (84, 86) (3, 3) (68, 76) (77, 93) 
(68, 88) (47, 53) (75, 77) (45, 51) (34, 42) (76, 92) (20, 22) (55, 59) (64, 80) (8, 8) (54, 56) (52, 60) (21, 25) (4, 4) (51, 63) (50, 62) (50, 66) (27, 27) (59, 73) (10, 12) 
TIEMPOS MAXIMOS DE FIN
(10000, 10000) (10000, 10000) (10000, 10000) (10000, 10000) (10000, 10000) (10000, 10000) (10000, 10000) (10000, 10000) (10000, 10000) (10000, 10000) (10000, 10000) (10000, 10000) (10000, 10000) (10000, 10000) (10000, 10000) (10000, 10000) (10000, 10000) (10000, 10000) (10000, 10000) (10000, 10000) (10000, 10000) (10000, 10000) (10000, 10000) (10000, 10000) (10000, 10000) (10000, 10000) (10000, 10000) (10000, 10000) (10000, 10000) (10000, 10000) (10000, 10000) (10000, 10000) (10000, 10000) (10000, 10000) (10000, 10000) (10000, 10000) (10000, 10000) (10000, 10000) (10000, 10000) (10000, 10000) (10000, 10000) (10000, 10000) (10000, 10000) (10000, 10000) (10000, 10000) (10000, 10000) (10000, 10000) (10000, 10000) (10000, 10000) (10000, 10000) (10000, 10000) (10000, 10000) (10000, 10000) (10000, 10000) (10000, 10000) (10000, 10000) (10000, 10000) (10000, 10000) (10000, 10000) (10000, 10000) (10000, 10000) (10000, 10000) (10000, 10000) (10000, 10000) (10000, 10000) (10000, 10000) (10000, 10000) (10000, 10000) (10000, 10000) (10000, 10000) (10000, 10000) (10000, 10000) (10000, 10000) (10000, 10000) (10000, 10000) (10000, 10000) (10000, 10000) (10000, 10000) (10000, 10000) (10000, 10000) (10000, 10000) (10000, 10000) (10000, 10000) (10000, 10000) (10000, 10000) (10000, 10000) (10000, 10000) (10000, 10000) (10000, 10000) (10000, 10000) (10000, 10000) (10000, 10000) (10000, 10000) (10000, 10000) (10000, 10000) (10000, 10000) (10000, 10000) (10000, 10000) (10000, 10000) (10000, 10000) 
// Desviacion Izda: min(0%), max(15%), promedio(6.32917%)
// Desviacion Dcha: min(0%), max(15%), promedio(6.32917%)
