NUMERO DE TRABAJOS
15
NUMERO DE RECURSOS
15
SECUENCIA DE MAQUINAS
3 6 7 13 4 1 12 10 8 14 0 9 5 2 11 
2 12 1 13 3 4 8 14 0 10 7 5 9 11 6 
8 14 3 0 10 5 9 13 2 11 6 4 7 1 12 
5 13 11 4 14 2 9 8 10 3 6 7 1 0 12 
13 5 2 14 1 8 4 3 11 6 7 12 9 0 10 
14 11 2 5 8 10 0 4 9 7 13 3 1 6 12 
8 12 5 10 7 11 2 13 0 14 6 9 1 4 3 
9 7 12 3 6 2 10 13 1 8 14 4 0 5 11 
0 4 5 1 11 7 6 2 14 13 8 9 3 10 12 
8 11 7 1 14 13 12 4 6 9 10 0 5 2 3 
12 4 5 13 6 0 1 7 9 8 11 10 14 2 3 
3 14 4 13 5 9 8 0 7 12 6 1 10 11 2 
10 8 4 1 2 0 7 14 12 13 9 6 3 11 5 
6 2 0 14 1 4 12 3 10 7 8 9 5 13 11 
10 2 9 13 5 0 6 7 1 14 11 4 12 3 8 
DURACIONES
(82, 84) (1, 1) (95, 97) (46, 62) (29, 31) (74, 86) (70, 92) (9, 9) (45, 53) (32, 32) (17, 21) (81, 103) (62, 68) (75, 101) (64, 64) 
(4, 4) (61, 75) (71, 87) (21, 21) (77, 91) (80, 104) (62, 70) (51, 51) (71, 95) (92, 100) (60, 76) (35, 41) (36, 40) (92, 106) (68, 84) 
(40, 52) (56, 58) (60, 72) (67, 83) (80, 96) (51, 65) (49, 63) (32, 38) (55, 63) (74, 90) (23, 25) (92, 100) (21, 27) (47, 63) (71, 89) 
(29, 39) (67, 71) (46, 60) (90, 106) (7, 9) (74, 88) (80, 82) (35, 41) (36, 42) (3, 3) (59, 59) (81, 81) (28, 32) (71, 81) (70, 72) 
(79, 91) (68, 92) (34, 38) (54, 60) (95, 97) (30, 38) (14, 14) (3, 3) (78, 102) (90, 108) (9, 9) (37, 47) (84, 106) (27, 27) (24, 30) 
(24, 32) (10, 12) (57, 75) (2, 2) (32, 38) (59, 79) (59, 63) (78, 90) (71, 75) (48, 64) (94, 102) (79, 83) (72, 72) (81, 103) (23, 23) 
(19, 23) (5, 5) (83, 107) (5, 5) (19, 25) (14, 18) (67, 87) (79, 91) (66, 86) (42, 50) (36, 36) (89, 89) (99, 99) (38, 50) (37, 37) 
(44, 54) (80, 80) (58, 64) (74, 100) (39, 43) (6, 6) (81, 85) (77, 81) (42, 46) (83, 83) (9, 9) (74, 94) (90, 108) (36, 40) (62, 74) 
(77, 77) (44, 58) (62, 74) (65, 73) (6, 6) (24, 28) (85, 113) (6, 6) (30, 38) (24, 30) (51, 51) (82, 82) (5, 5) (80, 100) (1, 1) 
(74, 96) (57, 71) (50, 60) (69, 83) (80, 98) (67, 69) (29, 39) (14, 14) (50, 54) (31, 35) (87, 95) (4, 4) (16, 20) (86, 104) (65, 87) 
(34, 46) (7, 9) (36, 36) (5, 5) (1, 1) (50, 52) (29, 37) (79, 81) (87, 93) (70, 80) (41, 53) (56, 74) (41, 43) (15, 17) (11, 11) 
(36, 40) (80, 86) (44, 52) (73, 75) (15, 15) (9, 11) (76, 102) (35, 47) (93, 101) (86, 108) (16, 16) (46, 48) (19, 23) (89, 101) (18, 22) 
(83, 95) (19, 25) (11, 11) (13, 17) (35, 39) (61, 69) (25, 31) (37, 41) (84, 92) (12, 16) (26, 30) (6, 6) (22, 26) (4, 4) (21, 25) 
(14, 14) (60, 72) (4, 4) (52, 64) (7, 7) (6, 6) (5, 5) (46, 50) (46, 62) (52, 66) (2, 2) (1, 1) (4, 4) (81, 83) (67, 83) 
(21, 27) (63, 69) (4, 4) (20, 20) (78, 80) (46, 54) (20, 26) (14, 16) (12, 16) (89, 93) (77, 95) (83, 109) (56, 70) (16, 16) (3, 3) 
TIEMPOS MAXIMOS DE FIN
(10000, 10000) (10000, 10000) (10000, 10000) (10000, 10000) (10000, 10000) (10000, 10000) (10000, 10000) (10000, 10000) (10000, 10000) (10000, 10000) (10000, 10000) (10000, 10000) (10000, 10000) (10000, 10000) (10000, 10000) 
// Desviacion Izda: min(0%), max(15%), promedio(6.57485%)
// Desviacion Dcha: min(0%), max(15%), promedio(6.57485%)
