NUMERO DE TRABAJOS
100
NUMERO DE RECURSOS
20
SECUENCIA DE MAQUINAS
8 10 5 0 7 2 14 12 3 15 18 9 11 16 4 13 19 17 6 1 
3 4 6 10 16 5 13 18 1 0 14 9 15 7 17 12 8 2 11 19 
0 8 13 5 2 9 18 1 14 6 17 15 3 19 12 10 7 4 16 11 
12 9 14 19 16 2 0 6 1 13 17 8 7 5 10 15 4 11 3 18 
9 17 12 18 13 8 15 10 6 14 19 4 5 2 0 11 7 3 16 1 
11 5 18 0 9 16 19 15 4 7 8 3 17 13 2 1 14 10 12 6 
7 3 9 10 13 19 6 14 5 16 0 1 2 18 4 17 8 12 15 11 
4 5 9 18 10 8 11 0 16 13 12 14 19 7 15 2 1 17 6 3 
17 4 8 3 7 13 12 14 9 0 5 10 15 19 2 1 6 16 18 11 
0 8 19 18 13 7 17 3 15 6 2 14 9 4 16 5 11 12 1 10 
10 12 1 6 2 5 0 13 16 17 3 18 8 15 11 7 14 4 19 9 
6 7 5 10 1 3 18 2 15 16 4 14 0 11 13 9 8 19 17 12 
18 2 4 15 7 5 11 3 13 6 0 9 17 16 1 19 8 14 12 10 
17 13 14 19 0 4 9 6 5 1 8 12 18 7 3 11 10 16 15 2 
15 1 13 8 19 17 6 2 9 0 14 7 4 5 16 18 10 3 11 12 
8 12 5 2 19 0 15 14 4 18 11 1 17 3 9 10 16 7 13 6 
14 6 16 9 11 12 13 4 2 15 19 17 5 18 3 10 7 1 0 8 
12 2 13 16 11 18 19 17 15 7 1 8 3 0 4 14 10 6 9 5 
14 6 9 18 3 13 2 15 19 17 12 5 1 7 0 10 4 8 11 16 
14 19 5 3 12 15 16 13 9 18 10 1 7 17 0 4 11 2 8 6 
11 7 14 13 3 17 9 8 0 5 4 19 6 15 10 16 2 12 1 18 
7 18 17 0 1 16 12 9 14 6 8 3 4 15 2 19 13 5 11 10 
1 5 16 3 17 2 15 6 4 9 11 8 13 10 14 12 18 0 7 19 
1 0 16 10 8 14 2 17 6 5 11 13 4 9 15 12 7 19 3 18 
14 0 5 18 10 7 17 13 2 19 6 15 3 16 11 1 12 9 4 8 
10 7 14 6 13 11 15 9 4 8 19 12 16 1 5 3 0 18 17 2 
0 5 10 2 1 8 9 4 12 6 11 18 3 7 13 16 19 17 14 15 
18 17 16 8 19 6 10 14 2 15 7 9 3 4 0 12 1 11 13 5 
18 7 6 14 5 8 16 19 3 2 17 4 1 13 0 15 10 12 11 9 
19 1 11 17 7 3 4 6 18 16 15 9 12 5 0 8 10 2 13 14 
2 13 5 16 0 11 7 17 9 15 18 6 14 3 19 10 12 8 1 4 
10 4 5 0 8 9 1 6 17 13 7 16 11 3 19 14 12 18 15 2 
17 10 12 7 19 2 15 9 0 11 3 5 8 14 4 1 16 6 18 13 
15 2 16 6 4 8 14 1 11 13 17 12 18 7 9 0 19 5 10 3 
6 4 5 18 7 9 0 15 17 1 11 12 3 2 10 13 16 19 8 14 
5 14 0 8 11 6 4 15 16 3 13 2 19 9 7 18 17 1 10 12 
15 6 2 12 1 9 4 17 5 3 10 0 18 14 13 8 16 11 7 19 
6 9 2 0 10 11 8 18 13 7 3 14 15 16 4 17 19 12 1 5 
0 1 7 9 12 2 6 16 5 3 19 10 4 13 8 15 17 11 18 14 
2 18 8 0 3 5 9 15 7 11 4 16 10 14 12 6 1 17 19 13 
7 5 11 2 8 15 12 18 14 17 3 16 10 1 0 19 9 6 4 13 
15 16 7 3 9 1 17 0 14 8 2 10 19 6 11 13 18 4 12 5 
3 13 16 10 2 0 15 17 4 5 8 7 9 11 18 19 14 12 1 6 
7 8 3 19 1 12 11 2 5 0 16 18 14 17 15 4 6 9 13 10 
1 19 12 8 10 14 11 9 2 18 0 5 13 7 6 15 4 17 16 3 
16 14 10 11 9 17 13 18 12 2 1 4 0 8 15 5 3 7 19 6 
7 15 11 1 13 3 14 9 4 10 6 8 2 18 12 19 5 0 17 16 
8 1 10 3 12 17 15 7 16 9 4 5 19 11 2 6 13 0 18 14 
9 18 4 14 12 5 6 8 17 10 2 15 3 19 1 11 7 0 16 13 
5 8 14 10 12 0 4 11 2 1 13 15 17 19 16 9 18 6 7 3 
3 15 9 5 18 7 1 17 12 0 6 19 11 14 4 8 16 13 10 2 
15 13 1 7 0 4 17 9 19 5 18 11 16 14 8 3 6 2 12 10 
12 9 8 2 18 1 19 4 10 0 13 17 15 16 6 11 3 14 7 5 
17 18 14 8 12 5 11 2 1 15 7 16 10 6 13 9 0 3 4 19 
5 12 16 11 0 8 10 4 7 3 2 13 17 1 14 15 18 19 9 6 
19 11 2 3 14 10 1 12 9 6 18 13 5 8 7 17 0 15 16 4 
9 8 4 1 5 12 16 19 3 10 15 14 2 6 11 18 13 0 7 17 
12 16 2 18 3 5 4 11 13 14 10 1 9 6 17 15 7 0 8 19 
17 2 5 11 16 12 14 3 15 13 4 1 6 9 18 10 7 0 19 8 
18 13 1 3 0 14 12 6 11 8 15 16 7 19 9 10 4 2 17 5 
7 6 16 0 2 5 19 15 1 10 8 14 18 4 3 13 9 11 12 17 
17 8 19 13 9 16 7 0 3 18 10 2 1 6 11 14 4 15 5 12 
1 10 7 0 15 16 17 9 13 5 2 3 6 11 12 14 8 18 19 4 
9 14 17 18 13 12 4 15 7 3 5 19 0 6 1 11 8 16 2 10 
1 9 4 5 7 8 15 13 12 10 3 0 14 19 2 6 16 18 11 17 
1 8 16 19 9 2 12 17 0 10 5 3 11 18 15 4 6 13 14 7 
16 5 6 9 8 15 7 17 1 10 2 14 0 18 12 13 3 4 11 19 
15 18 16 19 2 14 6 7 5 12 3 0 11 17 1 8 9 10 13 4 
12 18 15 11 8 7 3 1 2 5 17 16 10 14 13 9 4 19 0 6 
12 10 4 2 5 7 9 11 19 18 14 17 15 3 0 13 8 6 1 16 
15 8 4 14 19 13 5 17 1 0 9 3 11 6 10 7 12 18 16 2 
12 3 6 10 18 14 11 15 0 17 1 13 4 9 19 5 2 16 7 8 
14 4 2 10 17 6 0 7 19 1 11 3 16 15 8 13 12 9 18 5 
17 18 9 4 5 2 8 13 6 15 12 3 14 1 0 7 16 11 10 19 
12 11 3 1 0 18 8 16 14 19 13 10 9 4 17 5 2 7 6 15 
17 11 2 14 19 10 3 6 8 9 13 0 15 1 16 5 7 12 4 18 
18 19 3 17 1 5 4 10 2 7 12 14 9 15 8 11 13 16 6 0 
11 0 13 14 19 3 7 4 6 10 2 5 8 12 9 17 15 16 18 1 
7 17 3 9 4 8 19 15 14 2 0 11 13 16 10 5 12 6 1 18 
11 17 9 1 10 12 4 0 13 6 19 5 2 7 3 14 16 8 15 18 
15 0 2 9 3 7 6 12 17 4 19 14 18 5 11 1 16 8 10 13 
12 16 10 13 7 19 2 6 1 15 11 0 5 9 4 17 3 18 8 14 
19 5 10 15 8 7 6 1 14 9 16 0 11 12 17 18 3 2 13 4 
10 13 9 14 18 5 19 15 3 8 6 4 7 1 17 11 12 0 2 16 
2 15 11 14 8 16 19 7 4 1 0 12 9 13 18 6 5 10 17 3 
4 2 3 15 8 11 18 17 16 12 1 13 14 19 5 7 0 10 6 9 
12 0 4 8 19 6 5 10 9 15 7 18 3 14 2 13 11 17 16 1 
13 15 19 5 4 7 18 16 3 11 12 2 9 0 10 1 14 8 17 6 
14 13 16 8 6 10 11 0 9 15 17 18 7 1 3 4 19 5 12 2 
6 3 12 13 2 15 0 10 19 18 9 1 7 17 4 5 11 16 8 14 
2 14 9 6 4 16 11 8 12 13 1 18 0 7 17 3 15 5 19 10 
16 8 9 12 18 11 13 5 4 19 6 1 17 15 7 2 3 0 10 14 
15 16 11 18 14 10 5 0 7 3 6 8 9 12 1 17 2 4 19 13 
14 12 6 8 4 16 5 19 15 11 17 1 2 9 13 18 3 7 0 10 
10 11 14 12 4 9 5 18 17 3 1 7 16 13 6 0 2 8 19 15 
16 6 3 15 7 4 12 9 8 13 2 10 1 19 14 0 18 5 11 17 
5 19 8 4 0 1 14 18 13 7 17 11 2 6 3 10 15 9 16 12 
9 6 16 4 19 5 18 11 13 15 1 2 7 8 3 14 17 12 0 10 
4 6 5 7 8 0 17 9 13 19 12 14 11 16 1 3 10 2 18 15 
17 14 2 12 7 9 8 5 16 18 0 3 13 15 19 4 11 6 1 10 
DURACIONES
(47, 59) (37, 43) (79, 85) (39, 45) (88, 108) (75, 97) (48, 52) (49, 65) (24, 32) (6, 8) (12, 14) (23, 25) (52, 70) (52, 56) (88, 106) (85, 99) (80, 92) (5, 5) (28, 36) (10, 12) 
(39, 49) (49, 51) (38, 40) (81, 81) (46, 56) (91, 93) (63, 67) (19, 21) (68, 82) (59, 61) (81, 109) (25, 31) (12, 16) (25, 31) (54, 54) (54, 56) (85, 97) (3, 3) (25, 31) (82, 104) 
(52, 52) (61, 73) (57, 71) (78, 88) (34, 40) (21, 21) (9, 11) (61, 63) (63, 85) (80, 92) (69, 73) (39, 47) (24, 24) (5, 5) (74, 82) (9, 11) (39, 41) (51, 51) (77, 101) (52, 56) 
(71, 77) (83, 89) (70, 72) (74, 86) (18, 24) (14, 14) (42, 56) (16, 16) (23, 29) (29, 39) (2, 2) (16, 18) (44, 50) (62, 74) (18, 24) (7, 9) (8, 8) (47, 55) (18, 24) (65, 77) 
(78, 100) (47, 53) (80, 80) (84, 92) (14, 18) (55, 61) (17, 23) (29, 35) (41, 43) (79, 99) (76, 82) (86, 88) (63, 83) (66, 82) (15, 19) (52, 54) (75, 87) (85, 85) (49, 61) (51, 63) 
(72, 74) (5, 5) (25, 27) (50, 64) (42, 48) (40, 40) (46, 46) (15, 15) (76, 82) (47, 49) (17, 23) (61, 77) (15, 17) (28, 30) (44, 52) (37, 39) (6, 6) (18, 18) (57, 67) (82, 90) 
(55, 59) (83, 95) (88, 94) (94, 98) (61, 71) (45, 53) (82, 94) (56, 68) (74, 98) (74, 86) (12, 14) (54, 62) (80, 82) (67, 73) (42, 54) (53, 69) (12, 12) (67, 71) (68, 84) (20, 26) 
(26, 34) (65, 65) (25, 27) (56, 64) (33, 43) (64, 68) (76, 76) (73, 97) (37, 41) (95, 97) (19, 19) (69, 81) (5, 5) (83, 99) (13, 15) (40, 52) (27, 27) (59, 79) (93, 97) (3, 3) 
(1, 1) (99, 99) (87, 107) (15, 19) (45, 57) (59, 67) (76, 88) (74, 84) (52, 68) (57, 65) (92, 92) (58, 58) (13, 13) (2, 2) (3, 3) (72, 76) (37, 49) (31, 37) (6, 6) (1, 1) 
(18, 18) (70, 84) (11, 13) (32, 40) (61, 67) (33, 37) (60, 72) (83, 89) (89, 107) (53, 55) (10, 12) (41, 41) (15, 15) (78, 96) (66, 86) (29, 37) (80, 90) (12, 12) (1, 1) (62, 62) 
(26, 32) (17, 17) (19, 23) (90, 96) (35, 43) (46, 50) (45, 47) (56, 64) (9, 9) (55, 67) (43, 43) (44, 50) (47, 47) (79, 105) (2, 2) (73, 81) (51, 65) (63, 79) (16, 16) (48, 52) 
(87, 95) (42, 42) (31, 33) (93, 99) (51, 65) (21, 27) (55, 57) (55, 71) (67, 81) (1, 1) (38, 46) (76, 92) (51, 61) (43, 45) (53, 63) (1, 1) (5, 5) (47, 59) (44, 44) (52, 52) 
(43, 53) (15, 17) (32, 42) (55, 65) (52, 56) (31, 33) (59, 79) (23, 27) (41, 55) (67, 77) (75, 79) (28, 30) (60, 68) (10, 10) (51, 55) (80, 100) (63, 79) (74, 94) (82, 82) (91, 95) 
(20, 26) (26, 30) (89, 109) (47, 51) (73, 85) (6, 8) (30, 34) (88, 90) (11, 13) (22, 22) (54, 54) (82, 94) (65, 73) (63, 67) (87, 103) (73, 95) (28, 36) (62, 66) (29, 37) (51, 59) 
(90, 104) (49, 49) (10, 12) (79, 79) (75, 97) (65, 69) (44, 58) (76, 84) (26, 32) (67, 83) (59, 69) (59, 59) (79, 105) (85, 85) (89, 95) (3, 3) (94, 94) (62, 76) (29, 39) (26, 28) 
(70, 80) (18, 22) (78, 96) (63, 71) (70, 70) (23, 23) (88, 98) (29, 33) (70, 74) (16, 16) (31, 41) (5, 5) (56, 62) (69, 81) (80, 90) (23, 25) (27, 31) (5, 5) (45, 49) (1, 1) 
(21, 27) (13, 13) (26, 28) (18, 24) (26, 32) (19, 19) (86, 96) (34, 40) (89, 97) (67, 85) (75, 75) (15, 15) (67, 73) (65, 75) (86, 96) (57, 57) (16, 20) (7, 9) (29, 29) (68, 78) 
(15, 17) (14, 16) (72, 80) (1, 1) (80, 106) (86, 88) (60, 60) (60, 74) (23, 31) (87, 95) (41, 49) (27, 29) (6, 8) (64, 72) (83, 111) (6, 6) (47, 53) (65, 77) (46, 58) (98, 100) 
(73, 89) (47, 59) (14, 18) (76, 100) (14, 18) (3, 3) (42, 56) (54, 70) (23, 29) (26, 26) (38, 48) (30, 32) (71, 79) (31, 39) (68, 76) (37, 37) (72, 86) (88, 100) (85, 103) (6, 8) 
(80, 106) (20, 22) (85, 99) (55, 65) (39, 45) (8, 10) (80, 106) (65, 71) (27, 29) (26, 32) (42, 48) (86, 102) (93, 101) (70, 86) (5, 5) (57, 75) (75, 95) (39, 39) (16, 20) (78, 82) 
(42, 44) (32, 34) (19, 23) (59, 67) (50, 62) (81, 99) (11, 13) (12, 12) (70, 88) (51, 51) (92, 106) (88, 108) (68, 68) (8, 8) (58, 64) (38, 44) (55, 61) (8, 8) (37, 47) (9, 9) 
(60, 72) (80, 86) (35, 41) (37, 43) (50, 64) (62, 62) (27, 35) (21, 21) (75, 101) (52, 66) (79, 85) (90, 102) (63, 75) (10, 12) (47, 51) (1, 1) (54, 58) (94, 100) (19, 23) (26, 26) 
(46, 60) (12, 12) (80, 102) (81, 91) (64, 68) (73, 97) (2, 2) (75, 81) (20, 26) (25, 31) (14, 18) (30, 40) (47, 63) (35, 35) (45, 57) (3, 3) (24, 26) (46, 62) (6, 6) (9, 11) 
(10, 10) (54, 72) (3, 3) (63, 71) (77, 87) (12, 12) (99, 99) (50, 64) (62, 78) (60, 74) (79, 85) (32, 42) (16, 16) (47, 47) (82, 98) (65, 77) (72, 76) (64, 86) (30, 32) (63, 75) 
(80, 92) (17, 17) (1, 1) (36, 42) (36, 48) (30, 40) (73, 97) (30, 40) (86, 100) (45, 51) (22, 22) (72, 80) (22, 28) (37, 47) (59, 71) (3, 3) (79, 79) (90, 100) (55, 63) (24, 24) 
(78, 88) (65, 79) (45, 55) (86, 100) (7, 9) (7, 7) (70, 88) (51, 63) (92, 98) (68, 68) (57, 77) (13, 17) (58, 58) (2, 2) (33, 35) (81, 109) (62, 82) (89, 103) (29, 31) (26, 26) 
(11, 11) (22, 22) (72, 90) (55, 71) (89, 101) (2, 2) (22, 22) (81, 81) (2, 2) (81, 101) (6, 8) (33, 39) (26, 28) (75, 99) (51, 57) (24, 24) (4, 4) (80, 108) (7, 7) (24, 28) 
(11, 11) (20, 22) (43, 49) (86, 96) (28, 32) (16, 20) (33, 41) (35, 35) (4, 4) (60, 68) (9, 9) (53, 61) (49, 53) (38, 44) (82, 98) (23, 25) (26, 30) (81, 107) (70, 90) (30, 34) 
(17, 17) (37, 43) (41, 47) (65, 79) (35, 47) (29, 33) (81, 91) (6, 8) (54, 66) (39, 43) (11, 11) (34, 38) (20, 20) (21, 25) (72, 90) (23, 31) (53, 53) (7, 9) (95, 97) (71, 83) 
(34, 44) (40, 40) (32, 42) (61, 79) (12, 14) (42, 44) (35, 37) (72, 90) (48, 62) (4, 4) (56, 64) (18, 22) (29, 33) (61, 71) (9, 9) (22, 22) (6, 6) (83, 85) (84, 104) (13, 17) 
(49, 55) (11, 13) (1, 1) (32, 32) (49, 55) (6, 6) (9, 9) (6, 6) (16, 20) (91, 103) (77, 87) (12, 12) (56, 68) (43, 43) (87, 89) (4, 4) (8, 8) (87, 91) (42, 56) (27, 27) 
(62, 76) (98, 98) (37, 49) (85, 103) (63, 79) (78, 86) (37, 47) (79, 103) (20, 20) (45, 59) (45, 45) (50, 66) (1, 1) (19, 19) (6, 8) (9, 9) (77, 89) (84, 102) (53, 71) (58, 78) 
(6, 6) (75, 81) (50, 60) (62, 62) (1, 1) (29, 37) (26, 26) (19, 21) (21, 21) (91, 107) (7, 9) (85, 97) (68, 84) (46, 58) (32, 34) (14, 16) (62, 82) (34, 34) (34, 34) (82, 110) 
(45, 53) (17, 23) (47, 61) (34, 34) (42, 44) (28, 28) (54, 64) (56, 70) (90, 100) (30, 34) (22, 24) (26, 30) (40, 54) (41, 49) (27, 29) (43, 49) (24, 26) (46, 60) (16, 20) (51, 55) 
(37, 45) (12, 14) (41, 45) (7, 9) (94, 102) (72, 78) (70, 72) (51, 69) (18, 22) (15, 15) (11, 11) (61, 69) (55, 57) (87, 91) (45, 51) (82, 84) (69, 83) (77, 87) (48, 56) (25, 27) 
(38, 42) (18, 22) (55, 71) (9, 11) (23, 23) (78, 80) (61, 81) (12, 12) (37, 49) (14, 16) (53, 71) (18, 20) (4, 4) (40, 52) (62, 78) (86, 88) (40, 50) (22, 26) (27, 33) (76, 76) 
(32, 42) (50, 66) (5, 5) (28, 30) (17, 23) (24, 24) (39, 41) (29, 39) (53, 53) (64, 80) (12, 12) (25, 27) (12, 12) (37, 43) (64, 84) (25, 33) (39, 47) (40, 44) (12, 12) (37, 49) 
(61, 63) (32, 38) (58, 66) (19, 21) (15, 19) (43, 45) (91, 97) (6, 6) (82, 84) (81, 89) (14, 14) (68, 74) (5, 5) (7, 7) (46, 60) (41, 45) (2, 2) (11, 11) (18, 18) (77, 101) 
(60, 76) (94, 94) (84, 90) (29, 39) (9, 11) (65, 87) (28, 30) (38, 44) (30, 30) (53, 63) (31, 37) (74, 92) (14, 16) (26, 34) (26, 30) (23, 25) (38, 42) (1, 1) (64, 80) (71, 93) 
(47, 63) (8, 10) (78, 92) (63, 85) (6, 6) (16, 16) (5, 5) (24, 24) (12, 12) (31, 35) (30, 30) (31, 37) (31, 37) (17, 17) (70, 80) (34, 42) (49, 49) (71, 85) (17, 21) (33, 37) 
(50, 52) (40, 40) (28, 28) (84, 84) (67, 89) (90, 96) (38, 40) (14, 14) (50, 64) (51, 53) (80, 108) (9, 11) (33, 37) (93, 101) (85, 101) (80, 94) (42, 52) (26, 28) (18, 18) (24, 24) 
(42, 44) (9, 9) (58, 68) (11, 11) (25, 27) (36, 48) (48, 58) (37, 47) (8, 8) (7, 7) (67, 87) (88, 106) (42, 44) (50, 54) (30, 34) (20, 26) (30, 34) (45, 55) (86, 112) (77, 89) 
(47, 55) (14, 18) (73, 93) (32, 34) (79, 101) (22, 26) (18, 24) (95, 95) (11, 11) (49, 63) (20, 22) (32, 42) (70, 74) (5, 5) (93, 95) (27, 29) (25, 27) (58, 76) (47, 57) (90, 100) 
(79, 85) (65, 79) (58, 66) (52, 70) (20, 24) (17, 19) (65, 67) (28, 28) (82, 94) (48, 48) (80, 94) (36, 46) (75, 81) (66, 74) (2, 2) (13, 17) (13, 13) (22, 28) (41, 47) (55, 69) 
(24, 32) (24, 24) (48, 64) (73, 81) (21, 21) (42, 50) (29, 31) (80, 98) (52, 60) (62, 80) (22, 24) (28, 34) (25, 27) (74, 78) (61, 79) (81, 105) (76, 96) (69, 79) (74, 84) (52, 62) 
(37, 43) (64, 80) (89, 103) (51, 53) (4, 4) (17, 17) (22, 28) (86, 98) (61, 73) (77, 77) (58, 66) (10, 12) (3, 3) (66, 84) (20, 22) (70, 88) (90, 90) (65, 75) (39, 41) (49, 53) 
(7, 7) (6, 8) (2, 2) (56, 66) (30, 38) (43, 49) (7, 7) (21, 23) (36, 36) (33, 39) (11, 11) (86, 104) (11, 11) (61, 77) (7, 9) (48, 64) (29, 37) (69, 69) (78, 96) (57, 59) 
(30, 32) (10, 12) (5, 5) (14, 16) (51, 51) (70, 82) (1, 1) (46, 56) (29, 31) (36, 36) (17, 17) (45, 59) (60, 62) (9, 9) (69, 91) (10, 10) (70, 80) (58, 74) (31, 33) (12, 16) 
(72, 96) (86, 102) (57, 65) (88, 92) (9, 9) (70, 74) (64, 68) (5, 5) (72, 80) (41, 41) (75, 99) (78, 82) (44, 56) (42, 48) (82, 108) (12, 12) (31, 33) (51, 53) (25, 31) (64, 86) 
(58, 62) (18, 24) (58, 62) (50, 54) (40, 44) (43, 51) (76, 78) (82, 104) (25, 29) (62, 62) (22, 26) (35, 39) (4, 4) (65, 85) (48, 64) (14, 18) (65, 87) (57, 71) (80, 90) (11, 11) 
(21, 21) (9, 11) (74, 100) (42, 52) (40, 40) (39, 51) (46, 50) (24, 30) (55, 71) (29, 29) (34, 38) (25, 25) (68, 80) (19, 19) (20, 20) (76, 80) (48, 54) (29, 35) (64, 74) (22, 24) 
(70, 72) (6, 8) (57, 71) (53, 53) (77, 101) (34, 44) (83, 89) (2, 2) (91, 93) (5, 5) (49, 55) (54, 72) (27, 27) (70, 80) (45, 47) (3, 3) (90, 106) (75, 89) (6, 6) (70, 70) 
(47, 55) (89, 89) (36, 36) (73, 95) (82, 108) (11, 13) (90, 104) (70, 80) (53, 61) (71, 87) (86, 96) (77, 77) (15, 19) (79, 93) (51, 65) (41, 45) (14, 16) (88, 92) (25, 31) (41, 49) 
(3, 3) (29, 33) (71, 71) (51, 51) (6, 6) (33, 41) (4, 4) (72, 90) (88, 108) (86, 108) (57, 59) (18, 20) (76, 92) (3, 3) (96, 96) (44, 56) (19, 23) (81, 91) (44, 44) (69, 83) 
(61, 71) (8, 10) (31, 33) (76, 80) (19, 21) (60, 78) (45, 47) (1, 1) (90, 96) (70, 92) (18, 18) (61, 67) (38, 42) (37, 41) (76, 96) (86, 98) (65, 73) (68, 70) (16, 18) (10, 12) 
(94, 102) (72, 88) (7, 9) (95, 101) (56, 56) (42, 52) (26, 26) (29, 31) (46, 52) (51, 59) (66, 84) (59, 73) (40, 48) (11, 13) (51, 69) (80, 82) (72, 92) (33, 43) (28, 30) (72, 72) 
(47, 63) (16, 20) (30, 34) (78, 78) (89, 101) (40, 40) (75, 83) (34, 36) (37, 45) (38, 42) (59, 71) (84, 94) (16, 16) (18, 22) (76, 96) (52, 66) (49, 49) (81, 91) (35, 37) (25, 25) 
(6, 6) (51, 51) (25, 27) (59, 59) (17, 23) (65, 65) (45, 55) (87, 111) (92, 100) (59, 65) (45, 49) (89, 89) (34, 44) (61, 75) (28, 28) (61, 79) (26, 32) (69, 73) (88, 100) (77, 81) 
(46, 56) (64, 82) (20, 20) (26, 26) (11, 11) (43, 49) (31, 39) (75, 99) (74, 94) (91, 99) (81, 87) (89, 105) (46, 54) (9, 11) (99, 99) (96, 98) (74, 98) (80, 86) (23, 31) (77, 91) 
(54, 62) (24, 24) (87, 111) (75, 85) (71, 85) (9, 11) (51, 55) (9, 11) (97, 101) (81, 89) (78, 82) (7, 7) (22, 26) (58, 74) (80, 104) (69, 79) (87, 109) (9, 9) (27, 33) (24, 32) 
(8, 10) (80, 96) (54, 58) (20, 26) (81, 103) (33, 43) (88, 88) (62, 66) (68, 74) (55, 63) (10, 12) (32, 32) (70, 72) (62, 62) (25, 29) (20, 20) (53, 55) (41, 45) (2, 2) (63, 83) 
(62, 76) (43, 51) (59, 61) (65, 85) (12, 14) (20, 24) (16, 16) (54, 66) (87, 87) (78, 82) (33, 33) (12, 16) (59, 59) (90, 108) (97, 97) (50, 60) (3, 3) (40, 40) (27, 33) (34, 38) 
(55, 57) (2, 2) (29, 33) (69, 71) (87, 97) (85, 89) (45, 53) (23, 27) (5, 5) (42, 42) (59, 73) (18, 18) (1, 1) (42, 44) (31, 33) (46, 46) (47, 49) (18, 22) (10, 12) (20, 26) 
(26, 32) (20, 24) (15, 19) (19, 19) (31, 39) (27, 29) (17, 21) (26, 32) (76, 84) (55, 63) (75, 97) (88, 102) (34, 38) (74, 84) (76, 88) (76, 102) (71, 73) (24, 30) (79, 93) (4, 4) 
(72, 80) (29, 33) (80, 106) (58, 70) (86, 88) (77, 91) (54, 70) (36, 46) (6, 6) (34, 38) (11, 13) (16, 20) (60, 76) (83, 109) (81, 99) (33, 35) (65, 69) (60, 62) (73, 73) (58, 70) 
(41, 41) (27, 29) (38, 40) (32, 36) (36, 36) (13, 13) (88, 102) (11, 13) (9, 11) (30, 30) (30, 38) (89, 95) (13, 15) (15, 15) (10, 10) (96, 100) (66, 84) (55, 69) (12, 12) (88, 88) 
(8, 10) (81, 85) (83, 103) (87, 109) (33, 33) (79, 83) (37, 43) (17, 19) (96, 96) (45, 59) (45, 57) (94, 104) (34, 34) (46, 46) (29, 31) (55, 55) (42, 46) (28, 36) (66, 76) (10, 10) 
(73, 93) (60, 72) (17, 23) (19, 25) (68, 78) (75, 77) (54, 64) (73, 75) (21, 25) (77, 103) (47, 59) (10, 12) (43, 43) (79, 97) (74, 78) (57, 73) (43, 45) (49, 55) (23, 27) (52, 56) 
(76, 80) (79, 103) (41, 41) (47, 61) (58, 78) (55, 65) (86, 102) (3, 3) (36, 40) (20, 24) (33, 33) (36, 38) (68, 84) (28, 34) (24, 24) (41, 51) (18, 22) (61, 77) (49, 57) (55, 59) 
(68, 92) (12, 12) (40, 52) (5, 5) (17, 23) (37, 47) (58, 74) (31, 33) (42, 44) (57, 59) (56, 70) (84, 94) (46, 62) (78, 80) (26, 30) (42, 42) (89, 91) (6, 6) (66, 66) (26, 32) 
(63, 63) (48, 64) (41, 45) (32, 34) (9, 11) (52, 54) (2, 2) (24, 24) (6, 6) (54, 68) (12, 16) (89, 95) (23, 31) (78, 86) (57, 69) (2, 2) (27, 27) (24, 26) (45, 57) (80, 102) 
(22, 24) (54, 70) (40, 48) (28, 36) (61, 77) (79, 93) (21, 27) (40, 44) (28, 34) (31, 39) (21, 27) (34, 34) (12, 12) (35, 35) (51, 51) (65, 81) (5, 5) (12, 12) (51, 53) (12, 14) 
(46, 60) (59, 75) (91, 91) (54, 72) (91, 103) (83, 83) (46, 56) (53, 57) (14, 14) (76, 80) (16, 18) (68, 80) (9, 9) (56, 70) (22, 22) (61, 81) (38, 44) (73, 89) (46, 62) (45, 47) 
(24, 32) (16, 16) (12, 12) (28, 32) (95, 99) (74, 98) (8, 10) (62, 68) (48, 54) (29, 31) (13, 17) (36, 46) (78, 104) (42, 50) (18, 18) (19, 23) (84, 94) (2, 2) (67, 87) (70, 86) 
(80, 102) (29, 37) (82, 86) (74, 84) (4, 4) (6, 8) (43, 55) (40, 50) (8, 10) (60, 78) (75, 97) (93, 95) (90, 90) (24, 24) (18, 24) (14, 16) (38, 38) (25, 31) (25, 27) (54, 66) 
(84, 104) (42, 52) (85, 107) (64, 76) (48, 54) (90, 96) (61, 67) (24, 24) (40, 50) (31, 41) (59, 65) (90, 92) (16, 20) (33, 43) (41, 53) (96, 100) (46, 56) (11, 13) (25, 27) (44, 58) 
(50, 50) (72, 76) (32, 36) (41, 49) (30, 36) (46, 54) (67, 71) (14, 14) (82, 96) (82, 90) (49, 65) (16, 18) (73, 87) (28, 36) (69, 75) (30, 36) (49, 53) (30, 32) (39, 47) (61, 69) 
(14, 14) (4, 4) (19, 25) (25, 29) (50, 66) (11, 13) (80, 104) (24, 30) (23, 25) (13, 13) (8, 8) (47, 63) (64, 68) (81, 81) (11, 13) (13, 13) (57, 57) (67, 87) (24, 26) (89, 109) 
(85, 113) (72, 96) (67, 77) (74, 84) (63, 81) (43, 51) (43, 51) (81, 103) (49, 49) (43, 55) (40, 46) (32, 34) (27, 33) (14, 18) (32, 38) (2, 2) (47, 47) (51, 67) (42, 46) (98, 98) 
(1, 1) (68, 82) (2, 2) (24, 28) (19, 21) (46, 62) (55, 71) (30, 32) (44, 44) (97, 99) (72, 74) (41, 41) (46, 58) (80, 82) (28, 32) (55, 59) (22, 28) (60, 80) (51, 65) (81, 85) 
(19, 23) (14, 16) (53, 67) (26, 34) (47, 53) (29, 33) (15, 19) (34, 34) (15, 15) (92, 104) (70, 84) (52, 62) (58, 58) (34, 46) (18, 24) (24, 26) (37, 45) (72, 84) (40, 48) (24, 28) 
(13, 15) (31, 31) (82, 90) (58, 78) (65, 73) (68, 74) (38, 50) (10, 10) (67, 85) (77, 87) (54, 54) (37, 43) (46, 46) (43, 51) (38, 46) (81, 91) (56, 68) (37, 45) (25, 29) (12, 12) 
(18, 18) (40, 52) (21, 23) (63, 69) (5, 5) (11, 13) (23, 31) (76, 88) (24, 24) (51, 69) (9, 11) (82, 104) (47, 61) (10, 10) (53, 67) (13, 15) (14, 18) (43, 53) (17, 19) (73, 91) 
(84, 84) (15, 15) (54, 64) (41, 49) (61, 65) (63, 79) (83, 89) (2, 2) (38, 46) (45, 47) (34, 44) (8, 10) (7, 7) (30, 34) (70, 86) (11, 13) (71, 85) (58, 78) (70, 84) (85, 95) 
(31, 35) (2, 2) (31, 39) (85, 97) (47, 51) (19, 23) (28, 30) (52, 68) (77, 99) (67, 75) (14, 14) (6, 6) (35, 45) (53, 53) (2, 2) (88, 88) (36, 40) (6, 8) (40, 46) (30, 38) 
(16, 16) (86, 104) (2, 2) (81, 95) (45, 45) (93, 93) (67, 87) (9, 11) (66, 76) (66, 72) (32, 34) (20, 24) (51, 57) (52, 60) (28, 34) (18, 18) (61, 65) (81, 83) (85, 111) (60, 80) 
(13, 17) (42, 42) (44, 44) (74, 86) (14, 16) (22, 26) (75, 77) (71, 71) (33, 43) (27, 27) (43, 53) (38, 38) (69, 77) (39, 45) (8, 8) (48, 56) (20, 20) (35, 45) (48, 54) (93, 105) 
(44, 48) (3, 3) (77, 87) (18, 22) (1, 1) (45, 45) (77, 81) (62, 78) (44, 48) (42, 54) (60, 66) (81, 93) (40, 54) (41, 45) (1, 1) (43, 53) (60, 70) (11, 11) (24, 26) (9, 9) 
(12, 12) (17, 17) (51, 59) (66, 84) (48, 64) (89, 89) (6, 6) (40, 52) (19, 25) (43, 45) (2, 2) (13, 15) (34, 38) (89, 103) (6, 6) (36, 38) (54, 70) (90, 98) (71, 83) (13, 15) 
(36, 38) (27, 29) (15, 17) (74, 86) (10, 10) (85, 95) (5, 5) (17, 17) (28, 28) (38, 42) (74, 78) (27, 33) (52, 52) (71, 83) (14, 16) (44, 56) (86, 112) (90, 108) (62, 66) (62, 64) 
(80, 96) (4, 4) (26, 26) (8, 10) (79, 83) (41, 53) (71, 93) (49, 55) (57, 73) (60, 66) (37, 37) (59, 59) (69, 87) (48, 54) (71, 79) (23, 25) (75, 79) (27, 29) (86, 108) (92, 104) 
(77, 81) (6, 8) (25, 25) (83, 101) (7, 9) (87, 93) (72, 92) (9, 9) (50, 56) (85, 105) (47, 55) (47, 61) (25, 33) (74, 98) (7, 7) (54, 62) (58, 74) (72, 96) (41, 43) (10, 10) 
(5, 5) (45, 59) (64, 76) (54, 64) (9, 11) (77, 99) (55, 57) (55, 55) (72, 74) (63, 67) (59, 73) (16, 18) (5, 5) (21, 23) (34, 46) (38, 46) (1, 1) (49, 53) (86, 104) (28, 28) 
(28, 32) (56, 68) (42, 50) (14, 14) (58, 66) (15, 17) (24, 24) (17, 17) (66, 74) (65, 67) (52, 62) (51, 59) (78, 80) (98, 100) (27, 27) (16, 18) (67, 83) (6, 6) (12, 16) (60, 62) 
(70, 72) (19, 25) (63, 73) (67, 81) (35, 43) (58, 78) (25, 31) (7, 7) (62, 72) (7, 7) (88, 96) (39, 51) (65, 69) (35, 35) (68, 72) (49, 55) (65, 65) (97, 101) (18, 24) (50, 52) 
(5, 5) (63, 83) (10, 10) (68, 82) (16, 16) (69, 71) (36, 42) (56, 68) (65, 65) (91, 107) (52, 62) (6, 8) (53, 55) (52, 52) (45, 49) (41, 45) (1, 1) (63, 67) (80, 96) (34, 38) 
(26, 34) (82, 82) (75, 89) (46, 62) (91, 97) (27, 29) (72, 78) (1, 1) (77, 91) (53, 69) (17, 17) (39, 51) (68, 76) (51, 65) (70, 86) (62, 64) (47, 53) (75, 79) (7, 9) (24, 26) 
(17, 17) (74, 82) (18, 22) (90, 94) (51, 63) (85, 105) (24, 26) (40, 48) (7, 9) (80, 106) (18, 24) (19, 23) (43, 51) (33, 43) (33, 33) (44, 52) (38, 40) (67, 71) (13, 17) (69, 71) 
(2, 2) (4, 4) (39, 49) (36, 40) (91, 95) (88, 100) (84, 102) (16, 20) (36, 40) (65, 67) (36, 40) (53, 67) (78, 96) (47, 51) (51, 53) (64, 80) (12, 12) (5, 5) (21, 21) (6, 6) 
(58, 68) (19, 23) (19, 23) (48, 58) (68, 90) (10, 10) (12, 14) (40, 50) (60, 66) (36, 42) (37, 39) (47, 53) (80, 80) (43, 47) (84, 84) (2, 2) (29, 29) (30, 32) (24, 30) (88, 104) 
TIEMPOS MAXIMOS DE FIN
(10000, 10000) (10000, 10000) (10000, 10000) (10000, 10000) (10000, 10000) (10000, 10000) (10000, 10000) (10000, 10000) (10000, 10000) (10000, 10000) (10000, 10000) (10000, 10000) (10000, 10000) (10000, 10000) (10000, 10000) (10000, 10000) (10000, 10000) (10000, 10000) (10000, 10000) (10000, 10000) (10000, 10000) (10000, 10000) (10000, 10000) (10000, 10000) (10000, 10000) (10000, 10000) (10000, 10000) (10000, 10000) (10000, 10000) (10000, 10000) (10000, 10000) (10000, 10000) (10000, 10000) (10000, 10000) (10000, 10000) (10000, 10000) (10000, 10000) (10000, 10000) (10000, 10000) (10000, 10000) (10000, 10000) (10000, 10000) (10000, 10000) (10000, 10000) (10000, 10000) (10000, 10000) (10000, 10000) (10000, 10000) (10000, 10000) (10000, 10000) (10000, 10000) (10000, 10000) (10000, 10000) (10000, 10000) (10000, 10000) (10000, 10000) (10000, 10000) (10000, 10000) (10000, 10000) (10000, 10000) (10000, 10000) (10000, 10000) (10000, 10000) (10000, 10000) (10000, 10000) (10000, 10000) (10000, 10000) (10000, 10000) (10000, 10000) (10000, 10000) (10000, 10000) (10000, 10000) (10000, 10000) (10000, 10000) (10000, 10000) (10000, 10000) (10000, 10000) (10000, 10000) (10000, 10000) (10000, 10000) (10000, 10000) (10000, 10000) (10000, 10000) (10000, 10000) (10000, 10000) (10000, 10000) (10000, 10000) (10000, 10000) (10000, 10000) (10000, 10000) (10000, 10000) (10000, 10000) (10000, 10000) (10000, 10000) (10000, 10000) (10000, 10000) (10000, 10000) (10000, 10000) (10000, 10000) (10000, 10000) 
// Desviacion Izda: min(0%), max(15%), promedio(6.3562%)
// Desviacion Dcha: min(0%), max(15%), promedio(6.3562%)
