NUMERO DE TRABAJOS
15
NUMERO DE RECURSOS
15
SECUENCIA DE MAQUINAS
9 14 4 13 10 3 7 8 0 5 1 2 12 6 11 
10 8 11 14 3 13 9 7 4 2 6 1 5 12 0 
7 0 6 5 14 13 2 11 4 12 1 9 3 10 8 
9 11 14 0 1 8 5 10 12 4 13 3 6 7 2 
11 4 13 3 8 1 10 12 2 14 6 7 0 9 5 
5 2 1 10 0 4 8 14 6 3 9 7 11 12 13 
5 10 13 0 9 8 1 11 14 7 12 2 6 4 3 
12 0 9 3 13 6 5 7 2 14 11 8 10 1 4 
11 10 5 13 1 9 8 7 3 6 0 2 14 12 4 
2 14 3 10 6 1 0 13 11 4 5 8 7 12 9 
11 14 13 5 4 9 1 6 12 0 2 8 10 3 7 
12 3 10 8 4 7 13 11 14 1 2 0 5 6 9 
8 13 5 0 11 9 4 12 1 10 6 2 7 14 3 
2 5 4 3 9 1 11 13 7 6 10 14 0 8 12 
1 10 4 2 0 7 6 9 11 12 5 14 3 13 8 
DURACIONES
(85, 87) (60, 60) (9, 11) (57, 61) (60, 70) (81, 107) (71, 71) (23, 27) (98, 98) (43, 55) (38, 48) (8, 8) (77, 103) (21, 21) (66, 80) 
(60, 76) (27, 29) (35, 41) (31, 41) (87, 99) (35, 35) (32, 42) (27, 29) (55, 69) (78, 94) (61, 69) (11, 11) (18, 22) (70, 94) (23, 23) 
(30, 36) (60, 74) (88, 104) (80, 102) (73, 93) (74, 88) (55, 65) (79, 97) (19, 21) (60, 64) (19, 25) (68, 90) (34, 42) (34, 46) (79, 85) 
(12, 14) (13, 15) (68, 78) (80, 96) (24, 24) (15, 17) (72, 84) (70, 70) (53, 53) (64, 72) (68, 78) (88, 92) (54, 62) (6, 8) (4, 4) 
(88, 98) (49, 55) (62, 64) (12, 14) (19, 19) (35, 47) (64, 78) (59, 59) (17, 21) (53, 67) (83, 87) (89, 109) (63, 83) (84, 106) (17, 21) 
(57, 67) (51, 69) (90, 96) (15, 17) (10, 10) (62, 82) (84, 92) (67, 71) (58, 58) (36, 46) (45, 47) (58, 68) (66, 86) (73, 93) (53, 71) 
(43, 57) (63, 73) (79, 101) (30, 38) (44, 44) (5, 5) (8, 8) (25, 25) (60, 80) (53, 53) (70, 86) (92, 92) (59, 65) (73, 97) (67, 73) 
(59, 61) (62, 66) (87, 97) (44, 44) (62, 64) (80, 102) (19, 23) (1, 1) (91, 101) (18, 20) (59, 59) (11, 13) (38, 44) (11, 11) (85, 103) 
(80, 106) (41, 51) (46, 56) (37, 37) (91, 91) (80, 100) (55, 71) (35, 45) (62, 74) (12, 14) (14, 18) (82, 84) (42, 56) (24, 24) (22, 24) 
(5, 5) (33, 37) (20, 22) (12, 16) (60, 72) (3, 3) (6, 6) (84, 112) (54, 72) (58, 70) (75, 77) (91, 97) (15, 19) (61, 63) (36, 38) 
(33, 37) (37, 47) (53, 71) (66, 70) (70, 76) (25, 29) (50, 54) (38, 40) (37, 45) (25, 25) (9, 9) (30, 38) (43, 57) (35, 47) (94, 102) 
(20, 26) (32, 32) (34, 36) (9, 11) (27, 31) (62, 74) (19, 21) (7, 9) (55, 61) (55, 69) (37, 41) (30, 34) (7, 9) (32, 34) (87, 95) 
(25, 31) (29, 33) (3, 3) (25, 31) (60, 72) (59, 59) (22, 26) (40, 50) (76, 86) (8, 8) (38, 50) (36, 48) (2, 2) (23, 23) (48, 58) 
(10, 12) (88, 98) (27, 27) (58, 60) (57, 67) (20, 26) (21, 25) (6, 8) (75, 79) (57, 71) (52, 68) (86, 108) (35, 37) (51, 55) (66, 78) 
(35, 37) (87, 109) (35, 41) (21, 27) (81, 87) (46, 48) (68, 76) (1, 1) (83, 99) (82, 88) (58, 78) (36, 48) (18, 22) (26, 34) (27, 33) 
TIEMPOS MAXIMOS DE FIN
(10000, 10000) (10000, 10000) (10000, 10000) (10000, 10000) (10000, 10000) (10000, 10000) (10000, 10000) (10000, 10000) (10000, 10000) (10000, 10000) (10000, 10000) (10000, 10000) (10000, 10000) (10000, 10000) (10000, 10000) 
// Desviacion Izda: min(0%), max(15%), promedio(7.03327%)
// Desviacion Dcha: min(0%), max(15%), promedio(7.03327%)
