NUMERO DE TRABAJOS
15
NUMERO DE RECURSOS
15
SECUENCIA DE MAQUINAS
7 12 5 8 3 14 13 9 0 1 4 2 6 11 10 
8 0 5 13 6 1 4 2 3 11 10 12 9 14 7 
6 8 7 1 9 5 12 4 0 2 14 11 3 13 10 
12 0 14 7 13 1 6 8 11 2 3 9 5 10 4 
8 2 12 11 10 9 4 3 14 5 0 7 6 13 1 
13 8 6 11 14 9 12 7 0 1 10 2 5 3 4 
4 1 2 13 7 6 0 8 12 14 10 9 5 3 11 
4 10 14 3 6 13 11 9 0 5 1 12 8 7 2 
7 1 5 4 14 8 0 9 12 3 10 2 13 11 6 
3 6 13 4 5 10 2 8 12 11 9 7 14 1 0 
1 4 7 2 14 10 12 13 6 5 9 0 3 8 11 
0 7 14 13 8 3 6 9 5 12 10 4 1 2 11 
14 10 0 8 12 13 4 11 1 3 6 5 2 9 7 
13 4 8 6 5 2 9 0 11 12 1 3 14 7 10 
14 2 6 4 3 11 1 5 7 0 8 10 9 12 13 
DURACIONES
(95, 97) (23, 23) (61, 81) (25, 27) (26, 30) (14, 18) (27, 27) (65, 77) (18, 18) (50, 64) (38, 48) (5, 5) (12, 12) (78, 104) (63, 63) 
(29, 35) (72, 90) (92, 98) (73, 85) (47, 63) (42, 48) (59, 61) (63, 83) (22, 24) (39, 49) (83, 101) (19, 21) (5, 5) (67, 77) (66, 80) 
(54, 72) (90, 96) (57, 69) (71, 87) (9, 11) (58, 74) (23, 31) (86, 100) (22, 26) (24, 28) (8, 8) (66, 72) (26, 32) (57, 75) (86, 108) 
(68, 92) (84, 90) (58, 78) (21, 25) (50, 58) (15, 17) (67, 69) (30, 34) (68, 80) (3, 3) (2, 2) (71, 71) (4, 4) (67, 67) (26, 30) 
(43, 49) (94, 98) (10, 12) (35, 47) (88, 98) (2, 2) (92, 104) (10, 10) (38, 48) (65, 65) (23, 31) (52, 62) (75, 75) (76, 98) (72, 90) 
(5, 5) (89, 93) (82, 102) (74, 100) (59, 73) (31, 41) (62, 72) (75, 101) (89, 95) (25, 29) (13, 13) (6, 8) (91, 99) (65, 67) (13, 13) 
(79, 101) (32, 34) (72, 84) (66, 86) (83, 103) (57, 77) (71, 93) (87, 101) (11, 13) (5, 5) (77, 93) (42, 42) (4, 4) (2, 2) (70, 70) 
(79, 79) (21, 27) (41, 41) (74, 92) (45, 45) (28, 30) (3, 3) (36, 48) (5, 5) (42, 46) (81, 85) (57, 61) (57, 63) (78, 78) (43, 45) 
(17, 21) (50, 60) (19, 21) (68, 80) (66, 66) (32, 42) (51, 59) (59, 67) (36, 44) (63, 83) (48, 62) (76, 92) (54, 54) (62, 62) (6, 6) 
(24, 30) (52, 66) (6, 6) (80, 100) (6, 6) (34, 40) (58, 70) (31, 39) (25, 25) (51, 67) (77, 77) (29, 31) (1, 1) (7, 7) (67, 73) 
(4, 4) (46, 60) (6, 6) (9, 11) (44, 58) (76, 102) (35, 41) (38, 38) (34, 36) (39, 49) (98, 100) (85, 91) (49, 55) (14, 18) (85, 113) 
(27, 29) (11, 11) (71, 81) (49, 53) (34, 36) (54, 66) (44, 44) (38, 40) (60, 72) (42, 56) (34, 46) (33, 35) (70, 90) (38, 38) (28, 30) 
(28, 34) (30, 34) (37, 43) (24, 26) (35, 45) (80, 90) (35, 43) (57, 65) (14, 16) (37, 45) (88, 98) (61, 67) (14, 18) (75, 87) (88, 106) 
(8, 10) (21, 21) (7, 9) (49, 61) (74, 84) (72, 80) (69, 89) (53, 69) (67, 69) (89, 109) (21, 27) (22, 24) (90, 94) (90, 92) (20, 24) 
(69, 91) (27, 33) (59, 75) (57, 59) (40, 50) (25, 33) (43, 53) (27, 29) (61, 67) (58, 68) (77, 83) (20, 26) (85, 101) (48, 62) (47, 49) 
TIEMPOS MAXIMOS DE FIN
(10000, 10000) (10000, 10000) (10000, 10000) (10000, 10000) (10000, 10000) (10000, 10000) (10000, 10000) (10000, 10000) (10000, 10000) (10000, 10000) (10000, 10000) (10000, 10000) (10000, 10000) (10000, 10000) (10000, 10000) 
// Desviacion Izda: min(0%), max(15%), promedio(6.80238%)
// Desviacion Dcha: min(0%), max(15%), promedio(6.80238%)
