NUMERO DE TRABAJOS
100
NUMERO DE RECURSOS
20
SECUENCIA DE MAQUINAS
14 0 15 16 6 19 4 13 1 8 17 5 10 12 11 18 9 3 7 2 
2 13 19 11 16 4 6 17 5 8 10 12 15 1 0 3 7 18 14 9 
10 6 2 16 7 3 13 9 14 19 4 8 17 11 0 1 18 5 15 12 
12 9 18 4 19 14 3 6 13 5 1 16 17 10 2 0 7 15 8 11 
16 2 8 6 14 12 0 19 3 11 7 10 18 13 5 15 17 4 1 9 
19 8 1 13 17 3 10 2 9 12 7 5 15 4 14 6 16 11 0 18 
17 2 14 10 0 19 7 3 18 8 13 15 6 11 4 9 5 16 12 1 
6 19 12 11 13 10 8 7 9 0 4 1 3 15 16 18 5 2 14 17 
14 16 6 0 19 5 9 18 2 3 17 8 10 1 12 15 11 7 13 4 
13 5 16 4 6 19 15 1 9 14 7 11 8 17 2 12 0 10 3 18 
10 5 1 2 6 18 9 11 8 12 3 17 13 7 14 15 4 19 0 16 
7 5 17 10 3 8 14 4 13 6 16 0 12 18 2 11 19 15 1 9 
19 5 3 0 8 7 2 1 9 15 17 16 10 4 18 12 14 6 11 13 
19 4 16 17 7 5 2 15 9 8 1 18 6 10 0 14 12 3 11 13 
3 0 8 14 5 16 19 4 2 11 12 17 9 15 13 7 1 6 18 10 
5 17 2 10 6 9 15 0 11 3 4 7 8 1 19 16 13 18 14 12 
10 4 15 13 9 14 1 2 3 16 0 19 11 7 8 18 17 6 5 12 
2 8 7 11 0 17 4 13 19 12 3 15 16 5 10 18 9 6 14 1 
19 9 3 16 10 17 12 13 2 15 6 4 8 18 5 0 7 1 11 14 
2 14 15 8 4 10 0 12 1 5 17 19 13 11 7 16 6 9 18 3 
4 9 17 11 5 8 16 1 19 2 18 15 7 12 14 13 10 6 3 0 
0 3 13 11 5 6 14 1 18 2 19 16 15 8 4 7 12 10 9 17 
16 8 2 4 17 18 7 15 14 12 6 3 19 13 10 1 0 11 9 5 
2 12 14 18 11 9 19 7 6 15 5 1 4 10 16 8 13 17 3 0 
10 9 16 0 1 7 19 13 14 2 3 6 12 15 4 8 17 18 5 11 
15 3 5 6 18 9 10 7 14 13 17 1 4 11 16 19 0 12 2 8 
15 19 8 4 11 6 17 3 12 7 16 10 13 1 2 18 5 14 0 9 
6 11 13 5 18 3 0 16 7 2 17 1 15 8 4 19 9 14 10 12 
1 0 16 12 7 4 18 9 15 17 10 6 19 11 3 8 14 5 13 2 
2 19 11 0 18 16 13 5 7 4 8 1 14 15 6 10 3 17 9 12 
0 16 1 18 10 19 3 8 9 11 2 14 15 17 5 7 6 13 4 12 
13 15 1 5 14 10 6 12 4 0 8 7 11 2 19 17 9 16 3 18 
9 12 10 5 16 7 6 19 8 0 13 4 1 14 17 2 11 18 3 15 
17 7 16 8 18 9 5 1 19 13 4 14 10 15 0 2 3 11 6 12 
4 3 18 12 9 6 11 14 10 1 7 17 8 5 16 0 19 15 13 2 
19 13 9 0 14 8 12 10 5 7 16 17 15 3 11 6 4 18 2 1 
19 7 9 17 13 5 2 15 3 1 14 16 18 0 10 8 6 11 4 12 
7 0 17 13 12 14 1 8 6 18 2 3 9 5 10 15 19 11 4 16 
9 7 8 19 12 3 1 14 18 11 16 13 4 5 17 0 2 15 6 10 
6 8 18 7 16 1 5 14 3 9 19 4 11 2 17 12 15 0 10 13 
19 3 2 8 5 7 14 17 0 1 13 15 12 4 9 10 18 11 16 6 
3 12 4 8 10 1 16 0 9 17 14 13 19 18 15 11 6 7 2 5 
13 12 0 5 8 18 7 1 3 4 16 11 10 15 9 19 17 14 2 6 
4 16 3 19 7 1 0 11 5 6 10 8 17 9 13 12 2 18 15 14 
4 15 16 8 9 17 5 11 18 0 14 6 10 2 3 13 12 7 19 1 
15 5 16 12 1 17 0 18 10 19 8 14 11 13 2 9 4 3 7 6 
5 4 15 9 2 7 19 14 8 16 11 12 0 17 6 13 3 18 1 10 
3 14 5 13 15 0 4 8 19 16 7 6 17 12 1 10 11 2 9 18 
2 17 7 0 14 8 1 12 18 13 10 6 15 4 3 5 9 19 16 11 
18 7 14 2 1 19 6 8 11 13 10 15 3 0 12 4 17 5 9 16 
2 5 8 19 7 15 4 16 13 6 12 18 17 14 0 10 11 3 9 1 
5 14 18 13 15 0 12 7 8 6 1 3 2 10 9 19 11 4 16 17 
10 15 9 14 11 8 7 1 3 17 18 0 5 4 16 19 2 12 13 6 
13 14 9 11 19 6 4 7 5 12 0 18 17 8 2 1 16 3 10 15 
11 18 19 17 14 9 4 16 8 6 0 2 7 15 12 13 5 1 10 3 
18 5 4 0 14 1 12 19 3 16 11 7 17 13 8 2 9 10 15 6 
5 17 14 10 8 6 18 9 0 13 1 2 19 4 7 11 16 3 12 15 
9 7 13 16 3 19 14 6 5 11 1 18 4 12 8 0 2 10 15 17 
1 0 5 19 10 2 7 9 8 4 18 14 17 11 12 6 16 3 15 13 
3 6 1 7 9 14 10 0 5 13 19 4 12 17 8 16 2 18 11 15 
10 1 8 18 4 6 13 12 7 0 9 14 3 11 16 19 2 5 15 17 
17 4 16 7 10 14 19 12 8 1 15 3 13 11 0 6 2 18 9 5 
14 16 19 13 10 8 0 11 4 6 2 7 3 18 17 15 9 12 1 5 
2 8 19 5 12 3 11 13 9 17 7 4 6 0 15 14 16 10 1 18 
14 1 12 2 0 5 9 7 17 16 10 4 8 13 11 18 15 6 19 3 
1 15 18 8 16 10 14 7 12 13 2 5 9 19 0 11 6 4 3 17 
1 19 5 4 15 6 14 8 12 3 18 13 11 0 2 16 10 7 17 9 
4 15 17 6 16 5 10 7 18 12 19 9 14 13 0 3 8 2 11 1 
2 14 5 11 12 7 16 9 13 18 19 3 8 6 4 10 17 15 1 0 
6 14 8 5 11 18 2 4 1 15 13 9 3 16 19 12 7 0 17 10 
18 5 0 15 3 4 1 17 9 7 14 16 8 6 11 2 12 19 13 10 
0 1 3 18 13 8 17 4 2 5 16 6 7 19 9 15 12 10 11 14 
19 1 3 15 8 13 14 18 11 2 12 17 16 9 4 10 5 6 0 7 
5 1 9 0 16 10 7 11 18 4 15 3 14 12 8 19 2 6 17 13 
6 1 19 3 9 17 10 2 12 0 15 8 11 18 7 14 13 16 5 4 
0 5 4 2 3 15 10 19 11 17 13 14 16 6 8 18 9 7 12 1 
1 12 7 17 10 16 4 8 6 13 14 18 5 15 0 11 3 2 9 19 
8 13 3 10 6 18 19 5 4 14 15 1 11 0 7 17 2 9 16 12 
12 13 15 8 10 4 1 3 0 9 7 2 16 19 11 14 5 6 18 17 
9 16 8 1 12 5 15 18 7 4 3 14 2 13 10 0 11 17 19 6 
4 9 16 12 19 5 15 3 0 1 17 10 18 6 2 11 7 8 13 14 
10 8 14 9 2 3 4 0 18 1 16 17 6 7 15 12 5 19 13 11 
2 14 1 0 5 19 15 4 7 12 3 13 10 6 9 8 17 16 11 18 
9 4 19 12 18 6 14 3 8 11 13 5 16 7 15 17 10 0 1 2 
12 0 10 19 14 17 18 3 5 16 6 7 8 9 2 1 4 13 15 11 
9 6 0 12 3 4 19 17 5 10 14 7 1 13 2 18 8 11 15 16 
18 5 13 0 10 8 16 7 12 14 17 15 11 3 6 2 1 19 4 9 
17 4 18 1 7 16 13 6 19 5 14 15 10 11 12 0 3 9 8 2 
3 17 5 9 19 18 0 15 8 13 11 1 12 4 2 10 16 6 14 7 
7 13 10 17 14 0 2 16 18 19 3 5 11 4 9 12 15 6 8 1 
1 5 0 13 4 6 3 12 7 14 16 8 11 15 17 9 2 10 18 19 
13 12 3 14 5 19 16 10 2 0 15 8 6 17 7 1 4 11 18 9 
16 18 11 4 8 17 3 14 7 1 13 10 0 12 2 6 9 15 19 5 
12 8 4 6 0 15 19 5 9 1 3 10 2 16 18 13 7 17 11 14 
17 14 6 8 11 13 19 12 7 4 16 2 15 18 3 1 0 9 10 5 
14 18 13 7 4 15 3 11 19 5 10 2 1 0 16 6 8 17 12 9 
7 16 5 13 18 19 11 1 4 8 3 9 15 2 0 10 12 14 6 17 
17 2 8 4 19 0 14 9 18 13 5 6 12 7 3 16 11 1 15 10 
10 8 19 2 11 5 15 9 4 0 12 1 17 18 3 7 13 6 14 16 
13 15 4 12 1 17 18 3 2 6 7 16 11 5 14 0 8 9 10 19 
DURACIONES
(50, 64) (17, 19) (42, 46) (16, 18) (59, 73) (29, 39) (80, 86) (65, 87) (57, 75) (18, 22) (85, 103) (64, 70) (65, 87) (1, 1) (81, 87) (28, 34) (72, 84) (15, 17) (13, 17) (78, 104) 
(50, 62) (89, 93) (60, 64) (32, 32) (55, 67) (48, 50) (26, 28) (91, 97) (83, 101) (27, 27) (6, 8) (90, 108) (24, 28) (72, 88) (90, 90) (59, 63) (37, 43) (66, 82) (16, 20) (38, 38) 
(23, 27) (54, 68) (5, 5) (69, 77) (8, 10) (17, 17) (23, 27) (97, 101) (19, 25) (22, 26) (89, 95) (83, 99) (19, 19) (19, 21) (31, 37) (80, 84) (90, 92) (33, 43) (84, 90) (13, 13) 
(29, 31) (49, 51) (13, 13) (66, 88) (10, 10) (79, 105) (83, 87) (75, 93) (84, 112) (23, 27) (55, 63) (63, 75) (58, 78) (43, 53) (75, 83) (83, 97) (36, 46) (54, 66) (51, 65) (69, 77) 
(70, 70) (89, 97) (62, 82) (16, 18) (2, 2) (75, 99) (17, 21) (43, 45) (34, 42) (28, 30) (62, 62) (38, 50) (16, 20) (46, 58) (61, 65) (38, 44) (99, 99) (60, 76) (38, 46) (1, 1) 
(63, 65) (61, 69) (29, 39) (67, 79) (32, 32) (17, 17) (31, 31) (77, 83) (61, 65) (12, 14) (3, 3) (30, 38) (2, 2) (56, 64) (6, 6) (89, 97) (36, 42) (31, 31) (56, 60) (6, 6) 
(83, 99) (62, 68) (22, 22) (4, 4) (68, 76) (48, 52) (83, 87) (4, 4) (6, 8) (53, 63) (89, 103) (19, 23) (53, 71) (14, 16) (69, 89) (33, 39) (57, 59) (41, 45) (18, 24) (40, 50) 
(6, 6) (3, 3) (20, 22) (1, 1) (58, 62) (29, 35) (28, 34) (38, 48) (84, 86) (57, 61) (45, 51) (10, 12) (67, 73) (21, 21) (75, 101) (86, 98) (90, 90) (4, 4) (47, 51) (38, 46) 
(81, 97) (91, 107) (73, 95) (68, 70) (30, 40) (22, 22) (42, 42) (12, 14) (5, 5) (30, 36) (13, 17) (21, 23) (15, 17) (12, 12) (19, 25) (25, 27) (52, 52) (11, 11) (37, 41) (38, 40) 
(1, 1) (58, 76) (65, 75) (74, 74) (47, 57) (30, 40) (74, 92) (2, 2) (55, 59) (23, 25) (53, 63) (75, 81) (59, 71) (43, 45) (84, 106) (5, 5) (47, 47) (69, 69) (60, 72) (33, 43) 
(56, 74) (67, 75) (32, 36) (6, 6) (88, 88) (87, 105) (77, 83) (79, 95) (54, 58) (13, 17) (59, 65) (72, 78) (57, 65) (3, 3) (53, 59) (61, 73) (6, 6) (37, 37) (32, 36) (4, 4) 
(23, 23) (37, 49) (27, 29) (69, 87) (68, 86) (54, 56) (26, 28) (77, 83) (42, 42) (49, 53) (52, 56) (8, 10) (75, 95) (91, 95) (68, 86) (28, 34) (69, 83) (39, 47) (26, 32) (8, 8) 
(50, 60) (43, 55) (22, 22) (21, 21) (51, 63) (24, 26) (2, 2) (74, 100) (68, 80) (90, 98) (7, 7) (73, 97) (43, 49) (64, 86) (84, 98) (38, 40) (21, 21) (16, 18) (66, 66) (80, 86) 
(37, 47) (7, 9) (22, 28) (42, 42) (39, 39) (11, 13) (11, 11) (65, 81) (24, 26) (58, 68) (56, 74) (54, 60) (76, 78) (44, 54) (18, 18) (1, 1) (84, 84) (54, 62) (63, 71) (8, 8) 
(28, 32) (23, 29) (31, 39) (39, 41) (29, 39) (1, 1) (81, 95) (85, 99) (53, 53) (51, 65) (32, 32) (61, 79) (11, 11) (21, 27) (61, 67) (45, 55) (61, 75) (92, 106) (38, 38) (10, 12) 
(38, 38) (90, 96) (50, 50) (62, 76) (67, 89) (59, 65) (65, 75) (40, 50) (6, 8) (82, 92) (77, 77) (85, 89) (81, 91) (62, 70) (34, 36) (42, 42) (71, 93) (52, 58) (26, 30) (22, 24) 
(77, 87) (93, 105) (94, 102) (44, 56) (47, 51) (21, 23) (8, 10) (47, 57) (21, 21) (36, 40) (46, 54) (71, 77) (51, 65) (44, 44) (5, 5) (51, 55) (58, 64) (19, 23) (84, 94) (62, 62) 
(11, 13) (54, 66) (27, 27) (69, 79) (56, 64) (7, 9) (25, 27) (3, 3) (26, 34) (6, 6) (46, 46) (63, 63) (60, 74) (15, 19) (71, 79) (51, 63) (49, 53) (47, 57) (13, 13) (74, 100) 
(64, 72) (21, 25) (6, 6) (17, 23) (73, 75) (27, 33) (12, 16) (41, 51) (42, 56) (59, 75) (29, 39) (41, 53) (73, 93) (45, 45) (38, 48) (72, 78) (39, 43) (72, 90) (75, 85) (54, 56) 
(39, 47) (16, 18) (24, 28) (5, 5) (19, 25) (44, 58) (9, 9) (56, 66) (15, 17) (86, 100) (69, 83) (29, 39) (5, 5) (29, 31) (77, 85) (33, 39) (12, 14) (21, 25) (73, 79) (28, 34) 
(22, 28) (51, 63) (50, 52) (46, 56) (22, 22) (88, 94) (31, 33) (20, 24) (7, 7) (89, 109) (55, 67) (6, 8) (65, 69) (76, 98) (95, 95) (73, 85) (17, 21) (37, 37) (92, 92) (22, 24) 
(53, 61) (22, 24) (98, 100) (40, 50) (46, 48) (54, 64) (51, 55) (62, 74) (63, 73) (48, 62) (19, 19) (66, 86) (30, 30) (74, 100) (48, 62) (74, 80) (12, 12) (36, 44) (28, 32) (72, 80) 
(92, 100) (24, 26) (77, 89) (40, 42) (65, 87) (44, 46) (20, 26) (61, 69) (71, 75) (30, 40) (4, 4) (45, 49) (51, 69) (65, 83) (80, 108) (44, 58) (43, 57) (82, 82) (75, 93) (11, 11) 
(76, 102) (66, 86) (15, 15) (58, 78) (76, 86) (76, 86) (53, 57) (56, 56) (68, 88) (41, 51) (83, 101) (15, 15) (5, 5) (11, 13) (49, 49) (60, 60) (86, 102) (11, 13) (33, 33) (40, 54) 
(54, 58) (13, 15) (74, 86) (11, 11) (46, 54) (44, 58) (72, 94) (56, 74) (75, 99) (46, 54) (74, 82) (6, 6) (18, 18) (38, 42) (38, 48) (77, 97) (67, 81) (76, 76) (69, 77) (47, 55) 
(62, 64) (52, 58) (44, 54) (47, 57) (61, 71) (23, 31) (63, 69) (1, 1) (74, 92) (21, 25) (47, 51) (95, 95) (41, 55) (23, 29) (56, 56) (20, 20) (6, 8) (6, 6) (37, 49) (49, 55) 
(28, 30) (88, 92) (78, 88) (33, 33) (81, 101) (39, 51) (67, 75) (48, 50) (90, 90) (64, 80) (69, 89) (51, 61) (62, 68) (10, 12) (70, 78) (36, 36) (65, 87) (1, 1) (2, 2) (71, 77) 
(82, 96) (18, 18) (71, 75) (42, 48) (35, 39) (41, 47) (23, 27) (78, 94) (65, 67) (18, 20) (73, 79) (29, 33) (42, 46) (11, 13) (49, 59) (70, 76) (39, 45) (1, 1) (79, 103) (27, 35) 
(68, 78) (19, 19) (90, 104) (46, 54) (66, 82) (26, 34) (4, 4) (64, 74) (41, 47) (88, 108) (18, 20) (2, 2) (85, 95) (33, 35) (44, 48) (75, 77) (74, 88) (68, 84) (34, 46) (50, 50) 
(4, 4) (54, 66) (5, 5) (19, 19) (45, 53) (23, 29) (18, 18) (82, 110) (32, 42) (51, 59) (81, 85) (70, 74) (68, 84) (34, 42) (89, 101) (89, 107) (61, 69) (68, 80) (80, 80) (96, 98) 
(16, 16) (58, 70) (17, 23) (55, 61) (92, 106) (4, 4) (9, 9) (55, 63) (29, 29) (23, 29) (22, 24) (10, 10) (14, 16) (19, 23) (19, 19) (97, 99) (75, 79) (78, 82) (65, 87) (25, 25) 
(46, 56) (33, 33) (12, 16) (57, 69) (41, 51) (6, 6) (51, 55) (24, 30) (87, 111) (84, 90) (13, 17) (76, 78) (57, 75) (3, 3) (50, 52) (3, 3) (8, 10) (33, 35) (71, 83) (48, 60) 
(57, 77) (84, 112) (55, 59) (67, 81) (47, 47) (11, 13) (90, 94) (28, 32) (44, 46) (36, 42) (31, 41) (12, 12) (77, 95) (78, 98) (15, 15) (81, 97) (82, 110) (68, 70) (43, 43) (62, 82) 
(77, 91) (57, 77) (26, 34) (68, 70) (6, 6) (84, 90) (58, 58) (34, 40) (77, 97) (12, 12) (84, 96) (36, 40) (43, 51) (86, 112) (7, 9) (29, 31) (45, 51) (29, 31) (6, 8) (86, 110) 
(87, 97) (66, 82) (7, 9) (82, 90) (32, 40) (75, 81) (6, 6) (2, 2) (40, 44) (14, 14) (62, 82) (83, 105) (82, 84) (4, 4) (49, 51) (84, 96) (79, 81) (27, 27) (42, 48) (71, 71) 
(71, 85) (39, 43) (16, 18) (80, 92) (80, 86) (64, 78) (47, 61) (69, 91) (66, 70) (16, 16) (76, 100) (37, 43) (75, 101) (10, 12) (8, 10) (51, 57) (3, 3) (21, 27) (71, 91) (18, 18) 
(64, 80) (58, 70) (61, 75) (46, 46) (25, 33) (80, 104) (70, 78) (60, 76) (12, 12) (67, 69) (75, 99) (80, 80) (72, 90) (44, 44) (72, 80) (9, 9) (25, 27) (27, 35) (33, 41) (73, 91) 
(42, 46) (50, 56) (74, 98) (66, 68) (4, 4) (13, 15) (44, 50) (19, 19) (45, 55) (67, 69) (63, 67) (22, 22) (92, 102) (11, 11) (33, 35) (75, 75) (10, 12) (13, 15) (76, 80) (80, 80) 
(55, 71) (42, 54) (63, 63) (42, 44) (8, 10) (73, 91) (12, 14) (46, 50) (3, 3) (65, 73) (47, 47) (3, 3) (51, 61) (29, 35) (36, 46) (9, 11) (41, 55) (15, 17) (92, 104) (57, 61) 
(37, 47) (79, 103) (10, 12) (32, 42) (89, 105) (34, 46) (34, 36) (95, 97) (95, 95) (24, 28) (79, 81) (55, 67) (64, 74) (16, 16) (56, 62) (57, 73) (3, 3) (5, 5) (85, 85) (43, 53) 
(3, 3) (20, 24) (12, 12) (62, 64) (20, 20) (83, 83) (56, 56) (65, 87) (46, 48) (9, 9) (42, 42) (31, 39) (23, 23) (10, 12) (17, 23) (26, 30) (49, 53) (71, 85) (32, 38) (51, 63) 
(13, 13) (74, 78) (20, 20) (65, 69) (6, 6) (19, 19) (68, 80) (1, 1) (13, 13) (46, 50) (38, 50) (11, 13) (41, 51) (87, 101) (25, 27) (38, 48) (34, 40) (71, 75) (46, 50) (27, 31) 
(22, 28) (45, 53) (46, 56) (31, 41) (47, 53) (14, 16) (59, 73) (15, 19) (41, 45) (47, 59) (3, 3) (43, 51) (11, 13) (74, 74) (8, 8) (57, 73) (27, 31) (7, 9) (18, 18) (36, 36) 
(32, 34) (13, 15) (83, 107) (43, 53) (64, 72) (23, 25) (78, 96) (40, 46) (9, 11) (35, 45) (30, 34) (42, 44) (66, 66) (39, 45) (29, 29) (18, 22) (25, 31) (38, 40) (73, 81) (36, 46) 
(70, 76) (58, 74) (63, 71) (59, 75) (63, 81) (63, 63) (69, 93) (80, 88) (7, 7) (48, 56) (9, 9) (8, 10) (33, 37) (10, 12) (35, 39) (48, 62) (89, 103) (82, 86) (85, 109) (28, 36) 
(58, 76) (26, 30) (79, 91) (53, 63) (48, 54) (36, 46) (59, 69) (39, 41) (52, 56) (28, 34) (44, 50) (15, 17) (43, 43) (55, 63) (57, 77) (29, 37) (14, 16) (81, 101) (9, 9) (48, 56) 
(28, 30) (60, 64) (23, 23) (52, 68) (62, 74) (18, 22) (18, 22) (32, 32) (48, 52) (9, 9) (20, 24) (56, 56) (85, 103) (26, 28) (36, 46) (68, 86) (17, 21) (47, 61) (87, 87) (86, 106) 
(67, 71) (63, 69) (78, 94) (41, 45) (52, 52) (36, 42) (24, 30) (60, 66) (5, 5) (69, 71) (2, 2) (10, 10) (2, 2) (12, 14) (43, 45) (86, 98) (62, 80) (14, 14) (4, 4) (33, 37) 
(57, 73) (75, 81) (24, 28) (25, 33) (70, 82) (19, 21) (63, 65) (33, 33) (88, 94) (46, 48) (85, 93) (49, 49) (43, 57) (40, 42) (54, 68) (21, 23) (86, 112) (31, 33) (12, 12) (43, 43) 
(71, 85) (72, 96) (78, 84) (54, 70) (41, 43) (11, 11) (61, 69) (77, 89) (74, 76) (11, 13) (43, 49) (46, 46) (56, 66) (92, 104) (42, 56) (30, 40) (35, 43) (23, 31) (21, 25) (52, 60) 
(47, 51) (36, 38) (32, 42) (81, 109) (82, 100) (68, 68) (7, 9) (18, 18) (48, 60) (20, 26) (93, 95) (59, 65) (64, 68) (3, 3) (19, 23) (60, 64) (70, 74) (28, 28) (85, 97) (75, 91) 
(19, 23) (70, 76) (45, 45) (20, 24) (79, 99) (4, 4) (4, 4) (1, 1) (71, 71) (38, 50) (30, 40) (95, 103) (49, 49) (18, 20) (22, 28) (76, 78) (13, 15) (87, 93) (18, 20) (78, 92) 
(76, 76) (7, 9) (68, 68) (13, 13) (85, 111) (76, 100) (46, 54) (16, 18) (68, 78) (17, 19) (20, 24) (60, 66) (73, 73) (48, 64) (56, 66) (22, 28) (68, 74) (14, 16) (49, 51) (21, 25) 
(1, 1) (89, 109) (60, 68) (51, 51) (77, 77) (11, 13) (23, 29) (24, 30) (28, 34) (23, 23) (84, 96) (59, 71) (16, 16) (80, 102) (42, 52) (33, 37) (39, 39) (8, 10) (59, 69) (81, 101) 
(5, 5) (41, 43) (3, 3) (15, 15) (71, 77) (39, 51) (33, 35) (47, 51) (40, 50) (54, 54) (82, 90) (27, 29) (6, 6) (73, 81) (67, 85) (55, 63) (60, 66) (21, 21) (48, 52) (84, 102) 
(25, 27) (85, 103) (29, 37) (20, 20) (27, 27) (74, 92) (54, 56) (89, 97) (39, 43) (57, 67) (6, 6) (29, 37) (42, 52) (75, 93) (22, 28) (5, 5) (7, 9) (14, 14) (23, 29) (83, 109) 
(87, 93) (99, 99) (17, 21) (66, 82) (14, 16) (82, 82) (52, 58) (90, 92) (51, 55) (8, 8) (18, 20) (9, 9) (54, 66) (10, 10) (5, 5) (37, 37) (86, 104) (17, 21) (55, 71) (57, 57) 
(38, 42) (19, 19) (3, 3) (43, 45) (30, 30) (80, 88) (49, 49) (19, 25) (15, 15) (84, 102) (7, 9) (86, 94) (45, 51) (83, 91) (34, 34) (36, 48) (70, 86) (75, 77) (71, 93) (6, 8) 
(46, 48) (4, 4) (33, 37) (15, 15) (29, 35) (56, 72) (75, 75) (61, 65) (91, 103) (48, 54) (59, 71) (35, 47) (41, 51) (61, 67) (20, 22) (46, 54) (3, 3) (37, 43) (30, 40) (65, 65) 
(88, 90) (20, 26) (9, 9) (6, 8) (7, 9) (72, 82) (92, 96) (72, 92) (30, 34) (84, 102) (4, 4) (65, 81) (89, 99) (59, 73) (81, 83) (27, 29) (37, 39) (43, 45) (24, 28) (5, 5) 
(26, 34) (59, 77) (64, 74) (50, 64) (80, 84) (66, 84) (9, 11) (33, 41) (32, 38) (91, 99) (76, 96) (22, 28) (54, 70) (81, 81) (72, 78) (57, 61) (89, 103) (73, 95) (81, 81) (98, 100) 
(91, 91) (56, 66) (43, 45) (11, 11) (20, 22) (12, 16) (55, 69) (15, 17) (36, 36) (45, 57) (51, 61) (69, 85) (77, 81) (48, 58) (37, 37) (47, 49) (28, 28) (55, 67) (52, 52) (65, 79) 
(51, 51) (17, 19) (9, 9) (6, 6) (48, 58) (68, 76) (47, 49) (67, 77) (63, 65) (46, 52) (56, 58) (38, 46) (72, 88) (92, 92) (8, 10) (6, 6) (81, 87) (57, 59) (48, 52) (78, 80) 
(66, 68) (15, 17) (5, 5) (26, 34) (11, 13) (10, 12) (24, 28) (65, 83) (35, 37) (20, 26) (48, 52) (12, 14) (53, 65) (35, 39) (74, 84) (59, 77) (18, 22) (63, 69) (81, 93) (48, 56) 
(45, 59) (4, 4) (6, 6) (27, 27) (31, 39) (42, 50) (78, 86) (2, 2) (55, 63) (61, 81) (76, 92) (15, 15) (37, 43) (67, 87) (69, 87) (2, 2) (59, 65) (65, 79) (69, 89) (63, 79) 
(66, 86) (23, 27) (39, 41) (15, 15) (81, 85) (39, 39) (60, 72) (79, 79) (76, 80) (29, 31) (17, 19) (29, 29) (54, 58) (25, 29) (39, 49) (71, 85) (1, 1) (68, 70) (30, 38) (18, 18) 
(49, 53) (86, 92) (97, 101) (53, 55) (87, 111) (67, 85) (11, 11) (92, 92) (4, 4) (23, 27) (65, 67) (36, 46) (82, 102) (36, 36) (54, 56) (30, 34) (43, 51) (1, 1) (45, 45) (78, 104) 
(71, 91) (83, 91) (28, 28) (15, 15) (41, 45) (4, 4) (67, 67) (12, 12) (83, 107) (4, 4) (61, 71) (57, 61) (30, 38) (8, 10) (22, 28) (2, 2) (6, 6) (76, 98) (79, 91) (35, 35) 
(6, 6) (10, 12) (50, 50) (78, 90) (53, 71) (83, 105) (2, 2) (88, 106) (52, 52) (4, 4) (83, 101) (43, 45) (44, 58) (23, 23) (75, 85) (32, 38) (16, 16) (45, 47) (5, 5) (57, 77) 
(62, 62) (84, 110) (45, 59) (91, 107) (76, 90) (50, 56) (51, 63) (8, 8) (67, 71) (33, 41) (65, 79) (95, 95) (53, 69) (70, 82) (64, 80) (49, 59) (15, 15) (78, 104) (50, 50) (31, 41) 
(38, 48) (30, 36) (21, 27) (81, 87) (29, 29) (32, 32) (27, 33) (40, 44) (68, 90) (57, 59) (43, 49) (7, 7) (88, 90) (71, 71) (82, 100) (9, 9) (60, 80) (38, 42) (32, 34) (20, 24) 
(30, 32) (23, 23) (32, 40) (33, 41) (77, 83) (6, 6) (49, 65) (82, 90) (48, 56) (1, 1) (94, 96) (65, 71) (76, 98) (16, 20) (54, 58) (24, 32) (60, 72) (77, 99) (40, 50) (18, 22) 
(59, 77) (13, 15) (38, 48) (81, 99) (38, 50) (21, 21) (26, 30) (97, 97) (97, 99) (42, 54) (88, 102) (81, 87) (63, 77) (33, 43) (82, 102) (56, 56) (47, 63) (50, 56) (15, 15) (19, 23) 
(87, 95) (54, 58) (94, 100) (43, 49) (17, 19) (61, 67) (83, 105) (98, 100) (69, 93) (57, 67) (50, 62) (46, 60) (96, 100) (28, 36) (50, 52) (23, 25) (24, 28) (79, 83) (21, 27) (24, 28) 
(95, 103) (43, 49) (21, 23) (22, 28) (11, 13) (24, 32) (26, 32) (83, 91) (32, 40) (36, 40) (37, 47) (31, 39) (26, 34) (49, 65) (83, 87) (91, 103) (2, 2) (45, 53) (73, 93) (25, 31) 
(12, 14) (82, 104) (52, 66) (3, 3) (50, 52) (74, 74) (82, 86) (71, 95) (67, 81) (88, 90) (62, 78) (43, 47) (54, 64) (48, 60) (1, 1) (54, 66) (69, 87) (54, 64) (43, 49) (88, 94) 
(45, 49) (35, 35) (22, 28) (46, 62) (48, 52) (31, 31) (65, 79) (74, 94) (61, 77) (88, 92) (49, 61) (55, 73) (85, 93) (9, 11) (51, 51) (79, 83) (55, 61) (42, 52) (32, 40) (12, 14) 
(80, 84) (82, 86) (23, 27) (15, 17) (78, 104) (71, 85) (71, 85) (41, 55) (69, 75) (42, 52) (58, 62) (34, 38) (24, 30) (40, 44) (34, 34) (30, 40) (79, 91) (29, 37) (62, 78) (49, 65) 
(4, 4) (87, 107) (55, 63) (91, 101) (29, 33) (62, 82) (45, 47) (47, 47) (51, 61) (63, 65) (51, 51) (67, 87) (71, 75) (59, 75) (69, 93) (2, 2) (67, 89) (21, 23) (45, 51) (8, 10) 
(83, 97) (19, 23) (71, 91) (42, 42) (55, 71) (92, 104) (82, 86) (26, 32) (46, 62) (84, 98) (74, 76) (77, 103) (1, 1) (85, 93) (6, 6) (42, 42) (2, 2) (11, 13) (31, 35) (63, 69) 
(69, 91) (77, 99) (54, 60) (30, 30) (93, 95) (93, 97) (58, 58) (78, 100) (46, 48) (16, 18) (23, 25) (87, 109) (53, 71) (79, 103) (48, 50) (59, 71) (32, 36) (82, 100) (80, 108) (13, 13) 
(38, 44) (82, 106) (9, 9) (95, 95) (72, 82) (78, 96) (81, 99) (86, 86) (18, 24) (12, 14) (56, 64) (33, 39) (20, 24) (64, 78) (16, 20) (14, 16) (32, 32) (14, 14) (10, 12) (50, 58) 
(45, 49) (16, 20) (93, 93) (51, 63) (69, 79) (2, 2) (58, 58) (65, 73) (10, 10) (38, 44) (72, 88) (3, 3) (68, 76) (54, 66) (30, 38) (56, 64) (32, 36) (32, 32) (29, 37) (85, 93) 
(83, 93) (28, 34) (23, 31) (81, 95) (47, 49) (23, 31) (5, 5) (42, 56) (7, 9) (58, 76) (23, 23) (43, 53) (22, 26) (77, 101) (66, 80) (72, 80) (77, 97) (55, 55) (17, 17) (57, 69) 
(9, 11) (81, 85) (76, 98) (44, 48) (28, 34) (77, 81) (24, 32) (13, 17) (29, 33) (77, 89) (38, 46) (34, 46) (39, 47) (51, 69) (5, 5) (56, 68) (45, 51) (26, 30) (12, 14) (69, 79) 
(70, 76) (69, 85) (91, 97) (14, 18) (78, 100) (45, 51) (89, 97) (22, 28) (75, 77) (4, 4) (70, 70) (62, 70) (29, 33) (58, 68) (62, 78) (87, 95) (36, 42) (62, 72) (3, 3) (5, 5) 
(61, 63) (93, 93) (33, 43) (58, 72) (75, 87) (43, 47) (53, 59) (63, 75) (73, 81) (4, 4) (8, 8) (60, 72) (16, 16) (6, 6) (74, 78) (78, 80) (21, 27) (82, 110) (71, 89) (38, 38) 
(95, 95) (25, 27) (78, 90) (87, 105) (90, 92) (63, 63) (42, 54) (39, 39) (25, 31) (48, 48) (78, 88) (68, 80) (84, 84) (2, 2) (70, 82) (45, 45) (87, 109) (66, 74) (82, 94) (64, 72) 
(10, 10) (86, 106) (66, 66) (77, 81) (83, 105) (8, 8) (17, 21) (9, 9) (8, 8) (64, 84) (1, 1) (28, 32) (83, 103) (84, 98) (11, 11) (55, 59) (73, 79) (75, 75) (86, 88) (37, 43) 
(15, 19) (84, 112) (75, 75) (50, 64) (1, 1) (52, 70) (70, 74) (74, 90) (56, 64) (81, 93) (90, 98) (43, 55) (62, 66) (76, 90) (39, 45) (61, 65) (28, 30) (62, 72) (92, 106) (74, 78) 
(6, 6) (87, 97) (9, 9) (60, 60) (23, 25) (20, 20) (69, 87) (46, 46) (15, 17) (48, 56) (68, 88) (26, 34) (3, 3) (57, 69) (13, 13) (67, 69) (67, 79) (54, 56) (82, 106) (64, 66) 
(18, 24) (81, 105) (17, 19) (29, 39) (78, 86) (50, 52) (49, 49) (61, 79) (48, 54) (55, 61) (55, 59) (78, 82) (44, 46) (61, 77) (47, 53) (91, 97) (9, 11) (2, 2) (70, 72) (36, 44) 
(15, 19) (75, 81) (49, 63) (72, 80) (34, 38) (24, 28) (80, 94) (65, 83) (30, 40) (34, 44) (31, 33) (76, 88) (73, 95) (81, 109) (40, 42) (42, 44) (43, 57) (37, 45) (42, 50) (47, 59) 
(59, 75) (61, 63) (70, 72) (12, 12) (22, 24) (72, 90) (61, 69) (37, 43) (51, 67) (59, 73) (74, 82) (19, 23) (47, 49) (65, 73) (4, 4) (85, 105) (62, 74) (36, 36) (18, 20) (46, 56) 
(96, 98) (82, 86) (82, 92) (93, 97) (24, 28) (13, 15) (71, 73) (24, 24) (86, 86) (6, 6) (42, 48) (26, 32) (17, 21) (91, 93) (79, 81) (10, 12) (48, 56) (70, 84) (80, 98) (64, 86) 
(17, 23) (84, 86) (44, 52) (67, 73) (30, 32) (12, 16) (79, 83) (21, 21) (55, 59) (92, 104) (9, 9) (23, 23) (14, 18) (45, 47) (38, 50) (16, 16) (37, 45) (17, 17) (79, 81) (12, 14) 
(61, 75) (30, 30) (79, 93) (49, 59) (69, 91) (76, 80) (16, 16) (85, 93) (68, 74) (94, 100) (73, 87) (66, 72) (34, 42) (77, 77) (3, 3) (28, 32) (52, 70) (79, 85) (85, 91) (82, 88) 
(89, 105) (40, 52) (48, 50) (66, 88) (25, 29) (84, 108) (74, 90) (62, 64) (20, 22) (81, 85) (45, 57) (72, 82) (77, 83) (83, 93) (6, 8) (95, 99) (65, 81) (52, 64) (35, 37) (2, 2) 
(40, 48) (78, 104) (2, 2) (80, 108) (71, 91) (46, 56) (81, 95) (37, 49) (20, 20) (73, 85) (45, 49) (60, 64) (58, 74) (40, 42) (21, 27) (57, 63) (12, 12) (3, 3) (73, 81) (73, 89) 
(38, 48) (61, 69) (67, 69) (57, 65) (61, 77) (24, 28) (45, 49) (84, 90) (47, 59) (80, 82) (58, 60) (75, 87) (72, 88) (56, 70) (28, 34) (18, 24) (46, 46) (3, 3) (73, 91) (57, 71) 
TIEMPOS MAXIMOS DE FIN
(10000, 10000) (10000, 10000) (10000, 10000) (10000, 10000) (10000, 10000) (10000, 10000) (10000, 10000) (10000, 10000) (10000, 10000) (10000, 10000) (10000, 10000) (10000, 10000) (10000, 10000) (10000, 10000) (10000, 10000) (10000, 10000) (10000, 10000) (10000, 10000) (10000, 10000) (10000, 10000) (10000, 10000) (10000, 10000) (10000, 10000) (10000, 10000) (10000, 10000) (10000, 10000) (10000, 10000) (10000, 10000) (10000, 10000) (10000, 10000) (10000, 10000) (10000, 10000) (10000, 10000) (10000, 10000) (10000, 10000) (10000, 10000) (10000, 10000) (10000, 10000) (10000, 10000) (10000, 10000) (10000, 10000) (10000, 10000) (10000, 10000) (10000, 10000) (10000, 10000) (10000, 10000) (10000, 10000) (10000, 10000) (10000, 10000) (10000, 10000) (10000, 10000) (10000, 10000) (10000, 10000) (10000, 10000) (10000, 10000) (10000, 10000) (10000, 10000) (10000, 10000) (10000, 10000) (10000, 10000) (10000, 10000) (10000, 10000) (10000, 10000) (10000, 10000) (10000, 10000) (10000, 10000) (10000, 10000) (10000, 10000) (10000, 10000) (10000, 10000) (10000, 10000) (10000, 10000) (10000, 10000) (10000, 10000) (10000, 10000) (10000, 10000) (10000, 10000) (10000, 10000) (10000, 10000) (10000, 10000) (10000, 10000) (10000, 10000) (10000, 10000) (10000, 10000) (10000, 10000) (10000, 10000) (10000, 10000) (10000, 10000) (10000, 10000) (10000, 10000) (10000, 10000) (10000, 10000) (10000, 10000) (10000, 10000) (10000, 10000) (10000, 10000) (10000, 10000) (10000, 10000) (10000, 10000) (10000, 10000) 
// Desviacion Izda: min(0%), max(15%), promedio(6.36012%)
// Desviacion Dcha: min(0%), max(15%), promedio(6.36012%)
