NUMERO DE TRABAJOS
100
NUMERO DE RECURSOS
20
SECUENCIA DE MAQUINAS
11 7 18 15 0 8 19 6 13 14 17 2 4 1 16 3 9 5 12 10 
0 14 7 1 11 16 6 4 8 5 13 18 9 17 15 12 19 10 2 3 
15 4 10 14 5 13 9 19 8 16 7 12 11 1 3 6 0 2 18 17 
0 5 11 7 6 10 4 18 3 8 14 9 17 2 19 13 1 16 15 12 
3 10 1 13 18 19 5 11 6 17 8 14 9 16 4 12 2 0 15 7 
3 1 17 16 2 5 14 12 11 7 13 19 15 10 0 6 18 8 9 4 
17 13 18 1 9 8 11 4 16 5 3 10 2 12 14 0 6 7 19 15 
19 14 16 17 7 9 11 2 15 3 18 5 12 6 1 4 8 13 10 0 
10 3 5 8 14 4 16 2 17 15 18 7 12 9 19 13 0 11 1 6 
15 2 7 11 12 4 17 8 0 10 14 5 9 6 3 19 13 1 18 16 
16 4 1 17 5 12 15 0 14 13 18 2 19 11 3 7 8 9 10 6 
15 6 7 3 19 13 14 0 12 11 17 2 4 16 1 18 10 8 9 5 
10 0 7 13 4 17 2 15 14 12 5 9 18 16 19 3 1 8 11 6 
8 2 7 16 18 12 11 19 15 4 14 9 3 17 6 5 10 1 13 0 
18 11 13 16 17 6 0 14 12 3 15 2 8 19 4 7 10 5 9 1 
13 12 9 0 17 15 1 19 6 7 5 18 14 4 16 11 2 10 3 8 
13 18 9 4 1 8 17 16 5 14 19 15 3 10 7 2 6 0 12 11 
13 10 12 0 19 14 18 8 5 3 11 1 9 2 16 17 6 7 15 4 
10 4 3 17 13 1 2 0 12 6 7 15 8 16 9 11 18 5 19 14 
18 6 9 13 19 14 3 5 12 1 4 17 7 8 2 10 16 11 15 0 
15 13 1 4 19 14 18 5 8 16 10 12 6 17 7 11 3 2 0 9 
9 17 5 18 8 12 14 13 0 10 6 11 1 7 4 3 19 15 2 16 
1 7 17 11 9 14 18 2 15 0 4 19 10 5 12 6 16 8 3 13 
19 10 13 18 7 12 11 15 3 16 9 4 0 6 2 14 17 5 1 8 
6 9 17 2 11 16 4 1 13 0 10 12 18 15 5 14 19 8 3 7 
10 1 14 7 15 4 13 2 5 17 0 8 18 6 12 11 9 16 3 19 
8 12 13 7 5 6 19 11 3 1 9 15 17 16 10 4 14 2 18 0 
17 18 1 8 16 7 5 0 11 9 4 15 12 19 2 3 13 14 6 10 
6 8 7 0 16 5 18 13 9 1 2 3 14 17 10 19 15 12 4 11 
10 15 7 13 9 2 8 6 1 17 11 19 5 12 4 14 3 16 0 18 
17 1 4 11 13 14 9 19 6 7 15 10 0 18 8 5 3 2 12 16 
10 7 13 8 9 3 12 15 6 17 19 18 4 14 16 2 1 0 11 5 
14 8 7 5 13 10 6 2 18 16 15 9 3 4 11 19 0 1 17 12 
9 13 16 6 10 19 12 4 17 3 5 18 11 15 7 1 0 8 2 14 
9 12 6 8 11 10 3 4 15 7 14 17 1 18 19 2 5 16 13 0 
12 13 11 1 10 14 19 7 6 9 8 2 5 18 0 17 15 3 4 16 
1 15 12 18 10 9 13 3 8 7 5 2 19 0 14 6 4 17 16 11 
14 11 2 9 10 13 15 18 3 7 17 16 5 4 1 12 6 0 8 19 
14 1 13 8 6 10 7 0 9 19 16 4 15 17 2 18 3 12 11 5 
2 5 16 18 0 7 13 3 4 19 8 12 17 15 14 6 1 11 10 9 
9 12 6 19 2 11 1 17 13 8 7 15 4 18 10 16 0 5 3 14 
14 11 3 9 6 17 4 13 19 16 10 0 7 15 18 12 5 1 2 8 
12 18 6 7 13 1 19 0 10 9 15 17 11 8 5 3 16 2 14 4 
18 1 10 4 7 2 14 13 3 16 12 5 6 11 19 15 17 8 9 0 
7 4 6 16 12 1 18 0 8 17 19 5 13 3 10 2 14 11 9 15 
16 4 1 2 0 17 6 8 9 3 12 10 7 18 13 11 5 19 14 15 
17 3 2 4 8 19 16 6 15 1 10 5 7 13 12 18 0 14 9 11 
16 17 4 13 18 15 7 5 0 14 8 6 9 10 1 3 12 19 11 2 
3 8 7 15 9 12 17 4 2 5 11 14 6 1 13 10 0 16 18 19 
3 0 17 10 4 13 18 7 9 15 2 14 5 6 8 12 19 11 16 1 
12 8 6 11 3 16 10 19 1 7 15 9 2 14 13 4 0 17 18 5 
17 3 2 7 1 10 6 14 19 11 13 8 4 0 5 18 16 9 15 12 
1 8 7 11 15 14 10 6 9 13 17 5 4 16 18 3 2 19 12 0 
4 11 8 17 3 13 9 2 0 1 5 16 15 10 12 6 14 7 18 19 
18 6 17 11 3 13 9 15 8 12 5 10 2 19 16 7 14 0 4 1 
13 19 7 9 2 11 14 0 16 15 1 10 4 5 3 17 18 6 8 12 
11 8 10 16 12 7 15 4 14 17 19 1 5 9 2 6 18 3 13 0 
4 17 6 10 16 7 2 19 11 13 3 1 8 5 0 12 15 18 14 9 
17 2 7 4 9 15 19 16 5 12 11 3 1 0 8 6 10 14 18 13 
12 4 19 5 17 6 14 11 0 18 8 2 13 7 1 10 3 15 16 9 
7 19 12 3 15 10 2 5 0 9 18 17 1 8 6 11 16 14 13 4 
7 8 4 3 18 19 11 14 6 0 16 5 17 9 10 12 15 1 2 13 
17 13 19 6 3 18 12 9 16 8 5 1 7 14 11 4 15 2 0 10 
16 2 11 7 12 14 9 17 0 10 4 1 6 13 19 8 5 3 15 18 
16 9 7 18 11 8 4 3 2 15 1 0 19 5 10 12 13 14 17 6 
4 1 17 6 8 13 19 0 14 9 3 12 10 5 18 7 16 15 2 11 
12 6 16 0 2 19 4 8 7 14 5 3 18 11 15 10 13 17 1 9 
15 18 11 13 19 7 1 2 16 8 14 17 4 9 12 10 3 6 5 0 
2 13 11 12 4 17 7 14 6 8 5 3 15 16 19 18 9 1 10 0 
9 6 7 8 14 2 3 4 18 16 15 12 0 13 10 19 17 11 5 1 
9 2 12 15 8 13 1 19 5 16 14 7 4 10 11 18 17 6 0 3 
6 18 11 8 4 7 19 9 5 2 17 15 0 1 16 10 13 3 12 14 
12 16 8 19 17 0 14 6 18 1 5 4 9 13 7 15 3 2 11 10 
10 1 2 8 7 12 4 19 16 5 6 14 9 3 18 17 11 15 0 13 
7 14 12 5 10 13 3 16 2 1 4 19 15 0 11 18 9 17 6 8 
1 13 17 0 19 12 15 16 10 18 4 6 5 2 14 3 8 11 7 9 
13 4 7 9 8 18 2 19 12 6 17 14 0 16 5 15 11 1 10 3 
14 3 1 4 17 7 16 0 8 11 10 6 12 18 5 13 9 2 15 19 
12 13 11 18 9 8 2 4 5 0 14 6 10 17 7 1 3 15 16 19 
18 5 7 3 19 11 1 13 9 8 6 2 14 12 4 16 0 17 10 15 
6 16 10 19 13 0 15 9 12 8 17 7 4 18 14 5 2 1 11 3 
17 15 10 13 11 18 9 1 5 0 7 4 12 16 14 3 2 8 19 6 
2 3 8 1 13 15 19 7 6 10 5 14 0 4 11 17 9 12 16 18 
15 5 1 11 16 0 4 7 13 18 8 17 12 9 6 10 3 2 19 14 
6 0 3 14 12 9 8 16 4 18 13 1 10 7 5 19 15 2 11 17 
2 10 19 13 11 0 17 4 12 9 5 18 1 6 14 8 7 16 3 15 
7 10 4 6 12 15 16 17 11 9 1 2 19 8 18 13 14 0 5 3 
7 12 3 14 10 2 15 18 16 9 5 1 11 8 19 4 17 6 13 0 
17 6 8 11 7 13 0 5 1 10 16 4 9 3 18 15 19 14 12 2 
15 1 7 19 10 6 5 17 2 16 8 14 13 3 4 9 11 0 18 12 
17 5 19 4 16 7 13 10 11 2 8 14 9 15 18 1 0 6 3 12 
17 18 19 7 6 13 15 1 16 9 8 5 14 3 11 12 0 4 2 10 
8 2 13 6 18 3 19 7 0 4 1 9 10 5 14 17 12 11 15 16 
14 7 17 18 4 9 12 13 10 5 6 11 0 8 19 15 1 3 16 2 
18 4 1 13 6 3 16 0 8 14 11 19 9 7 17 2 10 5 12 15 
16 19 13 18 7 10 17 3 9 6 0 4 8 1 15 14 5 12 2 11 
10 0 1 9 3 18 13 7 8 5 15 2 17 6 11 16 12 14 19 4 
4 9 3 10 8 6 12 18 17 16 7 11 15 13 19 5 0 14 1 2 
5 19 0 13 16 6 17 10 15 1 3 14 2 8 9 7 12 18 4 11 
4 7 14 8 13 12 11 1 17 9 19 0 2 16 6 15 3 10 5 18 
DURACIONES
(73, 93) (55, 63) (47, 51) (78, 90) (31, 39) (58, 78) (56, 60) (57, 75) (38, 50) (2, 2) (57, 69) (23, 27) (67, 73) (1, 1) (72, 96) (54, 58) (32, 38) (43, 49) (75, 87) (50, 66) 
(10, 12) (59, 75) (44, 46) (83, 89) (91, 91) (54, 66) (60, 62) (6, 6) (92, 98) (18, 18) (6, 8) (72, 74) (3, 3) (79, 105) (27, 33) (84, 102) (6, 8) (37, 37) (14, 14) (9, 9) 
(30, 38) (5, 5) (2, 2) (64, 80) (26, 26) (50, 60) (22, 26) (58, 64) (26, 30) (98, 98) (3, 3) (1, 1) (25, 31) (90, 94) (34, 44) (24, 28) (88, 94) (37, 45) (6, 6) (89, 95) 
(9, 9) (70, 84) (46, 48) (45, 45) (71, 93) (19, 21) (83, 89) (85, 91) (18, 18) (77, 89) (19, 25) (70, 76) (79, 105) (82, 86) (60, 76) (47, 63) (60, 70) (10, 10) (59, 69) (51, 69) 
(55, 69) (71, 79) (27, 31) (71, 91) (81, 97) (29, 39) (32, 36) (24, 24) (94, 102) (81, 109) (57, 63) (20, 26) (47, 61) (71, 73) (3, 3) (73, 91) (39, 43) (49, 49) (83, 111) (44, 54) 
(70, 90) (92, 98) (47, 55) (96, 96) (21, 27) (13, 17) (89, 91) (68, 78) (86, 112) (62, 74) (95, 97) (67, 67) (94, 98) (54, 58) (23, 23) (33, 43) (86, 108) (42, 46) (39, 43) (76, 90) 
(8, 8) (88, 96) (61, 71) (56, 62) (30, 32) (59, 67) (2, 2) (13, 13) (32, 32) (36, 42) (49, 57) (23, 25) (77, 93) (22, 28) (50, 56) (78, 102) (45, 53) (41, 43) (52, 56) (1, 1) 
(9, 11) (59, 77) (81, 91) (26, 26) (58, 70) (27, 33) (69, 87) (70, 72) (91, 99) (16, 18) (80, 104) (29, 31) (41, 41) (46, 62) (12, 12) (4, 4) (17, 17) (57, 63) (49, 59) (76, 90) 
(22, 26) (20, 26) (45, 47) (34, 44) (32, 32) (40, 40) (47, 57) (32, 40) (73, 93) (22, 24) (17, 19) (87, 97) (82, 108) (63, 71) (31, 31) (25, 25) (64, 74) (45, 47) (45, 57) (86, 100) 
(54, 54) (73, 89) (32, 42) (47, 57) (63, 69) (2, 2) (91, 101) (86, 104) (42, 46) (83, 99) (81, 85) (59, 75) (22, 22) (44, 44) (1, 1) (19, 23) (39, 51) (32, 42) (67, 75) (47, 53) 
(52, 52) (18, 20) (8, 8) (78, 92) (62, 66) (28, 36) (21, 23) (36, 38) (51, 57) (91, 101) (84, 100) (58, 58) (15, 17) (86, 86) (49, 65) (3, 3) (64, 72) (83, 105) (15, 19) (30, 30) 
(28, 30) (8, 8) (88, 90) (32, 34) (14, 14) (87, 111) (74, 94) (76, 80) (5, 5) (67, 85) (55, 67) (86, 104) (19, 23) (8, 10) (93, 97) (51, 61) (23, 31) (75, 75) (42, 42) (5, 5) 
(51, 63) (28, 32) (45, 59) (83, 97) (56, 60) (10, 10) (37, 49) (6, 8) (68, 92) (15, 17) (10, 10) (90, 94) (52, 60) (21, 21) (73, 79) (13, 17) (84, 106) (9, 11) (64, 64) (67, 69) 
(40, 52) (73, 81) (21, 25) (32, 34) (4, 4) (61, 71) (5, 5) (45, 59) (2, 2) (32, 36) (24, 24) (79, 99) (46, 46) (35, 35) (10, 10) (23, 25) (51, 55) (90, 106) (17, 21) (43, 55) 
(88, 94) (83, 107) (1, 1) (83, 97) (69, 81) (59, 59) (32, 40) (57, 57) (64, 82) (38, 40) (71, 93) (7, 7) (24, 30) (1, 1) (35, 43) (19, 23) (70, 70) (12, 16) (12, 12) (67, 71) 
(33, 33) (12, 14) (65, 87) (32, 34) (61, 69) (22, 26) (45, 55) (37, 41) (41, 41) (68, 72) (44, 50) (83, 95) (32, 32) (49, 49) (62, 80) (30, 32) (12, 14) (64, 72) (61, 69) (87, 99) 
(53, 57) (71, 91) (35, 37) (27, 29) (80, 108) (76, 94) (20, 20) (89, 99) (70, 84) (19, 21) (65, 83) (32, 32) (66, 70) (23, 25) (1, 1) (69, 81) (15, 17) (79, 79) (72, 92) (32, 38) 
(77, 79) (83, 95) (59, 67) (37, 45) (18, 20) (58, 78) (86, 88) (6, 6) (51, 51) (1, 1) (43, 53) (64, 86) (5, 5) (45, 49) (83, 101) (43, 47) (47, 57) (20, 22) (23, 31) (79, 89) 
(82, 98) (4, 4) (61, 79) (36, 36) (42, 50) (68, 88) (53, 67) (57, 77) (35, 43) (61, 81) (53, 69) (66, 84) (13, 13) (61, 77) (73, 79) (4, 4) (51, 57) (87, 107) (27, 31) (58, 60) 
(40, 48) (83, 95) (33, 39) (22, 28) (28, 36) (74, 80) (67, 77) (36, 42) (75, 87) (53, 63) (42, 56) (54, 58) (21, 23) (42, 50) (14, 16) (53, 63) (51, 55) (24, 30) (48, 64) (10, 12) 
(25, 25) (59, 73) (4, 4) (23, 23) (75, 81) (28, 30) (14, 18) (64, 74) (24, 28) (61, 75) (83, 107) (55, 57) (27, 35) (10, 10) (77, 89) (66, 82) (3, 3) (8, 8) (24, 24) (65, 71) 
(18, 20) (28, 30) (93, 95) (21, 27) (85, 87) (15, 17) (62, 66) (36, 42) (18, 22) (50, 64) (15, 15) (29, 39) (67, 69) (70, 94) (50, 64) (13, 13) (54, 60) (79, 93) (67, 77) (32, 34) 
(45, 47) (81, 87) (15, 17) (12, 12) (19, 25) (71, 75) (27, 35) (84, 96) (56, 58) (80, 108) (22, 24) (44, 58) (15, 19) (63, 83) (20, 26) (29, 39) (48, 48) (74, 92) (31, 33) (30, 40) 
(6, 6) (28, 36) (10, 10) (53, 71) (69, 79) (77, 87) (49, 53) (51, 51) (45, 57) (63, 79) (25, 31) (26, 28) (75, 99) (22, 22) (33, 33) (41, 49) (40, 48) (94, 98) (69, 93) (52, 54) 
(39, 47) (39, 45) (64, 68) (69, 81) (57, 73) (72, 94) (55, 73) (18, 24) (6, 6) (49, 57) (1, 1) (63, 71) (80, 80) (24, 26) (33, 41) (63, 79) (16, 18) (48, 48) (41, 45) (11, 13) 
(89, 91) (63, 71) (38, 46) (65, 77) (12, 14) (84, 112) (23, 25) (68, 86) (62, 76) (87, 93) (80, 80) (63, 83) (46, 62) (13, 13) (28, 30) (22, 28) (53, 71) (11, 11) (42, 46) (13, 13) 
(69, 77) (67, 67) (47, 57) (6, 6) (26, 34) (24, 26) (72, 74) (86, 86) (48, 58) (17, 21) (76, 92) (50, 54) (69, 91) (60, 66) (21, 21) (2, 2) (67, 89) (28, 30) (41, 47) (87, 93) 
(96, 102) (6, 6) (66, 78) (63, 71) (63, 75) (45, 55) (2, 2) (48, 58) (31, 31) (57, 65) (78, 84) (87, 101) (22, 24) (82, 96) (19, 23) (72, 78) (92, 106) (44, 58) (60, 76) (90, 104) 
(46, 50) (65, 75) (57, 67) (54, 66) (64, 84) (91, 105) (25, 27) (86, 106) (9, 11) (64, 72) (35, 37) (6, 6) (23, 25) (4, 4) (12, 12) (27, 31) (42, 50) (68, 90) (28, 28) (72, 86) 
(54, 54) (38, 44) (53, 69) (56, 56) (36, 48) (52, 66) (87, 103) (45, 47) (42, 44) (1, 1) (44, 54) (37, 47) (2, 2) (30, 34) (50, 60) (2, 2) (53, 61) (55, 65) (76, 76) (40, 40) 
(78, 80) (39, 47) (69, 89) (47, 53) (47, 55) (23, 23) (12, 12) (38, 38) (69, 91) (61, 69) (39, 45) (86, 96) (68, 84) (74, 74) (36, 36) (26, 28) (46, 48) (38, 50) (10, 10) (62, 76) 
(33, 33) (56, 74) (85, 101) (39, 49) (76, 84) (74, 92) (47, 61) (88, 94) (75, 99) (37, 37) (61, 81) (3, 3) (33, 33) (34, 42) (77, 83) (84, 98) (71, 87) (47, 63) (77, 103) (5, 5) 
(73, 79) (17, 19) (19, 19) (50, 64) (69, 73) (80, 92) (58, 60) (16, 18) (18, 24) (39, 45) (2, 2) (46, 56) (75, 93) (22, 22) (6, 8) (15, 19) (52, 52) (84, 84) (14, 18) (26, 30) 
(20, 26) (42, 54) (67, 69) (88, 94) (76, 76) (85, 99) (35, 43) (12, 12) (14, 16) (39, 45) (5, 5) (5, 5) (78, 92) (68, 88) (68, 82) (78, 84) (48, 54) (33, 37) (60, 80) (76, 98) 
(2, 2) (35, 39) (27, 33) (12, 16) (42, 46) (60, 76) (21, 23) (23, 25) (13, 13) (68, 92) (45, 55) (88, 90) (12, 12) (42, 48) (36, 36) (30, 30) (26, 30) (56, 56) (53, 63) (56, 64) 
(84, 100) (32, 36) (2, 2) (34, 36) (74, 90) (52, 68) (65, 87) (3, 3) (86, 92) (8, 8) (84, 110) (22, 24) (23, 29) (45, 53) (57, 75) (35, 39) (47, 63) (64, 80) (69, 71) (56, 70) 
(66, 78) (37, 45) (53, 53) (71, 95) (4, 4) (58, 78) (38, 42) (70, 90) (17, 17) (88, 92) (50, 64) (81, 81) (22, 26) (26, 26) (33, 37) (13, 13) (36, 40) (52, 66) (41, 51) (34, 42) 
(69, 75) (61, 69) (43, 57) (90, 94) (81, 95) (11, 11) (79, 87) (77, 97) (41, 43) (55, 59) (86, 88) (79, 87) (42, 44) (94, 102) (47, 47) (63, 85) (58, 64) (3, 3) (78, 84) (18, 18) 
(12, 14) (39, 49) (84, 84) (19, 19) (59, 79) (21, 25) (28, 36) (29, 31) (25, 27) (64, 64) (50, 60) (24, 30) (47, 57) (16, 18) (83, 111) (20, 22) (69, 77) (43, 47) (28, 34) (42, 56) 
(33, 43) (68, 92) (44, 52) (46, 62) (52, 56) (38, 38) (39, 39) (45, 53) (29, 29) (89, 107) (80, 92) (20, 20) (22, 24) (19, 25) (81, 81) (35, 41) (88, 108) (90, 102) (88, 92) (14, 14) 
(70, 70) (48, 48) (80, 106) (83, 89) (20, 22) (95, 99) (6, 8) (66, 70) (5, 5) (12, 14) (23, 29) (74, 84) (90, 98) (23, 27) (46, 54) (28, 34) (35, 39) (81, 85) (40, 42) (7, 7) 
(93, 93) (69, 81) (33, 33) (44, 48) (12, 16) (16, 18) (63, 77) (59, 67) (37, 39) (55, 71) (41, 49) (96, 102) (39, 43) (11, 13) (55, 73) (31, 37) (11, 13) (46, 62) (62, 70) (29, 33) 
(53, 67) (85, 109) (91, 99) (36, 46) (65, 77) (75, 101) (91, 91) (91, 93) (87, 111) (49, 55) (59, 79) (77, 81) (30, 30) (3, 3) (52, 58) (55, 63) (76, 100) (25, 31) (67, 75) (70, 76) 
(48, 58) (90, 104) (46, 60) (26, 32) (60, 68) (19, 19) (15, 15) (74, 84) (98, 100) (36, 42) (64, 80) (79, 85) (73, 81) (22, 28) (91, 101) (81, 103) (92, 104) (70, 88) (27, 35) (19, 19) 
(48, 64) (6, 6) (60, 66) (49, 51) (61, 73) (76, 84) (54, 66) (34, 38) (9, 11) (13, 15) (39, 49) (75, 87) (53, 55) (17, 23) (57, 77) (22, 28) (46, 52) (73, 83) (69, 81) (3, 3) 
(77, 89) (65, 81) (20, 24) (4, 4) (29, 31) (26, 28) (67, 85) (50, 58) (44, 52) (82, 82) (83, 95) (7, 9) (70, 90) (25, 27) (87, 109) (97, 97) (9, 11) (64, 68) (73, 79) (76, 78) 
(66, 84) (91, 107) (63, 77) (69, 81) (16, 16) (66, 72) (52, 52) (19, 23) (23, 23) (25, 31) (54, 58) (5, 5) (69, 87) (64, 80) (48, 64) (20, 26) (30, 30) (46, 56) (27, 27) (36, 40) 
(86, 106) (24, 26) (56, 56) (61, 73) (70, 84) (58, 64) (54, 56) (86, 88) (17, 23) (59, 61) (37, 43) (20, 26) (17, 17) (23, 25) (32, 42) (50, 54) (41, 51) (82, 110) (18, 20) (44, 48) 
(33, 35) (9, 9) (13, 13) (72, 76) (4, 4) (5, 5) (39, 43) (3, 3) (61, 61) (24, 32) (47, 49) (56, 70) (35, 39) (50, 66) (6, 6) (86, 96) (34, 36) (94, 96) (89, 107) (77, 103) 
(48, 52) (23, 29) (10, 10) (72, 78) (88, 98) (8, 10) (91, 93) (48, 62) (58, 68) (51, 51) (31, 35) (56, 64) (79, 103) (44, 58) (84, 108) (16, 20) (67, 83) (69, 77) (48, 52) (61, 63) 
(24, 32) (35, 47) (83, 101) (57, 57) (9, 11) (5, 5) (82, 88) (36, 46) (85, 111) (12, 12) (59, 65) (38, 40) (49, 57) (49, 53) (79, 83) (55, 57) (37, 41) (5, 5) (82, 98) (60, 70) 
(79, 87) (57, 57) (43, 51) (33, 41) (10, 10) (12, 14) (1, 1) (84, 112) (34, 36) (17, 17) (56, 62) (74, 98) (16, 16) (62, 70) (1, 1) (19, 19) (9, 11) (1, 1) (54, 64) (67, 67) 
(22, 26) (69, 69) (86, 88) (75, 99) (82, 108) (40, 48) (7, 9) (39, 45) (19, 23) (35, 43) (71, 79) (79, 79) (63, 83) (19, 23) (7, 9) (83, 91) (62, 70) (25, 25) (52, 64) (82, 100) 
(43, 47) (29, 29) (95, 95) (49, 61) (55, 69) (87, 107) (68, 86) (2, 2) (42, 44) (63, 73) (85, 103) (20, 20) (53, 69) (70, 86) (61, 69) (69, 71) (38, 46) (63, 75) (52, 66) (37, 39) 
(77, 81) (53, 57) (57, 73) (59, 63) (82, 88) (31, 41) (31, 31) (76, 84) (1, 1) (59, 65) (70, 76) (28, 34) (58, 66) (13, 13) (27, 27) (27, 29) (47, 57) (68, 74) (69, 83) (65, 81) 
(8, 8) (75, 75) (9, 11) (63, 67) (38, 40) (47, 53) (14, 16) (41, 51) (6, 6) (14, 18) (78, 96) (27, 35) (67, 89) (33, 33) (71, 91) (1, 1) (75, 97) (16, 16) (64, 64) (47, 63) 
(41, 49) (48, 54) (66, 66) (26, 30) (55, 57) (40, 44) (90, 96) (5, 5) (90, 108) (16, 16) (69, 83) (30, 34) (29, 29) (30, 36) (20, 26) (57, 73) (52, 52) (94, 104) (88, 94) (12, 12) 
(57, 57) (87, 95) (8, 8) (70, 88) (61, 61) (49, 59) (41, 53) (89, 97) (37, 41) (59, 65) (6, 6) (63, 63) (24, 32) (4, 4) (75, 93) (60, 60) (61, 79) (20, 24) (74, 78) (57, 65) 
(95, 99) (36, 44) (35, 45) (85, 87) (94, 100) (42, 48) (29, 33) (50, 62) (82, 108) (26, 34) (83, 91) (22, 24) (65, 77) (56, 66) (80, 104) (1, 1) (5, 5) (92, 92) (26, 26) (13, 17) 
(24, 24) (50, 66) (57, 67) (38, 44) (11, 11) (15, 19) (42, 48) (66, 80) (2, 2) (50, 64) (62, 68) (45, 57) (74, 76) (57, 61) (95, 99) (86, 90) (48, 56) (7, 9) (52, 66) (66, 76) 
(16, 20) (67, 69) (62, 78) (73, 97) (7, 9) (87, 105) (78, 86) (29, 39) (66, 86) (39, 51) (99, 99) (38, 40) (25, 27) (70, 82) (39, 51) (77, 77) (96, 98) (3, 3) (5, 5) (53, 53) 
(11, 13) (58, 62) (52, 54) (49, 53) (15, 19) (37, 45) (23, 27) (89, 91) (18, 24) (59, 71) (30, 38) (50, 52) (54, 66) (51, 51) (66, 68) (97, 97) (36, 44) (24, 24) (20, 24) (29, 29) 
(26, 32) (36, 36) (82, 100) (64, 72) (63, 65) (2, 2) (6, 6) (60, 70) (43, 45) (47, 53) (21, 21) (58, 70) (6, 6) (90, 108) (44, 44) (12, 14) (41, 43) (12, 12) (15, 15) (42, 42) 
(32, 32) (54, 64) (25, 33) (64, 86) (49, 59) (84, 102) (36, 46) (10, 10) (56, 70) (67, 73) (74, 94) (20, 26) (9, 9) (37, 41) (8, 10) (21, 25) (65, 71) (61, 69) (8, 10) (55, 73) 
(81, 85) (24, 28) (3, 3) (34, 40) (63, 69) (58, 68) (9, 11) (75, 91) (80, 80) (42, 48) (14, 18) (72, 92) (12, 12) (76, 94) (26, 34) (2, 2) (6, 8) (12, 14) (32, 38) (45, 47) 
(21, 21) (29, 29) (50, 50) (5, 5) (6, 6) (6, 6) (79, 97) (50, 50) (49, 51) (63, 67) (64, 72) (71, 71) (43, 47) (47, 55) (47, 57) (49, 57) (37, 37) (1, 1) (8, 10) (40, 42) 
(84, 92) (54, 56) (64, 66) (95, 99) (82, 106) (65, 81) (46, 48) (8, 8) (68, 80) (42, 44) (87, 109) (12, 14) (8, 8) (32, 32) (50, 56) (65, 75) (70, 70) (32, 42) (46, 58) (20, 22) 
(41, 41) (31, 31) (51, 55) (34, 34) (84, 92) (84, 108) (64, 74) (89, 95) (31, 39) (3, 3) (48, 58) (82, 102) (47, 61) (20, 22) (89, 91) (62, 74) (23, 23) (15, 17) (34, 44) (22, 28) 
(32, 38) (49, 49) (2, 2) (30, 38) (87, 91) (31, 41) (78, 84) (27, 31) (90, 108) (92, 100) (5, 5) (27, 29) (84, 110) (11, 11) (69, 89) (79, 103) (60, 70) (5, 5) (86, 102) (89, 99) 
(76, 92) (34, 34) (54, 58) (69, 85) (28, 34) (97, 97) (70, 90) (81, 95) (30, 36) (67, 79) (69, 73) (32, 42) (78, 78) (70, 92) (63, 79) (44, 56) (40, 52) (87, 93) (22, 22) (25, 25) 
(69, 87) (88, 98) (10, 12) (53, 53) (53, 61) (3, 3) (52, 52) (4, 4) (98, 100) (24, 24) (9, 11) (41, 41) (8, 10) (26, 28) (18, 20) (83, 97) (53, 57) (43, 43) (5, 5) (8, 10) 
(17, 23) (45, 47) (49, 65) (60, 66) (64, 76) (64, 64) (53, 57) (26, 34) (23, 29) (6, 6) (67, 73) (42, 54) (83, 99) (85, 109) (68, 86) (86, 102) (76, 100) (71, 79) (47, 57) (69, 85) 
(30, 40) (41, 41) (45, 51) (97, 97) (72, 74) (65, 81) (62, 72) (19, 19) (65, 79) (71, 93) (71, 87) (45, 45) (24, 32) (60, 68) (22, 22) (59, 71) (76, 82) (14, 14) (28, 30) (33, 39) 
(50, 60) (51, 57) (76, 96) (10, 10) (63, 83) (30, 34) (55, 67) (43, 57) (33, 33) (70, 92) (56, 58) (95, 103) (11, 13) (48, 50) (32, 42) (64, 80) (86, 94) (56, 64) (6, 6) (64, 68) 
(30, 40) (30, 38) (83, 111) (21, 25) (66, 72) (50, 62) (36, 40) (13, 17) (60, 74) (65, 85) (45, 59) (89, 93) (52, 58) (51, 61) (65, 81) (71, 89) (77, 99) (22, 28) (17, 23) (64, 66) 
(65, 65) (74, 78) (6, 6) (34, 44) (82, 100) (83, 85) (12, 16) (13, 13) (29, 35) (26, 32) (21, 25) (11, 13) (30, 36) (55, 63) (39, 41) (20, 22) (8, 8) (72, 92) (63, 83) (73, 81) 
(52, 54) (19, 23) (5, 5) (36, 46) (82, 104) (28, 28) (33, 41) (66, 86) (41, 45) (28, 36) (17, 17) (11, 11) (69, 75) (29, 35) (41, 53) (62, 74) (87, 93) (64, 66) (58, 68) (57, 63) 
(78, 104) (74, 88) (69, 83) (38, 50) (29, 31) (75, 93) (52, 56) (25, 27) (18, 20) (88, 98) (82, 84) (6, 8) (41, 47) (7, 9) (5, 5) (59, 73) (50, 66) (88, 108) (75, 87) (34, 38) 
(31, 35) (48, 64) (82, 88) (15, 15) (35, 41) (63, 65) (24, 24) (64, 82) (19, 19) (24, 28) (51, 67) (11, 13) (13, 15) (21, 23) (33, 43) (60, 70) (53, 63) (81, 103) (40, 40) (46, 58) 
(86, 98) (12, 12) (74, 90) (35, 47) (47, 55) (46, 46) (6, 8) (29, 31) (26, 26) (81, 97) (57, 67) (77, 85) (71, 93) (75, 95) (66, 74) (34, 34) (15, 15) (96, 100) (97, 97) (42, 54) 
(11, 11) (10, 10) (70, 76) (44, 56) (3, 3) (14, 18) (21, 27) (86, 90) (85, 103) (11, 11) (52, 64) (4, 4) (57, 75) (55, 61) (39, 45) (60, 78) (97, 99) (50, 50) (24, 26) (42, 50) 
(78, 96) (97, 97) (73, 95) (42, 56) (77, 87) (3, 3) (69, 83) (71, 83) (32, 38) (36, 46) (52, 60) (31, 31) (48, 52) (48, 64) (70, 80) (40, 44) (32, 42) (93, 95) (3, 3) (12, 16) 
(82, 94) (77, 77) (60, 68) (42, 42) (6, 8) (76, 92) (15, 17) (18, 22) (50, 62) (7, 7) (44, 50) (2, 2) (48, 50) (47, 59) (62, 68) (72, 80) (73, 91) (11, 13) (38, 44) (92, 96) 
(72, 96) (85, 113) (53, 69) (24, 32) (59, 59) (57, 71) (47, 55) (66, 88) (24, 28) (41, 45) (64, 80) (63, 63) (67, 69) (4, 4) (79, 93) (79, 95) (75, 79) (7, 9) (45, 49) (35, 41) 
(7, 7) (34, 46) (83, 109) (7, 7) (76, 88) (55, 67) (77, 101) (69, 83) (30, 40) (88, 106) (89, 101) (5, 5) (4, 4) (10, 12) (75, 91) (61, 69) (83, 89) (12, 16) (17, 17) (29, 39) 
(45, 57) (68, 76) (71, 77) (30, 40) (91, 93) (53, 53) (18, 20) (83, 97) (32, 38) (42, 52) (47, 51) (31, 37) (63, 73) (46, 46) (80, 80) (26, 34) (64, 78) (29, 33) (48, 52) (67, 73) 
(29, 33) (67, 75) (42, 48) (67, 83) (40, 40) (84, 90) (55, 55) (18, 24) (16, 20) (19, 23) (1, 1) (5, 5) (17, 17) (83, 83) (54, 62) (63, 73) (60, 72) (88, 90) (35, 35) (58, 76) 
(85, 85) (12, 14) (46, 46) (91, 101) (83, 97) (31, 31) (69, 81) (87, 89) (16, 20) (75, 85) (45, 51) (70, 78) (52, 58) (61, 75) (88, 88) (83, 87) (48, 62) (6, 6) (77, 87) (72, 92) 
(84, 94) (49, 55) (25, 33) (36, 40) (80, 100) (65, 75) (4, 4) (86, 86) (46, 50) (57, 61) (75, 75) (38, 38) (35, 39) (41, 51) (34, 46) (23, 23) (17, 21) (3, 3) (30, 40) (69, 73) 
(58, 70) (56, 64) (80, 92) (14, 14) (53, 69) (84, 90) (43, 51) (76, 90) (64, 68) (75, 81) (83, 97) (74, 86) (78, 82) (55, 61) (8, 8) (14, 14) (41, 45) (4, 4) (1, 1) (3, 3) 
(5, 5) (59, 63) (20, 26) (57, 57) (62, 72) (45, 53) (77, 99) (20, 26) (11, 13) (3, 3) (28, 30) (68, 70) (48, 56) (13, 13) (14, 18) (2, 2) (13, 13) (44, 56) (40, 52) (68, 78) 
(74, 96) (82, 90) (47, 49) (71, 71) (73, 93) (16, 18) (16, 18) (18, 18) (33, 35) (7, 7) (2, 2) (36, 46) (32, 36) (36, 38) (6, 8) (87, 89) (53, 65) (49, 63) (61, 65) (44, 56) 
(56, 62) (46, 52) (73, 89) (12, 14) (25, 33) (17, 21) (5, 5) (66, 88) (67, 75) (11, 11) (59, 77) (77, 103) (60, 64) (93, 99) (60, 80) (28, 34) (50, 60) (70, 90) (48, 62) (84, 86) 
(84, 86) (86, 90) (94, 100) (52, 64) (77, 89) (44, 50) (72, 96) (85, 105) (59, 65) (65, 79) (73, 77) (37, 43) (47, 57) (73, 85) (48, 48) (50, 56) (5, 5) (35, 41) (44, 44) (28, 28) 
(4, 4) (15, 17) (80, 84) (41, 49) (60, 70) (35, 35) (57, 59) (31, 31) (42, 48) (11, 13) (52, 64) (50, 52) (43, 43) (11, 13) (44, 52) (35, 41) (65, 79) (81, 105) (10, 12) (93, 95) 
(39, 45) (47, 51) (81, 87) (78, 102) (16, 16) (78, 78) (80, 86) (77, 87) (7, 7) (97, 101) (19, 25) (14, 14) (54, 72) (81, 81) (71, 85) (7, 7) (31, 31) (13, 15) (54, 64) (33, 33) 
(13, 15) (60, 74) (58, 74) (24, 24) (75, 75) (81, 89) (60, 64) (58, 60) (59, 71) (70, 78) (51, 65) (18, 18) (82, 98) (70, 92) (51, 55) (23, 25) (8, 8) (16, 18) (86, 112) (61, 63) 
(58, 78) (88, 98) (17, 21) (46, 56) (35, 37) (79, 91) (64, 68) (6, 8) (48, 54) (86, 92) (11, 11) (63, 77) (2, 2) (11, 11) (44, 54) (36, 46) (66, 70) (71, 89) (44, 58) (2, 2) 
(79, 105) (14, 18) (6, 6) (20, 24) (86, 100) (77, 101) (29, 29) (31, 37) (59, 65) (19, 19) (53, 69) (18, 18) (81, 101) (15, 17) (27, 27) (4, 4) (65, 73) (2, 2) (6, 8) (72, 94) 
(15, 17) (19, 19) (30, 34) (35, 43) (18, 20) (49, 53) (11, 11) (27, 35) (23, 23) (71, 73) (45, 53) (64, 78) (30, 36) (65, 81) (3, 3) (46, 62) (37, 37) (22, 26) (15, 19) (57, 63) 
TIEMPOS MAXIMOS DE FIN
(10000, 10000) (10000, 10000) (10000, 10000) (10000, 10000) (10000, 10000) (10000, 10000) (10000, 10000) (10000, 10000) (10000, 10000) (10000, 10000) (10000, 10000) (10000, 10000) (10000, 10000) (10000, 10000) (10000, 10000) (10000, 10000) (10000, 10000) (10000, 10000) (10000, 10000) (10000, 10000) (10000, 10000) (10000, 10000) (10000, 10000) (10000, 10000) (10000, 10000) (10000, 10000) (10000, 10000) (10000, 10000) (10000, 10000) (10000, 10000) (10000, 10000) (10000, 10000) (10000, 10000) (10000, 10000) (10000, 10000) (10000, 10000) (10000, 10000) (10000, 10000) (10000, 10000) (10000, 10000) (10000, 10000) (10000, 10000) (10000, 10000) (10000, 10000) (10000, 10000) (10000, 10000) (10000, 10000) (10000, 10000) (10000, 10000) (10000, 10000) (10000, 10000) (10000, 10000) (10000, 10000) (10000, 10000) (10000, 10000) (10000, 10000) (10000, 10000) (10000, 10000) (10000, 10000) (10000, 10000) (10000, 10000) (10000, 10000) (10000, 10000) (10000, 10000) (10000, 10000) (10000, 10000) (10000, 10000) (10000, 10000) (10000, 10000) (10000, 10000) (10000, 10000) (10000, 10000) (10000, 10000) (10000, 10000) (10000, 10000) (10000, 10000) (10000, 10000) (10000, 10000) (10000, 10000) (10000, 10000) (10000, 10000) (10000, 10000) (10000, 10000) (10000, 10000) (10000, 10000) (10000, 10000) (10000, 10000) (10000, 10000) (10000, 10000) (10000, 10000) (10000, 10000) (10000, 10000) (10000, 10000) (10000, 10000) (10000, 10000) (10000, 10000) (10000, 10000) (10000, 10000) (10000, 10000) (10000, 10000) 
// Desviacion Izda: min(0%), max(15%), promedio(6.36414%)
// Desviacion Dcha: min(0%), max(15%), promedio(6.36414%)
