NUMERO DE TRABAJOS
15
NUMERO DE RECURSOS
15
SECUENCIA DE MAQUINAS
12 1 4 9 13 0 11 8 3 5 6 14 10 2 7 
5 1 14 10 13 9 6 12 8 2 7 0 3 4 11 
6 3 10 7 13 4 5 9 8 2 0 1 11 14 12 
10 7 5 0 9 13 2 8 1 14 11 3 12 6 4 
6 12 14 1 7 5 11 0 2 3 8 13 4 9 10 
4 7 6 0 8 13 12 14 3 2 5 9 10 1 11 
10 11 6 9 0 2 1 8 12 7 5 3 13 14 4 
3 10 5 6 8 4 0 14 2 7 9 11 12 1 13 
1 2 6 7 10 12 14 8 0 3 13 5 4 9 11 
12 7 6 14 3 4 0 13 10 8 11 9 5 2 1 
4 3 8 14 2 13 5 6 10 12 7 11 1 9 0 
6 12 7 5 2 4 13 11 8 0 10 3 1 9 14 
12 13 8 7 1 6 0 5 9 10 4 2 14 3 11 
12 1 4 8 6 10 7 3 0 5 13 2 9 14 11 
7 5 0 10 2 3 9 6 11 8 1 4 14 12 13 
DURACIONES
(40, 40) (95, 97) (51, 67) (91, 99) (70, 82) (65, 85) (23, 23) (60, 70) (65, 65) (14, 18) (62, 80) (49, 55) (72, 96) (99, 99) (22, 26) 
(2, 2) (78, 98) (96, 102) (48, 56) (58, 78) (13, 13) (38, 38) (30, 40) (55, 59) (33, 41) (84, 102) (36, 40) (63, 73) (84, 104) (61, 81) 
(84, 90) (42, 50) (12, 16) (79, 95) (26, 34) (70, 88) (57, 67) (34, 40) (49, 59) (1, 1) (91, 103) (16, 16) (2, 2) (45, 57) (82, 110) 
(17, 21) (13, 17) (41, 43) (7, 9) (66, 78) (14, 16) (69, 83) (25, 25) (72, 84) (77, 91) (62, 62) (70, 70) (76, 86) (15, 17) (95, 99) 
(63, 73) (61, 81) (3, 3) (64, 72) (86, 96) (37, 37) (65, 81) (21, 21) (74, 96) (72, 86) (51, 51) (44, 56) (18, 24) (30, 30) (57, 71) 
(12, 16) (1, 1) (26, 32) (62, 82) (6, 6) (29, 33) (85, 111) (49, 51) (77, 89) (2, 2) (83, 89) (29, 37) (32, 34) (96, 100) (59, 59) 
(18, 24) (78, 82) (91, 107) (61, 79) (70, 90) (61, 81) (40, 54) (89, 103) (49, 63) (70, 86) (53, 53) (10, 10) (92, 92) (1, 1) (29, 37) 
(29, 29) (76, 94) (89, 89) (10, 10) (26, 34) (36, 40) (37, 39) (47, 49) (15, 17) (65, 65) (88, 92) (64, 82) (79, 97) (44, 48) (43, 51) 
(37, 37) (8, 10) (45, 53) (22, 24) (1, 1) (71, 85) (34, 44) (13, 17) (8, 10) (41, 41) (35, 35) (74, 92) (7, 9) (54, 68) (55, 65) 
(1, 1) (67, 79) (42, 52) (46, 46) (9, 11) (37, 37) (57, 63) (79, 89) (25, 27) (10, 12) (34, 40) (68, 90) (64, 86) (44, 54) (51, 51) 
(22, 22) (43, 55) (33, 33) (2, 2) (24, 24) (3, 3) (68, 78) (60, 76) (18, 24) (59, 63) (66, 72) (88, 100) (41, 45) (38, 40) (44, 52) 
(80, 82) (45, 47) (19, 23) (20, 26) (75, 97) (19, 19) (57, 71) (52, 52) (22, 22) (45, 55) (11, 11) (67, 79) (72, 82) (14, 18) (70, 80) 
(18, 24) (74, 86) (28, 32) (29, 35) (21, 23) (22, 24) (76, 94) (86, 98) (13, 15) (12, 14) (68, 68) (54, 66) (40, 50) (30, 34) (86, 94) 
(25, 33) (83, 107) (52, 52) (53, 65) (29, 37) (12, 12) (72, 74) (94, 98) (69, 81) (11, 13) (75, 91) (3, 3) (80, 100) (56, 58) (6, 6) 
(84, 104) (16, 20) (48, 60) (40, 44) (67, 73) (27, 31) (41, 45) (44, 56) (69, 81) (61, 79) (39, 41) (47, 49) (1, 1) (26, 28) (11, 13) 
TIEMPOS MAXIMOS DE FIN
(10000, 10000) (10000, 10000) (10000, 10000) (10000, 10000) (10000, 10000) (10000, 10000) (10000, 10000) (10000, 10000) (10000, 10000) (10000, 10000) (10000, 10000) (10000, 10000) (10000, 10000) (10000, 10000) (10000, 10000) 
// Desviacion Izda: min(0%), max(14.8936%), promedio(6.67089%)
// Desviacion Dcha: min(0%), max(14.8936%), promedio(6.67089%)
