NUMERO DE TRABAJOS
15
NUMERO DE RECURSOS
15
SECUENCIA DE MAQUINAS
3 7 6 14 9 8 5 4 10 1 0 12 11 2 13 
1 11 0 5 8 13 3 10 9 2 12 6 4 7 14 
7 3 8 11 0 4 9 13 1 10 6 5 14 12 2 
6 11 5 13 3 2 1 4 9 12 8 0 14 7 10 
1 11 6 5 8 7 12 9 2 14 13 3 0 4 10 
11 2 12 1 14 0 6 9 3 13 7 10 4 5 8 
14 7 11 0 12 8 9 10 3 13 4 1 2 6 5 
7 4 13 5 14 11 2 12 6 1 0 10 9 3 8 
7 4 14 10 3 0 13 8 1 2 6 12 11 9 5 
2 12 10 3 6 5 14 9 13 4 0 11 7 8 1 
11 9 3 7 6 4 0 2 5 1 10 8 13 12 14 
0 4 1 9 2 11 13 10 7 6 8 12 14 3 5 
6 0 4 10 2 14 9 13 11 12 1 8 5 3 7 
5 10 13 2 7 4 8 6 9 0 12 11 1 14 3 
11 2 0 4 14 5 9 10 6 12 8 1 7 3 13 
DURACIONES
(71, 73) (51, 51) (36, 48) (30, 32) (56, 66) (40, 52) (88, 88) (31, 35) (27, 27) (75, 95) (61, 79) (53, 59) (60, 80) (50, 50) (23, 27) 
(17, 21) (77, 81) (73, 85) (40, 54) (37, 43) (66, 68) (37, 49) (63, 67) (75, 93) (55, 67) (28, 32) (52, 60) (17, 21) (78, 104) (66, 70) 
(85, 103) (6, 8) (2, 2) (87, 103) (52, 68) (72, 92) (70, 82) (33, 39) (7, 9) (80, 90) (7, 7) (39, 49) (2, 2) (62, 82) (81, 101) 
(50, 66) (65, 69) (72, 96) (31, 37) (18, 20) (18, 20) (93, 95) (38, 44) (90, 106) (96, 96) (25, 25) (38, 42) (69, 79) (86, 90) (68, 80) 
(39, 51) (57, 63) (8, 8) (29, 29) (29, 35) (42, 42) (22, 28) (4, 4) (64, 78) (79, 79) (82, 104) (25, 31) (30, 30) (15, 19) (37, 49) 
(74, 94) (48, 64) (43, 49) (80, 106) (64, 68) (78, 90) (39, 41) (4, 4) (13, 17) (15, 15) (53, 55) (39, 39) (67, 87) (54, 56) (29, 33) 
(57, 73) (81, 101) (15, 19) (40, 54) (72, 82) (59, 77) (56, 68) (22, 22) (72, 72) (47, 47) (33, 43) (7, 7) (10, 12) (22, 22) (60, 66) 
(11, 13) (20, 22) (59, 61) (41, 43) (21, 23) (84, 84) (59, 61) (46, 58) (23, 27) (51, 55) (49, 57) (56, 56) (25, 33) (76, 90) (30, 34) 
(43, 53) (24, 32) (61, 79) (24, 28) (68, 68) (4, 4) (19, 19) (82, 102) (21, 27) (48, 60) (52, 62) (43, 51) (75, 93) (84, 86) (82, 108) 
(36, 36) (33, 35) (61, 69) (61, 67) (26, 34) (37, 45) (46, 60) (63, 85) (40, 48) (13, 13) (40, 42) (6, 6) (28, 36) (93, 95) (36, 38) 
(58, 66) (8, 10) (76, 102) (36, 38) (27, 29) (22, 24) (13, 13) (58, 62) (42, 50) (93, 95) (82, 88) (65, 79) (16, 20) (69, 89) (11, 11) 
(65, 83) (61, 61) (42, 44) (24, 28) (91, 103) (57, 67) (37, 43) (52, 68) (58, 66) (69, 87) (39, 45) (8, 8) (19, 23) (11, 11) (67, 73) 
(8, 10) (21, 23) (8, 10) (7, 9) (54, 54) (29, 35) (82, 102) (71, 81) (2, 2) (60, 66) (55, 71) (86, 110) (42, 42) (11, 13) (35, 47) 
(63, 71) (7, 7) (90, 92) (48, 56) (75, 99) (4, 4) (1, 1) (51, 61) (72, 92) (46, 48) (31, 39) (7, 9) (82, 102) (38, 40) (11, 11) 
(40, 48) (23, 25) (21, 27) (13, 15) (29, 39) (55, 59) (29, 31) (61, 67) (4, 4) (13, 15) (67, 71) (81, 109) (19, 25) (54, 66) (52, 70) 
TIEMPOS MAXIMOS DE FIN
(10000, 10000) (10000, 10000) (10000, 10000) (10000, 10000) (10000, 10000) (10000, 10000) (10000, 10000) (10000, 10000) (10000, 10000) (10000, 10000) (10000, 10000) (10000, 10000) (10000, 10000) (10000, 10000) (10000, 10000) 
// Desviacion Izda: min(0%), max(14.8936%), promedio(6.92125%)
// Desviacion Dcha: min(0%), max(14.8936%), promedio(6.92125%)
