NUMERO DE TRABAJOS
20
NUMERO DE RECURSOS
15
SECUENCIA DE MAQUINAS
7 12 6 3 8 5 0 9 1 10 2 4 13 14 11 
8 3 12 5 6 9 1 14 4 2 11 0 10 13 7 
1 0 8 4 11 14 12 6 13 9 2 5 7 10 3 
11 13 10 0 4 7 14 5 3 2 9 1 12 8 6 
14 6 2 10 11 5 12 9 3 1 13 4 0 7 8 
7 5 12 13 9 11 1 4 3 6 2 8 0 14 10 
14 13 8 9 1 0 11 4 2 3 10 6 7 12 5 
7 13 4 11 0 10 5 2 6 1 8 12 3 9 14 
5 11 4 1 12 14 13 7 8 6 9 2 0 3 10 
9 4 3 8 14 5 6 13 11 10 12 7 1 2 0 
11 13 6 5 10 3 12 8 2 4 9 1 0 14 7 
11 1 4 7 12 3 5 10 14 2 13 0 6 9 8 
1 5 7 12 13 6 11 4 8 3 14 10 0 9 2 
4 10 7 8 3 13 0 14 11 12 9 6 1 2 5 
8 4 11 13 1 9 0 6 12 5 2 10 3 7 14 
13 8 10 5 6 14 11 7 12 0 1 4 9 2 3 
5 8 13 11 9 14 10 1 12 6 4 7 3 0 2 
2 9 4 0 5 7 8 10 12 11 3 13 6 1 14 
1 4 8 10 6 11 9 5 13 0 7 12 3 14 2 
1 10 13 12 5 4 6 14 11 7 8 2 9 0 3 
DURACIONES
(15, 15) (88, 90) (42, 56) (91, 99) (37, 43) (69, 89) (44, 44) (54, 64) (87, 87) (77, 99) (42, 54) (42, 46) (37, 49) (11, 11) (67, 83) 
(6, 6) (41, 51) (18, 18) (4, 4) (52, 60) (38, 50) (14, 16) (40, 40) (38, 50) (76, 82) (1, 1) (29, 35) (5, 5) (83, 101) (71, 81) 
(73, 83) (41, 49) (52, 70) (48, 50) (24, 28) (32, 40) (86, 102) (70, 90) (43, 55) (49, 57) (4, 4) (47, 55) (74, 90) (34, 38) (73, 79) 
(51, 65) (29, 39) (62, 78) (17, 21) (82, 88) (59, 79) (80, 94) (35, 41) (5, 5) (80, 96) (65, 67) (3, 3) (9, 11) (26, 30) (18, 18) 
(78, 78) (7, 7) (77, 89) (74, 76) (36, 42) (21, 27) (10, 10) (13, 13) (42, 42) (2, 2) (54, 68) (26, 26) (10, 12) (81, 97) (39, 39) 
(70, 90) (78, 98) (13, 13) (82, 102) (10, 12) (55, 69) (36, 48) (3, 3) (6, 6) (33, 39) (42, 56) (95, 101) (37, 43) (57, 61) (13, 17) 
(79, 87) (12, 12) (48, 48) (1, 1) (66, 86) (31, 33) (1, 1) (74, 88) (47, 59) (62, 78) (67, 89) (65, 85) (7, 7) (71, 93) (28, 34) 
(74, 76) (13, 13) (9, 9) (10, 12) (49, 49) (13, 17) (57, 57) (80, 88) (66, 88) (76, 84) (40, 42) (79, 85) (64, 72) (64, 64) (49, 51) 
(34, 44) (58, 70) (83, 93) (8, 10) (97, 97) (86, 112) (25, 29) (45, 51) (17, 19) (42, 56) (44, 56) (24, 28) (54, 54) (80, 80) (69, 85) 
(58, 74) (77, 97) (25, 29) (43, 51) (61, 75) (74, 76) (27, 35) (25, 25) (47, 51) (80, 90) (82, 90) (11, 13) (24, 28) (70, 94) (67, 89) 
(84, 102) (86, 88) (72, 76) (23, 29) (59, 61) (74, 78) (3, 3) (91, 105) (64, 80) (45, 59) (71, 75) (71, 79) (26, 30) (1, 1) (49, 53) 
(76, 82) (12, 14) (14, 14) (26, 28) (12, 16) (5, 5) (50, 66) (28, 36) (37, 39) (59, 75) (70, 70) (84, 88) (25, 31) (88, 100) (31, 35) 
(78, 88) (58, 76) (17, 19) (17, 23) (4, 4) (78, 90) (21, 23) (7, 9) (86, 96) (85, 93) (23, 27) (8, 8) (63, 75) (77, 93) (46, 46) 
(58, 70) (16, 20) (12, 12) (41, 45) (68, 88) (57, 73) (20, 20) (48, 58) (28, 36) (46, 52) (25, 25) (10, 10) (40, 46) (26, 34) (3, 3) 
(90, 108) (26, 32) (49, 51) (89, 109) (46, 60) (58, 72) (22, 24) (47, 51) (83, 99) (1, 1) (83, 89) (6, 8) (62, 74) (62, 80) (86, 92) 
(13, 13) (18, 20) (29, 33) (91, 97) (67, 89) (37, 49) (15, 17) (48, 64) (68, 84) (1, 1) (11, 11) (22, 26) (13, 13) (55, 69) (47, 63) 
(39, 47) (23, 25) (83, 87) (17, 23) (6, 6) (42, 46) (45, 53) (36, 46) (58, 76) (46, 48) (24, 26) (83, 89) (6, 6) (6, 6) (28, 32) 
(64, 72) (82, 102) (14, 16) (71, 89) (25, 33) (70, 74) (19, 25) (37, 45) (48, 50) (36, 36) (91, 103) (78, 82) (20, 26) (72, 82) (4, 4) 
(48, 54) (29, 39) (9, 11) (94, 98) (73, 75) (69, 91) (64, 66) (65, 85) (14, 14) (72, 94) (13, 13) (69, 87) (58, 64) (40, 46) (57, 59) 
(67, 71) (50, 62) (14, 16) (78, 100) (19, 25) (21, 21) (79, 99) (14, 18) (54, 64) (74, 92) (19, 21) (31, 35) (10, 12) (59, 75) (86, 94) 
TIEMPOS MAXIMOS DE FIN
(10000, 10000) (10000, 10000) (10000, 10000) (10000, 10000) (10000, 10000) (10000, 10000) (10000, 10000) (10000, 10000) (10000, 10000) (10000, 10000) (10000, 10000) (10000, 10000) (10000, 10000) (10000, 10000) (10000, 10000) (10000, 10000) (10000, 10000) (10000, 10000) (10000, 10000) (10000, 10000) 
// Desviacion Izda: min(0%), max(15%), promedio(6.70172%)
// Desviacion Dcha: min(0%), max(15%), promedio(6.70172%)
