NUMERO DE TRABAJOS
20
NUMERO DE RECURSOS
15
SECUENCIA DE MAQUINAS
8 1 10 7 9 5 6 3 2 13 4 0 14 11 12 
1 9 4 5 0 11 6 7 12 2 14 8 13 10 3 
6 2 8 9 3 5 4 12 11 7 10 13 0 14 1 
4 9 1 2 13 3 6 0 12 5 10 7 8 11 14 
6 7 9 13 11 1 5 0 12 3 14 2 4 8 10 
2 12 6 13 8 4 1 14 5 9 10 0 3 7 11 
13 2 12 5 11 6 8 4 10 7 1 0 3 9 14 
9 8 14 7 3 10 1 12 4 13 11 6 5 0 2 
14 3 6 8 12 9 4 5 1 7 0 10 2 11 13 
11 4 14 8 13 10 9 0 5 6 2 12 3 1 7 
6 2 8 0 3 5 7 10 14 9 11 13 4 1 12 
9 1 14 0 13 2 7 8 5 11 4 10 6 3 12 
8 11 12 3 7 13 6 1 14 5 9 2 4 0 10 
8 12 7 11 3 14 6 10 5 1 2 9 0 4 13 
10 13 12 8 3 11 5 14 0 4 2 6 1 9 7 
8 6 10 14 1 11 3 5 12 9 2 4 0 7 13 
13 2 8 14 7 0 9 6 3 11 10 5 12 1 4 
0 13 12 6 7 2 11 14 8 3 4 10 1 5 9 
9 6 2 12 0 8 11 4 5 1 7 3 14 10 13 
2 8 6 12 14 10 13 5 0 7 11 9 3 4 1 
DURACIONES
(77, 79) (22, 22) (76, 102) (44, 48) (39, 45) (52, 66) (13, 13) (83, 97) (41, 41) (61, 77) (62, 80) (13, 13) (41, 55) (97, 97) (55, 69) 
(77, 97) (54, 58) (41, 47) (1, 1) (63, 85) (3, 3) (83, 95) (76, 78) (25, 33) (17, 17) (11, 13) (54, 66) (86, 98) (33, 37) (22, 26) 
(49, 65) (6, 6) (71, 75) (33, 39) (51, 63) (23, 27) (82, 106) (18, 24) (43, 49) (82, 96) (42, 52) (2, 2) (54, 60) (64, 70) (48, 62) 
(63, 85) (35, 45) (1, 1) (32, 42) (50, 54) (72, 96) (46, 54) (36, 42) (59, 71) (79, 81) (41, 47) (64, 76) (25, 25) (27, 27) (12, 12) 
(14, 16) (71, 73) (23, 27) (59, 79) (8, 8) (90, 102) (14, 14) (12, 14) (31, 31) (64, 84) (12, 14) (91, 91) (35, 43) (51, 63) (45, 47) 
(85, 105) (2, 2) (58, 78) (19, 25) (34, 46) (31, 35) (31, 41) (31, 33) (46, 54) (31, 33) (9, 11) (60, 66) (83, 87) (16, 16) (1, 1) 
(13, 17) (95, 101) (19, 23) (9, 11) (31, 39) (65, 87) (25, 33) (60, 68) (29, 39) (23, 27) (87, 89) (30, 30) (52, 52) (37, 49) (45, 45) 
(12, 16) (21, 21) (82, 90) (2, 2) (17, 21) (74, 82) (90, 94) (82, 88) (51, 57) (61, 61) (6, 6) (13, 13) (75, 95) (78, 96) (41, 45) 
(7, 9) (58, 58) (58, 76) (15, 17) (93, 105) (30, 36) (12, 16) (41, 53) (19, 23) (77, 77) (64, 64) (26, 32) (64, 82) (9, 11) (43, 51) 
(50, 60) (75, 93) (54, 56) (23, 29) (83, 83) (6, 6) (95, 103) (48, 54) (27, 29) (54, 72) (85, 101) (45, 59) (74, 98) (61, 75) (46, 46) 
(42, 44) (17, 21) (32, 32) (35, 37) (17, 19) (53, 67) (83, 111) (13, 13) (46, 50) (34, 38) (75, 83) (14, 14) (63, 75) (15, 15) (23, 23) 
(11, 13) (58, 78) (31, 41) (69, 75) (80, 100) (68, 68) (27, 29) (12, 14) (17, 19) (62, 74) (46, 52) (46, 58) (47, 53) (56, 70) (10, 10) 
(71, 81) (68, 82) (69, 77) (38, 42) (52, 64) (22, 24) (6, 6) (28, 34) (5, 5) (15, 17) (73, 73) (37, 45) (41, 53) (63, 71) (35, 39) 
(81, 105) (51, 65) (58, 58) (84, 102) (18, 24) (85, 95) (13, 13) (81, 83) (6, 6) (57, 67) (45, 59) (40, 48) (4, 4) (26, 32) (20, 20) 
(88, 108) (58, 74) (56, 70) (60, 66) (68, 74) (8, 10) (10, 10) (83, 105) (85, 101) (67, 87) (46, 48) (39, 41) (23, 25) (88, 104) (54, 58) 
(29, 37) (16, 20) (86, 104) (69, 91) (78, 96) (3, 3) (72, 72) (16, 20) (29, 31) (29, 35) (80, 106) (9, 11) (81, 91) (57, 59) (40, 50) 
(66, 72) (76, 90) (55, 69) (67, 87) (40, 42) (13, 13) (8, 8) (81, 93) (3, 3) (61, 69) (35, 45) (10, 12) (29, 35) (61, 81) (84, 88) 
(18, 24) (70, 84) (74, 78) (77, 77) (57, 65) (80, 84) (66, 86) (39, 45) (6, 6) (82, 94) (44, 58) (43, 57) (29, 29) (62, 64) (16, 20) 
(86, 88) (14, 18) (94, 102) (23, 31) (55, 61) (52, 66) (66, 72) (88, 102) (83, 87) (78, 82) (87, 107) (80, 96) (10, 12) (7, 9) (41, 43) 
(23, 27) (14, 18) (18, 22) (59, 75) (79, 91) (67, 81) (42, 54) (39, 49) (90, 100) (27, 29) (61, 71) (32, 36) (25, 25) (80, 108) (18, 20) 
TIEMPOS MAXIMOS DE FIN
(10000, 10000) (10000, 10000) (10000, 10000) (10000, 10000) (10000, 10000) (10000, 10000) (10000, 10000) (10000, 10000) (10000, 10000) (10000, 10000) (10000, 10000) (10000, 10000) (10000, 10000) (10000, 10000) (10000, 10000) (10000, 10000) (10000, 10000) (10000, 10000) (10000, 10000) (10000, 10000) 
// Desviacion Izda: min(0%), max(15%), promedio(6.90288%)
// Desviacion Dcha: min(0%), max(15%), promedio(6.90288%)
