NUMERO DE TRABAJOS
20
NUMERO DE RECURSOS
20
SECUENCIA DE MAQUINAS
3 2 19 11 10 13 16 15 1 0 12 17 18 9 5 7 14 4 8 6
14 12 4 17 7 2 10 15 8 9 3 6 16 13 11 1 0 5 19 18
18 17 0 13 7 1 11 19 5 3 2 16 15 4 8 14 9 12 10 6
17 10 8 12 5 16 14 11 6 1 9 4 19 0 18 15 3 2 13 7
8 12 1 10 13 15 5 17 9 7 18 3 4 0 2 14 19 11 16 6
6 0 9 16 14 18 17 10 2 13 11 7 19 1 8 3 4 15 12 5
12 1 6 14 11 15 3 10 9 19 5 17 2 4 8 18 7 0 13 16
5 12 19 1 8 13 18 9 10 2 17 3 15 6 16 7 0 4 11 14
2 8 3 10 16 15 0 17 7 13 5 14 12 9 19 6 18 11 4 1
17 2 7 19 11 16 13 10 15 1 5 6 8 9 3 12 18 14 0 4
7 12 8 11 16 15 4 3 14 9 19 2 13 17 6 1 10 18 5 0
4 17 11 16 15 18 14 19 6 7 5 10 13 0 3 9 2 8 1 12
8 16 12 2 5 15 10 17 7 13 4 1 0 3 19 9 18 14 11 6
1 8 18 11 17 9 10 16 19 5 12 4 3 6 7 2 14 0 13 15
13 7 4 0 19 2 14 3 11 17 16 10 1 9 12 6 15 8 5 18
15 0 18 16 8 4 5 14 7 17 1 3 10 19 6 2 13 12 9 11
3 11 2 9 15 1 10 7 19 5 8 13 17 6 0 16 14 12 18 4
17 6 11 5 16 4 12 9 18 0 10 14 7 3 15 1 8 19 2 13
5 6 8 12 2 9 16 13 18 1 7 17 0 15 19 3 11 4 14 10
3 15 10 4 18 1 16 9 12 7 11 0 2 19 13 14 17 5 6 8
DURACIONES
(94, 94) (60, 62) (12, 12) (63, 73) (35, 45) (73, 95) (30, 30) (14, 18) (34, 34) (89, 95) (48, 58) (50, 60) (56, 66) (60, 74) (28, 32) (80, 96) (11, 13) (20, 20) (16, 16) (49, 53)
(21, 23) (73, 77) (26, 32) (80, 94) (44, 50) (44, 52) (19, 23) (44, 48) (70, 84) (33, 37) (10, 10) (87, 97) (8, 10) (70, 80) (37, 43) (86, 92) (82, 90) (31, 35) (2, 2) (1, 1)
(32, 32) (8, 8) (98, 100) (13, 15) (36, 46) (48, 58) (85, 109) (19, 19) (37, 41) (18, 22) (86, 96) (49, 59) (84, 110) (71, 87) (20, 22) (21, 23) (82, 104) (67, 67) (16, 18) (78, 90)
(12, 14) (39, 47) (85, 109) (40, 42) (4, 4) (32, 38) (6, 6) (83, 103) (29, 35) (31, 39) (2, 2) (49, 59) (75, 79) (8, 10) (88, 106) (10, 10) (45, 45) (75, 87) (66, 86) (36, 38)
(23, 29) (67, 73) (29, 37) (51, 65) (34, 42) (70, 84) (75, 97) (51, 55) (44, 50) (19, 21) (65, 77) (61, 77) (91, 99) (4, 4) (21, 25) (77, 101) (76, 98) (20, 20) (64, 70) (61, 69)
(76, 96) (65, 81) (85, 101) (24, 28) (92, 104) (36, 38) (58, 76) (77, 97) (33, 33) (6, 6) (64, 72) (15, 17) (12, 12) (5, 5) (30, 36) (82, 92) (91, 101) (43, 49) (85, 89) (80, 98)
(3, 3) (32, 36) (2, 2) (82, 110) (61, 73) (37, 37) (28, 32) (47, 53) (81, 87) (26, 28) (36, 38) (83, 95) (80, 104) (60, 76) (19, 21) (71, 89) (66, 86) (64, 84) (10, 12) (38, 38)
(56, 64) (85, 109) (41, 43) (63, 83) (25, 31) (66, 72) (77, 103) (41, 47) (27, 27) (48, 60) (23, 25) (33, 39) (82, 82) (13, 13) (31, 35) (78, 82) (40, 48) (87, 111) (69, 91) (76, 88)
(79, 79) (54, 70) (28, 34) (24, 30) (66, 78) (12, 12) (4, 4) (4, 4) (11, 11) (33, 37) (72, 94) (54, 60) (18, 20) (77, 83) (20, 20) (15, 17) (93, 99) (23, 25) (61, 67) (87, 99)
(56, 66) (81, 91) (41, 51) (56, 60) (2, 2) (18, 20) (46, 46) (43, 57) (69, 89) (78, 90) (13, 15) (14, 18) (70, 82) (80, 98) (77, 93) (80, 92) (53, 67) (40, 48) (25, 31) (55, 71)
(9, 11) (44, 44) (24, 28) (58, 64) (82, 102) (30, 30) (19, 19) (24, 30) (22, 22) (76, 96) (20, 24) (54, 70) (74, 76) (10, 10) (76, 80) (3, 3) (96, 98) (85, 91) (10, 10) (44, 48)
(20, 22) (50, 52) (3, 3) (85, 103) (72, 92) (24, 28) (83, 83) (53, 61) (86, 86) (60, 62) (76, 84) (78, 84) (23, 27) (5, 5) (67, 83) (37, 39) (15, 17) (20, 20) (47, 53) (50, 54)
(15, 19) (77, 95) (6, 6) (49, 49) (69, 79) (74, 90) (74, 98) (26, 26) (72, 88) (40, 52) (83, 105) (7, 7) (24, 30) (24, 28) (93, 101) (13, 15) (27, 27) (3, 3) (12, 12) (73, 91)
(43, 49) (19, 23) (1, 1) (93, 105) (74, 92) (22, 22) (2, 2) (37, 47) (55, 67) (77, 81) (17, 17) (63, 71) (59, 63) (66, 78) (48, 50) (85, 97) (33, 43) (27, 29) (34, 34) (14, 14)
(47, 53) (46, 52) (39, 41) (57, 69) (5, 5) (74, 86) (69, 71) (3, 3) (58, 66) (37, 49) (52, 64) (38, 40) (51, 53) (65, 71) (63, 79) (84, 88) (57, 65) (50, 56) (1, 1) (95, 99)
(53, 53) (47, 55) (23, 27) (15, 17) (88, 94) (84, 102) (35, 39) (61, 61) (37, 45) (48, 50) (20, 20) (23, 25) (54, 62) (8, 8) (64, 80) (28, 32) (14, 16) (85, 87) (27, 35) (35, 45)
(63, 81) (72, 82) (32, 36) (45, 45) (78, 88) (74, 96) (17, 21) (5, 5) (71, 83) (65, 85) (53, 69) (81, 97) (77, 77) (42, 46) (32, 32) (86, 86) (38, 42) (21, 25) (35, 35) (57, 57)
(33, 33) (16, 16) (56, 64) (70, 70) (64, 70) (33, 41) (42, 42) (24, 24) (72, 78) (1, 1) (20, 24) (32, 32) (19, 23) (3, 3) (68, 70) (66, 88) (49, 57) (64, 64) (33, 35) (14, 16)
(58, 58) (54, 56) (63, 73) (5, 5) (20, 20) (83, 93) (79, 103) (71, 87) (51, 59) (15, 17) (50, 56) (74, 94) (1, 1) (60, 72) (14, 14) (79, 87) (1, 1) (84, 108) (51, 57) (29, 31)
(71, 89) (80, 82) (8, 10) (43, 55) (29, 35) (19, 19) (81, 103) (62, 68) (81, 95) (63, 65) (4, 4) (65, 71) (74, 84) (20, 22) (82, 86) (86, 98) (58, 74) (45, 57) (72, 94) (93, 99)
TIEMPOS MAXIMOS DE FIN
(1279, 1672) (1201, 1570) (1361, 1779) (1153, 1507) (1427, 1866) (1488, 1946) (1319, 1725) (1504, 1966) (1155, 1511) (1419, 1856) (1180, 1543) (1307, 1710) (1223, 1599) (1205, 1575) (1366, 1786) (1171, 1531) (1450, 1897) (1059, 1385) (1322, 1728) (1589, 2079)
