NUMERO DE TRABAJOS
20
NUMERO DE RECURSOS
20
SECUENCIA DE MAQUINAS
10 9 16 18 17 5 14 2 13 19 12 3 8 4 1 15 0 6 11 7
4 19 5 6 2 7 16 12 9 11 8 13 14 3 1 15 18 17 0 10
10 3 14 0 16 1 2 5 7 15 17 13 19 4 11 12 9 18 8 6
1 8 17 11 0 10 12 5 13 4 6 3 15 7 16 14 9 2 19 18
13 16 18 10 15 4 14 5 19 2 17 0 6 7 3 1 9 12 11 8
5 7 15 19 17 4 12 2 3 18 8 13 0 9 14 10 11 6 1 16
10 3 12 8 9 16 19 6 13 11 17 0 14 18 1 4 15 5 7 2
4 14 18 3 16 7 9 10 17 11 15 0 5 6 19 13 12 1 8 2
8 4 7 5 9 19 3 0 13 14 11 17 16 10 1 2 12 6 18 15
11 19 12 4 18 6 8 13 15 2 0 1 3 17 16 10 5 9 7 14
0 17 1 18 13 12 6 7 2 5 15 10 11 9 19 16 4 14 3 8
0 10 5 8 2 1 15 7 18 3 12 13 9 17 19 11 16 6 14 4
16 13 4 19 18 6 10 5 9 17 1 12 14 8 15 11 3 0 7 2
17 13 4 12 7 0 11 3 2 8 16 18 1 6 14 15 10 19 5 9
12 10 16 5 9 0 6 18 1 2 15 11 14 3 8 7 13 19 17 4
7 1 4 13 16 12 9 3 14 18 0 10 5 17 8 2 19 6 15 11
14 8 18 17 15 19 3 12 16 0 2 1 13 5 10 11 9 7 6 4
8 9 15 7 5 1 0 18 14 2 6 12 17 4 10 19 11 13 16 3
16 4 15 14 8 7 18 19 12 5 6 9 1 2 13 3 0 11 17 10
4 8 2 14 15 6 13 17 12 9 7 5 3 1 0 11 19 10 18 16
DURACIONES
(73, 95) (41, 49) (52, 54) (42, 54) (8, 10) (9, 9) (37, 41) (73, 85) (74, 92) (44, 56) (24, 24) (46, 52) (73, 89) (5, 5) (61, 79) (82, 96) (83, 99) (25, 25) (74, 86) (36, 36)
(68, 82) (42, 54) (6, 6) (32, 32) (62, 74) (21, 25) (38, 50) (19, 23) (37, 47) (13, 13) (73, 75) (30, 32) (59, 65) (87, 95) (64, 66) (64, 68) (24, 28) (88, 104) (89, 105) (48, 54)
(47, 51) (23, 29) (33, 37) (60, 68) (48, 62) (69, 87) (71, 73) (76, 90) (57, 61) (15, 17) (90, 94) (65, 71) (57, 71) (4, 4) (71, 81) (79, 85) (61, 79) (67, 83) (58, 72) (27, 35)
(49, 61) (50, 66) (36, 38) (30, 34) (31, 31) (65, 65) (63, 67) (80, 90) (50, 50) (88, 100) (37, 37) (18, 22) (81, 107) (18, 22) (30, 32) (30, 30) (45, 53) (8, 8) (22, 22) (45, 49)
(81, 81) (59, 77) (2, 2) (64, 74) (37, 39) (7, 7) (80, 82) (70, 88) (76, 76) (92, 96) (63, 67) (11, 11) (91, 105) (38, 38) (90, 100) (91, 95) (9, 9) (20, 22) (16, 18) (71, 87)
(60, 68) (7, 7) (92, 96) (29, 29) (76, 78) (72, 78) (46, 54) (78, 78) (57, 57) (29, 29) (65, 67) (84, 102) (69, 79) (67, 79) (73, 87) (8, 8) (26, 26) (85, 89) (59, 79) (78, 92)
(44, 54) (52, 66) (87, 95) (51, 67) (24, 26) (40, 48) (45, 55) (37, 45) (29, 37) (83, 95) (73, 85) (3, 3) (54, 54) (79, 85) (54, 72) (30, 32) (14, 16) (2, 2) (61, 73) (61, 81)
(4, 4) (19, 21) (23, 23) (30, 36) (60, 70) (42, 46) (56, 58) (20, 20) (81, 105) (22, 24) (17, 19) (8, 8) (66, 78) (53, 55) (16, 20) (85, 101) (43, 43) (16, 20) (55, 57) (21, 21)
(58, 58) (25, 25) (34, 34) (87, 91) (50, 58) (81, 97) (11, 13) (51, 51) (71, 77) (76, 80) (4, 4) (69, 75) (75, 87) (81, 103) (60, 78) (35, 35) (25, 25) (35, 35) (9, 11) (30, 36)
(30, 36) (77, 91) (65, 85) (62, 70) (46, 52) (67, 87) (87, 87) (44, 44) (35, 39) (61, 73) (30, 36) (65, 85) (62, 68) (40, 48) (59, 73) (43, 47) (86, 100) (88, 108) (20, 24) (66, 68)
(17, 17) (26, 26) (54, 54) (23, 27) (79, 105) (33, 35) (43, 51) (71, 89) (23, 25) (83, 101) (64, 86) (60, 76) (76, 92) (69, 75) (79, 89) (92, 96) (66, 72) (91, 101) (34, 34) (29, 29)
(65, 67) (75, 83) (73, 75) (66, 68) (72, 72) (22, 22) (45, 55) (27, 33) (43, 51) (70, 80) (41, 45) (40, 48) (70, 72) (55, 67) (47, 61) (87, 111) (11, 11) (84, 110) (73, 77) (72, 90)
(32, 38) (68, 82) (95, 103) (66, 78) (86, 98) (83, 97) (26, 26) (83, 99) (63, 77) (82, 82) (12, 14) (40, 50) (71, 93) (53, 63) (34, 42) (18, 20) (58, 74) (23, 23) (49, 49) (18, 20)
(81, 83) (65, 83) (39, 41) (29, 37) (9, 9) (33, 33) (25, 27) (40, 48) (16, 20) (67, 79) (37, 45) (87, 105) (39, 39) (88, 94) (86, 92) (11, 11) (1, 1) (2, 2) (63, 75) (10, 10)
(23, 27) (29, 35) (40, 42) (14, 14) (62, 72) (24, 26) (90, 98) (84, 94) (19, 23) (92, 104) (81, 103) (62, 82) (52, 62) (4, 4) (1, 1) (2, 2) (82, 86) (87, 95) (41, 43) (84, 86)
(27, 31) (96, 100) (41, 41) (79, 95) (51, 53) (9, 9) (20, 24) (2, 2) (77, 81) (73, 73) (15, 17) (20, 24) (91, 103) (12, 14) (19, 19) (12, 14) (46, 54) (43, 43) (88, 94) (34, 34)
(88, 94) (39, 43) (42, 52) (57, 65) (61, 71) (28, 34) (87, 97) (42, 42) (19, 19) (87, 109) (35, 37) (28, 30) (8, 8) (22, 28) (5, 5) (86, 94) (59, 65) (62, 64) (16, 18) (21, 25)
(68, 70) (77, 79) (57, 65) (51, 53) (38, 42) (70, 72) (40, 40) (55, 67) (87, 99) (36, 38) (29, 35) (47, 49) (6, 8) (36, 38) (65, 73) (4, 4) (75, 83) (71, 91) (10, 10) (67, 83)
(86, 94) (16, 16) (63, 73) (32, 32) (91, 101) (7, 7) (37, 47) (46, 58) (34, 42) (62, 74) (68, 76) (73, 83) (9, 11) (54, 68) (37, 43) (31, 31) (72, 90) (68, 70) (76, 92) (26, 28)
(83, 99) (16, 18) (71, 79) (7, 7) (44, 44) (9, 11) (30, 34) (73, 83) (9, 9) (65, 73) (42, 48) (83, 91) (77, 103) (47, 53) (38, 46) (2, 2) (19, 23) (57, 67) (90, 96) (84, 92)
TIEMPOS MAXIMOS DE FIN
(1363, 1783) (1340, 1752) (1513, 1978) (1209, 1581) (1457, 1905) (1587, 2075) (1309, 1711) (1017, 1331) (1326, 1734) (1595, 2085) (1554, 2033) (1583, 2070) (1487, 1944) (1145, 1497) (1346, 1761) (1157, 1513) (1229, 1608) (1357, 1774) (1380, 1805) (1315, 1720)
