NUMERO DE TRABAJOS
20
NUMERO DE RECURSOS
20
SECUENCIA DE MAQUINAS
7 13 17 6 8 11 4 3 12 18 9 2 0 1 10 16 15 14 5 19
7 17 16 10 0 15 12 1 2 9 18 5 3 6 19 14 4 11 8 13
11 17 19 0 2 4 8 14 10 3 5 12 18 15 1 16 6 7 9 13
2 7 17 12 1 16 13 6 19 3 18 11 5 0 4 14 8 10 15 9
3 5 12 0 10 17 16 2 7 8 9 18 19 4 13 11 1 6 15 14
9 13 6 0 7 18 12 17 19 10 3 4 16 1 15 8 2 11 14 5
7 3 5 17 14 19 8 9 13 11 1 12 16 0 2 18 15 4 10 6
15 16 12 5 4 9 18 3 8 19 17 6 13 11 0 7 14 10 1 2
2 5 6 19 4 18 1 0 8 9 7 12 13 14 17 15 16 3 10 11
19 0 17 14 7 11 8 6 12 4 10 2 16 13 3 9 1 15 18 5
10 4 14 9 19 6 18 0 13 12 16 5 7 8 17 3 1 2 15 11
4 18 12 15 3 8 19 9 5 6 16 14 10 0 2 1 17 13 11 7
4 5 6 7 11 10 0 17 2 9 14 13 1 16 8 19 15 12 3 18
5 0 17 14 8 12 2 9 18 6 19 3 13 7 4 15 11 1 10 16
10 1 15 5 8 4 9 13 14 2 17 6 3 16 19 11 7 18 0 12
1 5 2 16 11 17 14 8 9 18 4 12 15 19 7 0 13 6 10 3
1 18 2 14 5 8 10 6 19 4 13 9 16 7 11 12 15 0 3 17
11 3 14 7 1 13 18 9 19 12 8 15 4 6 16 17 2 10 0 5
10 2 17 7 8 18 13 6 5 16 0 15 1 3 12 11 9 14 19 4
8 16 0 2 11 10 19 17 7 14 3 4 13 15 6 5 1 9 12 18
DURACIONES
(78, 94) (41, 45) (61, 61) (86, 112) (7, 7) (63, 77) (20, 22) (2, 2) (84, 92) (33, 43) (59, 71) (70, 92) (35, 41) (49, 53) (74, 88) (35, 39) (68, 76) (86, 102) (42, 46) (92, 106)
(79, 81) (58, 74) (80, 100) (80, 86) (82, 96) (7, 7) (54, 56) (16, 18) (13, 13) (41, 49) (25, 31) (69, 77) (40, 48) (64, 66) (48, 52) (83, 85) (63, 77) (69, 73) (28, 36) (82, 100)
(88, 92) (39, 47) (35, 39) (69, 73) (56, 72) (88, 88) (24, 30) (26, 34) (32, 36) (96, 102) (9, 11) (39, 49) (85, 113) (82, 106) (93, 99) (88, 108) (38, 50) (7, 7) (33, 33) (59, 59)
(33, 35) (47, 57) (5, 5) (4, 4) (72, 96) (51, 57) (3, 3) (92, 102) (36, 42) (9, 9) (9, 9) (91, 91) (59, 61) (4, 4) (61, 65) (3, 3) (30, 40) (77, 81) (63, 69) (95, 99)
(51, 53) (45, 57) (68, 76) (22, 26) (90, 102) (49, 59) (51, 51) (58, 64) (88, 96) (73, 89) (72, 76) (43, 55) (24, 24) (58, 60) (4, 4) (19, 23) (74, 82) (2, 2) (3, 3) (49, 49)
(37, 47) (42, 52) (10, 10) (27, 27) (34, 42) (80, 104) (81, 95) (16, 16) (3, 3) (51, 61) (73, 87) (10, 10) (25, 27) (70, 86) (65, 73) (85, 97) (77, 87) (77, 77) (70, 76) (95, 97)
(18, 20) (34, 42) (77, 89) (46, 54) (28, 34) (76, 98) (66, 68) (89, 109) (66, 72) (73, 81) (4, 4) (31, 31) (85, 107) (72, 82) (73, 87) (63, 73) (74, 74) (75, 97) (30, 30) (52, 56)
(23, 27) (45, 49) (9, 11) (15, 17) (76, 90) (61, 63) (3, 3) (35, 41) (87, 87) (17, 21) (95, 101) (2, 2) (56, 60) (27, 33) (22, 22) (51, 59) (75, 85) (64, 74) (75, 79) (38, 42)
(16, 18) (94, 102) (24, 26) (41, 41) (60, 64) (27, 29) (47, 57) (5, 5) (25, 25) (34, 40) (82, 104) (63, 63) (22, 24) (51, 65) (84, 100) (65, 75) (80, 100) (28, 30) (26, 26) (65, 73)
(38, 44) (61, 69) (30, 38) (4, 4) (68, 78) (78, 80) (54, 62) (14, 14) (92, 102) (70, 72) (91, 103) (85, 105) (51, 65) (12, 12) (15, 19) (63, 69) (73, 83) (61, 75) (59, 79) (48, 58)
(24, 30) (81, 85) (18, 22) (12, 12) (79, 93) (31, 37) (35, 37) (25, 31) (57, 69) (35, 39) (20, 26) (50, 50) (79, 101) (5, 5) (17, 17) (74, 86) (32, 38) (4, 4) (36, 46) (71, 91)
(74, 96) (90, 94) (82, 98) (85, 105) (18, 20) (58, 60) (93, 95) (73, 77) (75, 75) (47, 47) (8, 10) (6, 6) (39, 47) (28, 32) (82, 94) (18, 20) (9, 11) (68, 84) (50, 66) (29, 29)
(21, 25) (86, 88) (47, 53) (73, 79) (24, 28) (26, 30) (35, 37) (31, 39) (4, 4) (32, 32) (21, 23) (69, 79) (45, 59) (13, 13) (14, 14) (57, 65) (46, 48) (76, 98) (73, 73) (55, 73)
(73, 87) (43, 43) (40, 50) (86, 98) (67, 69) (57, 75) (57, 63) (32, 42) (56, 64) (44, 58) (36, 46) (61, 61) (88, 108) (56, 62) (90, 100) (37, 39) (66, 68) (11, 13) (95, 95) (19, 25)
(56, 58) (94, 98) (11, 11) (24, 26) (62, 76) (51, 67) (44, 46) (50, 54) (78, 92) (26, 26) (81, 101) (55, 59) (26, 34) (28, 36) (52, 64) (40, 40) (10, 12) (17, 21) (19, 19) (78, 86)
(80, 82) (82, 84) (75, 79) (44, 46) (62, 64) (91, 99) (22, 28) (48, 48) (26, 28) (51, 61) (54, 54) (76, 88) (30, 34) (88, 110) (36, 46) (1, 1) (2, 2) (57, 65) (22, 24) (23, 29)
(43, 51) (9, 9) (86, 94) (26, 30) (60, 76) (20, 26) (62, 70) (45, 47) (75, 75) (93, 99) (68, 68) (57, 63) (44, 48) (31, 39) (9, 9) (80, 98) (93, 99) (39, 45) (2, 2) (86, 86)
(81, 99) (45, 59) (9, 11) (24, 26) (53, 65) (48, 62) (29, 31) (29, 37) (16, 20) (78, 82) (70, 76) (38, 44) (9, 9) (64, 64) (79, 79) (28, 34) (71, 87) (42, 46) (13, 15) (66, 80)
(54, 64) (54, 60) (63, 71) (44, 50) (13, 13) (32, 38) (64, 80) (72, 76) (55, 57) (85, 85) (48, 56) (23, 27) (86, 98) (83, 101) (77, 85) (72, 80) (89, 93) (86, 100) (36, 36) (87, 89)
(28, 28) (79, 99) (3, 3) (69, 81) (29, 33) (76, 98) (58, 74) (62, 72) (34, 34) (17, 21) (30, 30) (86, 96) (47, 59) (75, 87) (13, 13) (14, 16) (59, 59) (17, 17) (82, 88) (10, 12)
TIEMPOS MAXIMOS DE FIN
(1530, 2000) (1498, 1960) (1517, 1983) (1154, 1509) (1296, 1694) (1431, 1871) (1586, 2074) (1197, 1565) (1303, 1705) (1493, 1953) (1107, 1448) (1428, 1868) (1175, 1536) (1547, 2023) (1253, 1638) (1327, 1735) (1405, 1837) (1246, 1630) (1678, 2194) (1240, 1621)
