NUMERO DE TRABAJOS
20
NUMERO DE RECURSOS
15
SECUENCIA DE MAQUINAS
8 13 3 7 10 6 14 12 9 2 0 4 5 11 1 
11 4 6 3 8 9 12 5 13 0 7 10 14 2 1 
14 9 4 0 2 13 6 7 11 1 3 5 10 12 8 
0 12 10 1 11 14 8 5 9 13 2 6 3 4 7 
2 6 4 13 8 12 3 10 9 11 0 7 1 5 14 
1 4 13 7 12 8 3 0 14 5 10 11 9 6 2 
6 12 3 11 0 1 7 13 4 8 5 9 14 10 2 
5 7 14 11 4 3 10 0 1 6 13 12 8 9 2 
3 2 6 4 11 10 0 8 14 7 13 5 1 9 12 
3 11 14 10 2 4 1 13 6 9 5 8 12 7 0 
9 10 6 7 4 12 5 14 13 1 8 0 2 3 11 
7 5 11 14 8 0 13 12 2 9 10 1 4 3 6 
11 0 6 12 5 10 13 3 4 1 9 14 2 8 7 
2 9 4 6 3 7 13 5 12 10 1 11 8 14 0 
6 14 5 8 13 4 1 3 0 7 12 2 10 11 9 
10 14 8 7 6 5 1 13 11 2 3 9 12 0 4 
5 11 1 4 7 6 14 13 8 12 3 2 0 9 10 
4 14 2 6 0 11 7 13 9 1 5 3 8 10 12 
7 14 10 1 5 9 2 4 0 11 13 3 6 12 8 
11 13 7 8 6 0 5 4 10 1 3 2 9 12 14 
DURACIONES
(56, 56) (25, 25) (15, 19) (60, 66) (8, 10) (26, 34) (75, 75) (20, 24) (42, 42) (73, 93) (60, 78) (85, 95) (75, 101) (20, 20) (27, 33) 
(35, 43) (20, 20) (32, 38) (68, 90) (33, 37) (65, 67) (13, 17) (54, 58) (53, 67) (65, 79) (49, 55) (13, 15) (2, 2) (14, 18) (51, 67) 
(5, 5) (30, 32) (50, 60) (63, 77) (45, 53) (62, 78) (81, 103) (37, 43) (12, 14) (13, 15) (46, 52) (29, 31) (44, 56) (66, 88) (72, 90) 
(55, 73) (61, 65) (18, 24) (19, 23) (27, 31) (9, 11) (25, 25) (55, 65) (85, 101) (24, 24) (48, 48) (49, 55) (8, 8) (30, 30) (34, 40) 
(4, 4) (28, 36) (10, 10) (73, 81) (45, 45) (33, 41) (89, 89) (52, 68) (54, 64) (42, 42) (42, 54) (27, 33) (22, 22) (21, 25) (13, 17) 
(12, 16) (9, 11) (63, 73) (82, 108) (41, 43) (27, 31) (43, 45) (20, 26) (58, 64) (56, 58) (45, 45) (86, 110) (29, 31) (25, 29) (12, 14) 
(44, 56) (47, 63) (20, 26) (24, 26) (45, 57) (49, 61) (9, 9) (87, 87) (21, 21) (41, 55) (55, 55) (20, 24) (47, 47) (48, 52) (74, 98) 
(11, 11) (42, 44) (26, 26) (30, 32) (18, 18) (58, 60) (74, 94) (30, 36) (69, 77) (18, 22) (34, 34) (80, 104) (60, 70) (81, 93) (34, 40) 
(8, 10) (17, 23) (10, 12) (21, 21) (11, 11) (86, 106) (81, 107) (81, 101) (84, 100) (88, 106) (25, 31) (54, 56) (76, 102) (34, 34) (58, 64) 
(10, 10) (56, 60) (74, 98) (78, 94) (74, 100) (16, 20) (67, 81) (63, 65) (12, 12) (19, 25) (79, 81) (5, 5) (92, 98) (6, 6) (33, 37) 
(41, 53) (58, 78) (58, 62) (19, 21) (13, 15) (6, 6) (19, 21) (6, 6) (44, 48) (72, 86) (32, 32) (79, 85) (6, 8) (63, 85) (47, 61) 
(19, 21) (88, 110) (55, 55) (76, 80) (31, 39) (25, 27) (21, 25) (81, 93) (76, 96) (24, 26) (87, 109) (1, 1) (15, 17) (31, 35) (46, 54) 
(33, 37) (32, 36) (59, 73) (44, 50) (43, 53) (47, 57) (33, 33) (70, 84) (34, 42) (61, 69) (55, 61) (62, 80) (12, 16) (84, 86) (12, 14) 
(74, 96) (81, 91) (15, 15) (67, 69) (30, 34) (72, 94) (72, 88) (71, 91) (10, 10) (11, 13) (27, 35) (34, 42) (75, 81) (42, 46) (17, 19) 
(57, 63) (51, 65) (15, 17) (21, 27) (55, 59) (8, 8) (39, 43) (36, 42) (27, 29) (48, 64) (32, 42) (31, 37) (34, 44) (62, 76) (52, 52) 
(68, 84) (83, 91) (81, 101) (12, 14) (4, 4) (29, 35) (54, 62) (61, 63) (72, 94) (46, 50) (37, 45) (32, 40) (59, 77) (27, 29) (12, 12) 
(1, 1) (65, 69) (92, 104) (39, 43) (75, 93) (31, 37) (77, 95) (64, 86) (91, 95) (72, 94) (60, 72) (91, 95) (47, 47) (55, 61) (63, 65) 
(53, 69) (46, 52) (33, 37) (80, 104) (73, 95) (56, 58) (31, 31) (43, 57) (53, 53) (10, 12) (71, 77) (7, 9) (13, 15) (11, 13) (48, 52) 
(18, 20) (87, 91) (65, 69) (9, 11) (68, 82) (43, 55) (65, 85) (65, 67) (33, 41) (68, 86) (85, 103) (53, 67) (36, 40) (48, 56) (53, 69) 
(26, 32) (70, 76) (60, 64) (18, 20) (92, 106) (92, 98) (2, 2) (34, 44) (65, 75) (81, 99) (10, 10) (60, 60) (19, 23) (35, 45) (15, 19) 
TIEMPOS MAXIMOS DE FIN
(10000, 10000) (10000, 10000) (10000, 10000) (10000, 10000) (10000, 10000) (10000, 10000) (10000, 10000) (10000, 10000) (10000, 10000) (10000, 10000) (10000, 10000) (10000, 10000) (10000, 10000) (10000, 10000) (10000, 10000) (10000, 10000) (10000, 10000) (10000, 10000) (10000, 10000) (10000, 10000) 
// Desviacion Izda: min(0%), max(15%), promedio(7.02771%)
// Desviacion Dcha: min(0%), max(15%), promedio(7.02771%)
