NUMERO DE TRABAJOS
20
NUMERO DE RECURSOS
15
SECUENCIA DE MAQUINAS
7 0 12 4 1 9 2 11 10 14 5 6 13 3 8 
4 8 7 3 9 13 12 0 11 10 1 6 5 14 2 
1 4 7 13 3 8 10 5 12 14 9 6 2 0 11 
5 11 9 12 7 1 6 13 8 2 0 14 3 4 10 
4 11 12 1 0 9 6 13 2 14 5 10 3 8 7 
2 6 3 8 14 0 4 10 11 1 7 13 12 5 9 
4 14 5 10 8 7 6 1 0 12 9 13 11 3 2 
7 10 11 14 3 2 4 5 1 12 9 6 13 0 8 
14 11 0 13 3 2 1 8 5 7 4 12 6 10 9 
0 5 12 1 13 10 9 4 2 8 14 11 7 6 3 
4 3 8 12 9 11 2 14 5 7 13 6 10 1 0 
9 6 1 0 14 7 13 12 2 11 5 8 10 3 4 
4 3 0 14 13 9 7 2 11 8 10 1 6 12 5 
12 10 3 6 4 5 0 7 2 8 13 11 14 9 1 
14 7 5 8 11 0 2 13 12 4 6 1 10 9 3 
6 14 12 2 7 5 8 13 11 9 0 3 4 1 10 
9 5 14 10 12 1 4 13 0 11 3 2 7 6 8 
9 12 4 14 11 8 0 7 5 3 1 10 6 13 2 
12 2 3 14 5 1 6 11 13 9 7 10 8 0 4 
3 12 10 5 14 0 9 8 13 6 11 1 7 2 4 
DURACIONES
(83, 85) (58, 58) (61, 81) (25, 27) (91, 105) (31, 41) (12, 12) (28, 32) (87, 87) (83, 107) (40, 50) (27, 29) (63, 83) (73, 73) (41, 49) 
(26, 32) (22, 22) (43, 51) (64, 86) (87, 101) (15, 15) (4, 4) (70, 94) (14, 14) (31, 39) (72, 86) (32, 36) (53, 61) (21, 25) (48, 64) 
(71, 75) (33, 39) (43, 53) (24, 28) (43, 55) (52, 68) (14, 16) (61, 71) (81, 99) (37, 41) (8, 8) (65, 83) (54, 72) (83, 105) (78, 104) 
(1, 1) (34, 36) (20, 26) (86, 100) (69, 81) (46, 54) (40, 40) (55, 65) (37, 45) (7, 7) (57, 57) (68, 76) (37, 43) (74, 76) (6, 8) 
(12, 14) (14, 16) (16, 18) (14, 14) (59, 75) (94, 94) (16, 20) (47, 57) (53, 53) (14, 18) (30, 36) (60, 62) (42, 52) (56, 74) (35, 43) 
(46, 62) (74, 86) (74, 100) (35, 37) (50, 58) (70, 74) (15, 19) (42, 46) (36, 38) (88, 88) (67, 87) (82, 86) (16, 18) (71, 93) (80, 100) 
(4, 4) (53, 71) (29, 37) (58, 66) (75, 97) (27, 33) (39, 39) (67, 67) (42, 42) (27, 35) (83, 83) (35, 43) (67, 67) (64, 70) (27, 35) 
(28, 30) (29, 29) (67, 71) (25, 27) (55, 55) (45, 47) (47, 59) (59, 71) (92, 102) (22, 26) (69, 69) (19, 25) (16, 18) (37, 41) (12, 14) 
(11, 13) (64, 82) (32, 40) (70, 70) (12, 12) (71, 89) (86, 112) (63, 77) (47, 55) (13, 15) (64, 78) (28, 28) (30, 40) (58, 58) (34, 36) 
(57, 65) (47, 51) (63, 85) (82, 98) (51, 69) (75, 101) (3, 3) (54, 66) (58, 60) (91, 97) (80, 102) (34, 34) (26, 26) (4, 4) (25, 27) 
(79, 99) (77, 103) (92, 98) (31, 33) (17, 19) (70, 76) (9, 9) (18, 20) (96, 98) (56, 60) (32, 40) (53, 71) (12, 14) (16, 16) (1, 1) 
(63, 79) (47, 47) (92, 98) (6, 8) (59, 67) (45, 53) (23, 25) (41, 51) (68, 76) (65, 81) (18, 20) (90, 102) (37, 45) (14, 16) (77, 85) 
(40, 50) (9, 9) (88, 106) (56, 68) (77, 77) (71, 85) (62, 78) (18, 20) (82, 90) (13, 17) (20, 26) (46, 46) (29, 35) (6, 6) (61, 79) 
(70, 78) (45, 47) (96, 100) (1, 1) (49, 57) (51, 67) (78, 94) (87, 109) (74, 78) (11, 13) (79, 103) (87, 109) (94, 102) (11, 11) (25, 29) 
(70, 76) (62, 78) (13, 15) (28, 36) (19, 19) (56, 58) (16, 18) (88, 104) (54, 58) (63, 83) (28, 36) (6, 8) (69, 89) (9, 11) (90, 92) 
(35, 43) (83, 91) (10, 12) (69, 93) (6, 8) (74, 84) (24, 24) (8, 10) (56, 60) (38, 46) (59, 75) (23, 31) (20, 20) (18, 20) (65, 69) 
(71, 81) (84, 94) (57, 71) (13, 15) (10, 12) (12, 16) (97, 101) (74, 96) (74, 88) (3, 3) (45, 47) (47, 47) (37, 43) (79, 83) (23, 31) 
(52, 58) (66, 76) (5, 5) (71, 95) (14, 18) (4, 4) (20, 20) (15, 15) (51, 69) (8, 8) (81, 105) (32, 34) (55, 71) (67, 75) (25, 33) 
(87, 97) (23, 27) (8, 8) (84, 88) (20, 24) (72, 86) (20, 26) (84, 108) (24, 24) (84, 104) (85, 109) (16, 18) (43, 53) (62, 72) (43, 51) 
(5, 5) (67, 87) (65, 83) (56, 62) (13, 13) (53, 61) (58, 66) (36, 38) (46, 62) (64, 74) (71, 89) (34, 36) (87, 89) (42, 52) (87, 109) 
TIEMPOS MAXIMOS DE FIN
(10000, 10000) (10000, 10000) (10000, 10000) (10000, 10000) (10000, 10000) (10000, 10000) (10000, 10000) (10000, 10000) (10000, 10000) (10000, 10000) (10000, 10000) (10000, 10000) (10000, 10000) (10000, 10000) (10000, 10000) (10000, 10000) (10000, 10000) (10000, 10000) (10000, 10000) (10000, 10000) 
// Desviacion Izda: min(0%), max(15%), promedio(6.99717%)
// Desviacion Dcha: min(0%), max(15%), promedio(6.99717%)
