NUMERO DE TRABAJOS
20
NUMERO DE RECURSOS
20
SECUENCIA DE MAQUINAS
7 4 0 10 17 18 16 15 3 11 5 6 9 19 12 8 14 13 2 1
3 19 17 14 11 1 2 7 16 13 9 5 8 0 18 10 6 4 15 12
15 0 4 8 2 14 18 12 7 5 6 16 17 11 10 13 19 9 1 3
17 7 12 9 0 13 1 14 2 16 10 18 8 4 6 15 19 5 3 11
19 6 5 15 13 4 2 18 3 16 11 14 1 17 8 9 7 10 12 0
14 0 5 18 11 2 12 7 6 13 4 19 15 1 3 10 16 17 9 8
8 14 18 7 6 3 1 11 17 10 15 19 4 2 16 13 9 0 5 12
17 18 13 15 5 8 19 16 0 2 7 3 1 9 11 14 6 10 4 12
11 0 9 18 1 19 16 12 6 10 7 14 15 8 4 13 17 5 2 3
0 8 18 4 13 14 1 7 19 15 16 10 3 6 11 5 12 17 9 2
16 6 3 8 10 1 19 17 0 13 2 4 5 12 9 15 7 18 11 14
4 7 16 10 9 0 18 1 19 8 14 2 13 11 6 5 12 15 3 17
12 13 2 18 9 8 0 10 7 3 15 17 6 16 14 5 4 11 1 19
17 18 5 8 2 4 9 15 7 10 3 12 13 16 14 1 0 6 11 19
12 7 10 2 18 4 19 14 13 3 6 1 5 16 15 8 9 0 11 17
0 3 15 1 16 13 14 7 18 10 5 11 6 19 2 17 8 9 12 4
3 15 1 4 2 11 13 17 18 14 16 0 6 8 12 5 9 19 7 10
2 17 10 1 19 12 6 8 15 14 5 9 3 18 11 13 0 4 16 7
11 3 19 1 15 14 8 6 4 16 0 5 13 10 17 2 18 12 7 9
2 17 9 10 3 5 1 0 16 14 15 12 11 8 18 4 13 19 6 7
DURACIONES
(30, 36) (8, 8) (74, 88) (61, 75) (28, 28) (79, 103) (86, 96) (72, 76) (7, 7) (7, 7) (18, 20) (46, 54) (59, 71) (46, 60) (9, 9) (85, 95) (60, 78) (46, 54) (57, 59) (12, 14)
(65, 73) (10, 10) (53, 63) (10, 10) (91, 91) (5, 5) (34, 40) (9, 9) (82, 104) (92, 96) (44, 48) (52, 58) (87, 111) (25, 31) (82, 108) (92, 96) (4, 4) (46, 56) (54, 64) (10, 10)
(79, 79) (70, 70) (31, 39) (70, 94) (33, 37) (72, 96) (33, 35) (84, 90) (90, 92) (66, 72) (12, 12) (29, 33) (87, 101) (56, 74) (13, 13) (15, 17) (34, 44) (41, 51) (4, 4) (71, 77)
(45, 55) (37, 43) (76, 86) (47, 47) (90, 102) (60, 74) (85, 103) (49, 57) (21, 23) (17, 17) (21, 25) (23, 25) (59, 73) (14, 16) (48, 64) (72, 96) (72, 86) (24, 26) (12, 14) (66, 78)
(7, 7) (75, 87) (55, 69) (44, 56) (82, 100) (68, 86) (31, 33) (10, 10) (73, 83) (73, 83) (19, 23) (76, 80) (21, 21) (10, 10) (83, 93) (22, 24) (91, 93) (32, 36) (83, 93) (42, 54)
(61, 71) (63, 79) (52, 58) (23, 27) (41, 45) (21, 27) (78, 96) (59, 59) (83, 97) (60, 66) (87, 93) (22, 22) (6, 6) (47, 53) (9, 9) (17, 19) (19, 19) (47, 57) (72, 94) (60, 72)
(65, 67) (39, 39) (10, 10) (73, 87) (49, 61) (38, 38) (29, 29) (41, 41) (63, 63) (31, 33) (83, 99) (26, 28) (71, 73) (69, 73) (58, 64) (34, 36) (17, 17) (25, 27) (41, 43) (61, 67)
(11, 11) (29, 37) (77, 91) (11, 13) (16, 20) (56, 58) (39, 47) (22, 26) (70, 84) (79, 91) (62, 62) (46, 52) (5, 5) (42, 50) (80, 106) (80, 90) (89, 95) (28, 32) (63, 65) (70, 84)
(36, 40) (28, 32) (31, 31) (22, 28) (86, 94) (72, 86) (3, 3) (47, 57) (83, 91) (27, 33) (85, 89) (4, 4) (54, 60) (40, 46) (50, 60) (20, 22) (27, 33) (1, 1) (68, 76) (66, 84)
(9, 9) (43, 55) (87, 95) (35, 43) (35, 45) (56, 62) (18, 22) (26, 28) (67, 67) (21, 23) (2, 2) (42, 52) (79, 103) (11, 11) (68, 72) (84, 110) (77, 79) (67, 71) (17, 17) (37, 43)
(51, 63) (31, 33) (65, 69) (24, 28) (22, 24) (51, 59) (14, 14) (67, 87) (77, 77) (82, 82) (33, 35) (1, 1) (64, 64) (89, 91) (32, 42) (41, 53) (25, 29) (49, 59) (3, 3) (87, 101)
(24, 26) (30, 36) (11, 13) (27, 27) (28, 36) (43, 55) (31, 39) (5, 5) (72, 74) (3, 3) (25, 31) (50, 58) (43, 47) (30, 34) (50, 56) (87, 111) (83, 87) (76, 96) (13, 13) (95, 103)
(61, 67) (70, 84) (74, 90) (32, 32) (75, 75) (32, 32) (67, 69) (15, 17) (61, 65) (80, 82) (30, 32) (57, 59) (64, 82) (12, 12) (22, 28) (58, 70) (86, 110) (72, 72) (47, 47) (76, 92)
(15, 19) (97, 99) (99, 99) (35, 43) (63, 83) (77, 87) (1, 1) (43, 43) (42, 54) (55, 69) (43, 45) (47, 53) (43, 45) (71, 73) (86, 92) (41, 49) (39, 49) (21, 21) (76, 82) (52, 68)
(79, 95) (63, 63) (8, 8) (19, 21) (78, 98) (82, 94) (70, 84) (80, 96) (46, 46) (28, 32) (43, 45) (37, 47) (82, 86) (40, 42) (73, 75) (51, 53) (24, 26) (75, 99) (39, 47) (73, 81)
(38, 40) (88, 98) (38, 50) (23, 23) (68, 82) (7, 7) (57, 63) (43, 47) (71, 71) (48, 50) (3, 3) (64, 72) (56, 56) (20, 20) (32, 38) (8, 8) (70, 88) (20, 22) (43, 53) (42, 44)
(64, 86) (92, 92) (81, 85) (45, 51) (7, 7) (92, 106) (43, 43) (89, 99) (6, 6) (33, 35) (46, 50) (60, 60) (33, 33) (15, 17) (33, 35) (99, 99) (79, 87) (10, 12) (73, 87) (39, 47)
(96, 98) (70, 90) (2, 2) (35, 39) (31, 31) (34, 40) (52, 64) (11, 11) (23, 25) (76, 92) (10, 10) (28, 32) (89, 105) (89, 89) (41, 53) (36, 38) (64, 82) (11, 11) (84, 96) (54, 54)
(1, 1) (91, 103) (64, 72) (8, 8) (7, 7) (67, 77) (37, 39) (46, 54) (39, 45) (30, 34) (54, 54) (90, 98) (30, 32) (48, 56) (68, 84) (19, 21) (27, 31) (53, 59) (34, 38) (15, 17)
(27, 31) (27, 35) (49, 49) (88, 94) (7, 7) (34, 40) (79, 93) (70, 80) (19, 23) (41, 51) (43, 51) (1, 1) (16, 16) (27, 31) (42, 52) (75, 87) (51, 53) (39, 49) (86, 104) (78, 80)
TIEMPOS MAXIMOS DE FIN
(1253, 1638) (1322, 1728) (1378, 1802) (1331, 1740) (1389, 1817) (1297, 1696) (1246, 1630) (1361, 1779) (1183, 1547) (1228, 1606) (1249, 1633) (1154, 1509) (1500, 1961) (1443, 1887) (1513, 1978) (1153, 1507) (1414, 1849) (1298, 1698) (1142, 1494) (1251, 1637)
