NUMERO DE TRABAJOS
20
NUMERO DE RECURSOS
20
SECUENCIA DE MAQUINAS
9 6 2 14 18 13 0 1 10 19 17 16 11 15 7 8 12 4 5 3
10 5 17 19 4 11 9 12 0 7 8 15 1 6 13 14 2 3 16 18
6 8 19 10 14 5 4 17 2 11 15 0 7 3 1 13 9 12 16 18
11 4 17 15 8 13 9 6 16 19 0 7 1 10 18 3 2 5 12 14
11 19 16 0 8 5 2 10 18 13 9 3 12 15 7 4 1 17 6 14
11 9 16 7 6 15 1 19 10 18 8 17 2 14 4 12 13 3 0 5
3 12 2 7 16 14 15 9 19 18 1 5 0 10 11 8 13 6 17 4
18 12 0 9 3 7 16 8 4 17 11 10 5 2 14 15 6 19 1 13
0 17 8 12 6 15 13 1 9 5 11 2 18 3 7 4 16 10 19 14
11 18 5 6 0 10 2 1 15 14 3 12 4 19 16 8 13 7 17 9
13 7 6 17 15 10 2 19 12 11 1 16 8 14 3 0 5 4 9 18
6 19 12 13 5 10 9 18 14 16 7 11 0 2 3 15 4 17 1 8
6 9 10 14 12 5 11 7 2 17 19 4 15 0 1 13 16 3 18 8
11 19 5 7 10 9 15 4 2 14 6 12 0 13 16 17 1 18 3 8
9 19 5 10 4 11 0 6 2 3 7 13 1 18 8 15 16 14 17 12
7 4 6 2 3 18 0 5 1 8 13 17 11 14 19 16 12 15 10 9
15 12 5 2 8 7 14 9 4 3 13 6 16 17 19 1 11 10 18 0
19 13 9 5 6 4 8 3 15 10 2 12 0 1 18 16 14 11 7 17
7 17 5 12 4 14 13 2 18 9 1 11 0 6 16 10 15 8 19 3
8 14 11 18 15 16 19 13 17 1 9 5 6 0 3 4 10 2 7 12
DURACIONES
(14, 14) (54, 70) (28, 36) (78, 84) (64, 66) (51, 55) (29, 33) (85, 111) (34, 34) (25, 29) (60, 60) (38, 48) (28, 32) (22, 26) (61, 61) (38, 42) (7, 7) (14, 16) (49, 51) (10, 10)
(12, 12) (38, 46) (67, 71) (12, 12) (74, 94) (22, 26) (76, 98) (60, 78) (45, 45) (35, 39) (38, 38) (68, 76) (53, 55) (62, 70) (41, 49) (4, 4) (56, 66) (18, 22) (48, 50) (17, 17)
(55, 65) (43, 47) (33, 35) (73, 75) (64, 66) (64, 86) (85, 99) (63, 75) (35, 45) (23, 29) (64, 74) (30, 30) (18, 18) (77, 99) (44, 54) (61, 75) (24, 26) (1, 1) (88, 102) (23, 27)
(72, 82) (56, 66) (42, 42) (57, 73) (89, 109) (75, 87) (78, 90) (31, 35) (8, 8) (19, 23) (26, 26) (52, 64) (85, 97) (7, 7) (94, 96) (85, 97) (87, 95) (14, 14) (46, 46) (43, 55)
(59, 65) (86, 90) (2, 2) (11, 13) (63, 73) (88, 110) (45, 47) (33, 37) (76, 98) (53, 53) (60, 60) (50, 58) (96, 102) (57, 61) (10, 10) (31, 37) (60, 74) (29, 33) (52, 52) (49, 57)
(21, 21) (89, 95) (29, 37) (7, 9) (9, 9) (44, 58) (40, 48) (1, 1) (69, 69) (77, 89) (15, 19) (76, 96) (48, 54) (87, 103) (35, 45) (30, 34) (75, 93) (52, 56) (3, 3) (28, 34)
(40, 52) (82, 92) (42, 48) (57, 67) (9, 11) (17, 21) (3, 3) (66, 72) (50, 52) (50, 62) (20, 20) (49, 53) (35, 47) (12, 12) (6, 6) (43, 47) (17, 17) (2, 2) (84, 102) (38, 40)
(10, 10) (81, 83) (39, 49) (22, 22) (9, 9) (54, 56) (27, 31) (3, 3) (3, 3) (70, 84) (77, 79) (42, 44) (8, 10) (75, 93) (1, 1) (10, 12) (52, 66) (90, 104) (21, 25) (77, 89)
(3, 3) (77, 101) (31, 37) (4, 4) (84, 104) (10, 10) (88, 92) (15, 17) (16, 20) (49, 61) (59, 79) (36, 42) (93, 105) (69, 85) (59, 71) (51, 59) (24, 30) (78, 90) (84, 104) (2, 2)
(84, 86) (88, 108) (6, 6) (71, 77) (24, 24) (53, 55) (82, 88) (7, 7) (54, 66) (47, 51) (79, 105) (53, 65) (23, 29) (90, 104) (81, 93) (26, 30) (78, 84) (43, 49) (4, 4) (75, 89)
(43, 55) (96, 102) (92, 92) (51, 59) (38, 38) (22, 24) (94, 100) (40, 44) (82, 106) (85, 105) (85, 101) (31, 31) (78, 104) (3, 3) (28, 32) (28, 28) (55, 57) (20, 22) (50, 52) (20, 24)
(46, 56) (57, 73) (69, 73) (71, 91) (50, 62) (42, 48) (36, 46) (24, 28) (52, 52) (84, 92) (92, 102) (3, 3) (32, 32) (15, 17) (1, 1) (12, 14) (8, 8) (44, 56) (57, 75) (5, 5)
(93, 93) (68, 88) (83, 97) (23, 27) (80, 86) (35, 45) (75, 91) (61, 73) (53, 65) (88, 92) (86, 96) (44, 56) (21, 23) (9, 9) (12, 12) (26, 30) (28, 28) (35, 45) (43, 43) (26, 32)
(58, 72) (28, 32) (13, 15) (31, 35) (46, 54) (89, 93) (18, 20) (47, 53) (83, 89) (79, 87) (12, 14) (44, 54) (26, 34) (42, 44) (41, 51) (63, 71) (6, 6) (73, 81) (85, 89) (60, 68)
(79, 105) (88, 104) (73, 79) (39, 45) (35, 43) (16, 18) (44, 48) (52, 70) (15, 19) (28, 30) (59, 79) (54, 62) (64, 74) (97, 99) (56, 64) (96, 98) (70, 82) (39, 43) (52, 58) (31, 33)
(34, 40) (37, 39) (71, 83) (4, 4) (68, 76) (30, 32) (32, 32) (88, 108) (40, 48) (57, 73) (15, 17) (72, 96) (58, 62) (82, 94) (18, 22) (60, 60) (88, 96) (84, 98) (72, 72) (58, 58)
(14, 16) (37, 37) (46, 56) (9, 9) (15, 15) (14, 14) (71, 75) (82, 104) (72, 86) (61, 65) (21, 21) (61, 75) (9, 9) (46, 56) (22, 28) (54, 60) (37, 45) (46, 56) (72, 88) (19, 21)
(44, 56) (44, 56) (17, 21) (75, 87) (1, 1) (6, 6) (14, 16) (30, 30) (19, 19) (31, 41) (62, 66) (70, 82) (35, 45) (32, 32) (72, 82) (57, 67) (50, 54) (7, 7) (90, 104) (35, 45)
(28, 30) (30, 40) (6, 8) (55, 63) (1, 1) (65, 65) (85, 99) (34, 44) (50, 62) (90, 96) (26, 32) (51, 57) (36, 46) (53, 55) (7, 7) (79, 91) (64, 84) (68, 90) (64, 80) (69, 89)
(30, 32) (9, 9) (68, 84) (47, 61) (43, 45) (35, 43) (43, 53) (17, 17) (4, 4) (12, 14) (76, 98) (21, 27) (63, 73) (78, 90) (78, 86) (1, 1) (4, 4) (52, 68) (52, 60) (51, 65)
TIEMPOS MAXIMOS DE FIN
(1088, 1422) (1179, 1541) (1362, 1781) (1480, 1936) (1392, 1820) (1175, 1536) (1006, 1315) (1068, 1397) (1331, 1740) (1487, 1944) (1443, 1887) (1127, 1473) (1378, 1802) (1303, 1705) (1521, 1989) (1480, 1936) (1133, 1482) (1110, 1451) (1365, 1785) (1116, 1460)
