NUMERO DE TRABAJOS
20
NUMERO DE RECURSOS
15
SECUENCIA DE MAQUINAS
1 6 10 14 7 5 13 4 3 8 0 9 12 2 11 
0 9 3 2 8 5 14 12 6 11 10 7 4 1 13 
1 6 2 11 3 4 10 9 12 8 7 5 0 14 13 
12 14 8 9 5 3 0 1 13 10 6 11 4 7 2 
14 10 8 6 0 4 5 9 11 3 7 13 1 12 2 
8 2 9 12 3 0 13 14 5 11 7 1 4 6 10 
5 3 8 7 0 12 4 2 14 6 10 11 9 1 13 
5 8 12 1 7 4 2 9 6 14 13 0 3 10 11 
14 8 7 12 6 10 0 1 11 9 5 4 2 3 13 
0 14 2 5 10 4 9 7 11 6 3 13 1 12 8 
1 3 11 0 9 5 2 14 6 7 8 12 13 10 4 
12 8 3 10 2 0 7 9 14 5 4 1 11 13 6 
1 6 14 2 11 4 8 3 13 10 0 9 12 7 5 
1 4 9 3 11 14 8 0 13 10 2 6 5 7 12 
2 7 3 1 8 4 14 11 12 5 10 0 13 6 9 
10 2 4 6 1 9 7 12 3 11 13 14 5 8 0 
2 0 5 14 4 6 11 10 8 7 13 1 3 9 12 
3 0 11 14 5 10 4 13 9 6 8 1 7 2 12 
1 0 7 5 9 8 14 13 2 10 4 3 12 11 6 
1 12 14 4 7 9 8 3 6 0 10 2 11 13 5 
DURACIONES
(69, 71) (6, 6) (29, 29) (47, 63) (14, 14) (31, 35) (58, 74) (14, 14) (6, 8) (57, 57) (48, 62) (16, 20) (59, 65) (40, 52) (92, 92) 
(27, 33) (48, 58) (19, 19) (1, 1) (90, 106) (69, 93) (59, 67) (61, 63) (9, 11) (15, 15) (65, 81) (68, 82) (75, 85) (78, 90) (87, 107) 
(36, 48) (59, 63) (6, 6) (54, 66) (22, 26) (64, 76) (69, 87) (10, 12) (32, 38) (35, 41) (55, 67) (84, 96) (71, 77) (1, 1) (53, 67) 
(65, 87) (75, 93) (62, 82) (17, 17) (23, 31) (79, 93) (78, 90) (65, 77) (89, 91) (25, 29) (12, 14) (98, 98) (3, 3) (57, 57) (62, 70) 
(36, 40) (57, 59) (74, 86) (21, 27) (48, 52) (72, 80) (6, 6) (12, 12) (24, 28) (14, 14) (30, 40) (35, 41) (55, 55) (29, 37) (37, 47) 
(75, 79) (77, 97) (51, 67) (17, 21) (72, 96) (79, 91) (54, 72) (50, 52) (17, 19) (28, 30) (2, 2) (12, 14) (1, 1) (24, 26) (53, 55) 
(19, 19) (72, 94) (69, 73) (20, 24) (4, 4) (59, 77) (60, 76) (75, 101) (69, 91) (51, 59) (10, 12) (17, 21) (39, 39) (68, 68) (37, 37) 
(33, 43) (98, 98) (10, 12) (3, 3) (33, 33) (41, 45) (17, 21) (86, 94) (55, 57) (80, 86) (72, 80) (97, 97) (2, 2) (74, 78) (1, 1) 
(22, 28) (59, 71) (83, 93) (51, 61) (75, 75) (41, 55) (37, 43) (18, 20) (36, 42) (34, 46) (38, 48) (89, 109) (23, 23) (74, 74) (35, 43) 
(84, 110) (59, 73) (49, 59) (26, 32) (21, 25) (9, 9) (63, 85) (46, 46) (81, 89) (92, 104) (71, 77) (11, 13) (65, 77) (56, 74) (22, 28) 
(3, 3) (36, 44) (80, 82) (72, 76) (58, 76) (92, 94) (74, 78) (15, 17) (11, 13) (57, 77) (51, 53) (19, 21) (23, 25) (68, 74) (86, 94) 
(12, 14) (59, 59) (92, 98) (71, 87) (40, 52) (14, 18) (64, 70) (59, 75) (64, 64) (83, 87) (76, 94) (25, 29) (24, 28) (52, 60) (1, 1) 
(56, 72) (1, 1) (27, 31) (59, 73) (30, 34) (33, 37) (7, 9) (25, 27) (89, 99) (84, 104) (58, 66) (38, 46) (54, 66) (56, 56) (6, 8) 
(3, 3) (6, 8) (38, 42) (89, 97) (47, 63) (65, 85) (25, 25) (19, 23) (26, 34) (77, 87) (1, 1) (57, 59) (52, 54) (81, 95) (17, 21) 
(60, 72) (78, 98) (47, 49) (69, 85) (33, 43) (70, 86) (16, 16) (39, 43) (85, 101) (37, 39) (22, 28) (47, 55) (12, 16) (95, 101) (59, 63) 
(32, 34) (21, 25) (7, 7) (51, 69) (64, 84) (49, 59) (2, 2) (19, 25) (29, 35) (15, 15) (71, 87) (79, 87) (61, 77) (35, 47) (17, 21) 
(57, 65) (26, 26) (58, 74) (81, 89) (31, 37) (13, 17) (52, 66) (73, 77) (3, 3) (75, 85) (38, 40) (65, 73) (6, 6) (69, 77) (58, 72) 
(89, 103) (6, 6) (47, 57) (19, 25) (34, 36) (69, 89) (15, 17) (70, 74) (29, 29) (25, 27) (51, 53) (51, 65) (54, 60) (29, 33) (63, 85) 
(36, 48) (78, 80) (83, 85) (22, 28) (69, 71) (78, 102) (8, 8) (52, 68) (77, 85) (77, 99) (11, 11) (66, 76) (59, 63) (48, 50) (72, 90) 
(47, 57) (3, 3) (50, 64) (58, 74) (86, 90) (37, 47) (20, 26) (66, 78) (86, 108) (85, 97) (46, 54) (38, 48) (73, 91) (59, 65) (26, 28) 
TIEMPOS MAXIMOS DE FIN
(10000, 10000) (10000, 10000) (10000, 10000) (10000, 10000) (10000, 10000) (10000, 10000) (10000, 10000) (10000, 10000) (10000, 10000) (10000, 10000) (10000, 10000) (10000, 10000) (10000, 10000) (10000, 10000) (10000, 10000) (10000, 10000) (10000, 10000) (10000, 10000) (10000, 10000) (10000, 10000) 
// Desviacion Izda: min(0%), max(15%), promedio(6.82483%)
// Desviacion Dcha: min(0%), max(15%), promedio(6.82483%)
