NUMERO DE TRABAJOS
20
NUMERO DE RECURSOS
20
SECUENCIA DE MAQUINAS
18 15 6 8 14 12 19 11 7 4 9 16 10 13 3 5 2 0 1 17
18 13 8 3 1 19 14 16 0 2 9 10 11 4 5 12 6 7 15 17
10 7 4 17 14 0 8 1 16 5 3 13 2 15 6 18 19 12 11 9
2 19 5 16 11 15 13 4 0 8 17 6 18 10 9 3 1 7 12 14
12 15 2 3 11 7 10 17 9 16 0 13 4 14 1 19 8 6 5 18
6 12 13 8 14 0 5 11 7 2 19 3 1 18 4 15 10 16 9 17
11 15 17 7 18 9 12 4 16 1 2 10 8 5 0 3 14 6 13 19
18 17 0 7 4 12 1 10 2 15 13 14 19 5 6 3 9 8 11 16
15 11 12 7 1 0 14 9 18 8 13 5 16 3 19 4 10 6 17 2
7 18 4 19 12 9 13 5 2 15 10 14 0 16 1 6 8 17 11 3
17 13 18 14 19 1 6 11 12 4 15 0 16 3 10 8 2 9 7 5
10 14 12 9 2 0 19 5 4 13 7 11 3 15 18 16 1 6 17 8
7 19 1 10 11 14 8 9 4 5 12 15 17 13 3 6 2 18 0 16
17 11 13 1 2 4 7 0 10 8 3 19 14 6 9 5 18 16 12 15
11 3 5 19 10 1 17 7 6 13 2 18 0 15 12 8 14 16 9 4
12 8 16 0 18 13 7 19 4 9 17 5 11 14 10 3 6 15 1 2
9 5 19 7 11 12 16 14 13 0 8 4 10 18 1 6 3 17 15 2
19 4 6 1 14 2 0 18 7 10 3 12 15 9 13 5 8 17 16 11
19 3 15 4 7 12 13 16 18 14 17 5 8 0 2 11 6 10 9 1
11 17 13 4 3 15 18 12 0 10 5 19 9 2 7 14 6 8 1 16
DURACIONES
(77, 91) (9, 9) (32, 36) (62, 62) (11, 11) (56, 64) (40, 46) (45, 59) (70, 84) (33, 41) (13, 17) (41, 45) (8, 8) (5, 5) (32, 40) (53, 59) (40, 52) (47, 55) (79, 93) (82, 90)
(55, 67) (55, 57) (60, 60) (78, 78) (72, 74) (12, 12) (8, 8) (15, 17) (11, 13) (62, 64) (31, 31) (59, 65) (91, 103) (49, 57) (1, 1) (3, 3) (88, 110) (58, 72) (62, 64) (29, 35)
(82, 90) (50, 56) (58, 60) (12, 12) (32, 36) (27, 27) (2, 2) (79, 93) (73, 97) (21, 21) (51, 65) (69, 71) (52, 58) (68, 86) (15, 15) (19, 21) (32, 32) (39, 45) (17, 17) (35, 41)
(3, 3) (12, 14) (59, 75) (13, 13) (59, 67) (86, 90) (67, 69) (21, 21) (19, 23) (76, 96) (7, 7) (83, 99) (8, 8) (52, 60) (84, 100) (51, 65) (91, 97) (47, 61) (49, 65) (78, 96)
(26, 32) (73, 75) (77, 101) (17, 19) (37, 39) (69, 81) (17, 19) (15, 15) (94, 96) (10, 12) (22, 26) (4, 4) (12, 12) (15, 19) (34, 34) (31, 39) (57, 67) (90, 90) (43, 53) (21, 21)
(11, 11) (13, 15) (77, 103) (71, 77) (66, 68) (79, 103) (66, 74) (8, 8) (7, 7) (49, 49) (12, 14) (74, 82) (75, 75) (80, 80) (30, 32) (21, 23) (87, 111) (63, 69) (72, 88) (61, 71)
(95, 99) (60, 66) (11, 11) (66, 76) (1, 1) (58, 68) (68, 72) (32, 34) (67, 81) (72, 80) (75, 97) (76, 98) (9, 9) (17, 19) (45, 57) (24, 30) (42, 54) (30, 32) (39, 51) (75, 77)
(17, 21) (58, 70) (89, 99) (4, 4) (76, 86) (5, 5) (63, 81) (29, 31) (2, 2) (16, 16) (36, 40) (84, 102) (15, 15) (15, 19) (58, 64) (64, 78) (17, 19) (21, 23) (17, 17) (20, 20)
(57, 65) (57, 75) (59, 65) (68, 72) (58, 60) (80, 80) (75, 89) (2, 2) (95, 99) (70, 82) (68, 76) (77, 103) (68, 80) (93, 97) (38, 44) (9, 9) (42, 50) (20, 20) (68, 88) (32, 32)
(55, 67) (90, 90) (35, 39) (75, 97) (15, 15) (17, 21) (53, 71) (76, 88) (78, 94) (53, 65) (88, 96) (80, 98) (73, 91) (44, 52) (13, 13) (26, 32) (25, 31) (43, 47) (73, 95) (55, 69)
(7, 7) (83, 89) (73, 85) (66, 68) (76, 94) (62, 74) (87, 101) (53, 69) (45, 49) (43, 55) (46, 54) (55, 55) (3, 3) (17, 19) (77, 81) (32, 32) (38, 48) (85, 109) (50, 56) (43, 45)
(20, 20) (45, 55) (68, 76) (84, 96) (25, 25) (23, 25) (41, 45) (4, 4) (23, 29) (55, 69) (37, 47) (68, 86) (8, 10) (57, 65) (18, 20) (66, 72) (9, 9) (54, 66) (5, 5) (49, 59)
(44, 46) (67, 79) (49, 51) (53, 63) (94, 94) (77, 103) (93, 101) (42, 42) (35, 37) (69, 75) (79, 89) (29, 37) (44, 44) (59, 59) (46, 48) (38, 42) (75, 87) (77, 93) (26, 26) (27, 29)
(63, 71) (46, 46) (9, 9) (39, 41) (76, 86) (91, 103) (7, 7) (2, 2) (68, 70) (9, 9) (16, 18) (73, 89) (80, 82) (41, 51) (25, 27) (27, 33) (83, 93) (71, 75) (39, 49) (86, 112)
(15, 17) (60, 64) (3, 3) (29, 31) (15, 17) (38, 42) (55, 69) (96, 96) (74, 76) (60, 78) (83, 89) (83, 97) (84, 102) (14, 16) (29, 31) (40, 52) (50, 50) (26, 32) (9, 9) (93, 101)
(5, 5) (64, 82) (51, 57) (76, 86) (24, 28) (33, 39) (33, 37) (51, 61) (57, 67) (31, 31) (2, 2) (21, 25) (52, 68) (12, 12) (87, 89) (35, 41) (83, 107) (60, 70) (86, 86) (60, 68)
(3, 3) (99, 99) (75, 87) (81, 105) (72, 92) (17, 17) (1, 1) (1, 1) (28, 36) (36, 36) (27, 33) (56, 68) (80, 100) (20, 20) (97, 99) (3, 3) (64, 68) (73, 77) (78, 80) (63, 71)
(50, 54) (66, 86) (71, 87) (58, 68) (50, 54) (23, 23) (31, 39) (21, 23) (54, 62) (12, 14) (25, 27) (61, 75) (75, 93) (16, 16) (28, 28) (28, 28) (49, 59) (73, 79) (79, 93) (46, 48)
(71, 77) (32, 36) (64, 72) (35, 39) (25, 27) (43, 53) (28, 30) (22, 26) (53, 67) (91, 105) (54, 54) (84, 110) (18, 20) (88, 110) (62, 62) (44, 48) (23, 27) (48, 58) (10, 12) (4, 4)
(15, 15) (85, 99) (38, 44) (55, 71) (83, 91) (65, 69) (75, 79) (82, 96) (62, 68) (17, 17) (23, 25) (63, 71) (10, 10) (82, 92) (87, 95) (55, 61) (45, 59) (24, 28) (29, 37) (3, 3)
TIEMPOS MAXIMOS DE FIN
(1171, 1531) (1228, 1606) (1155, 1511) (1361, 1779) (1051, 1375) (1418, 1854) (1348, 1762) (986, 1290) (1575, 2060) (1519, 1987) (1452, 1898) (1067, 1395) (1539, 2012) (1315, 1720) (1318, 1723) (1289, 1686) (1345, 1759) (1281, 1676) (1258, 1645) (1383, 1808)
