NUMERO DE TRABAJOS
20
NUMERO DE RECURSOS
15
SECUENCIA DE MAQUINAS
3 11 14 1 10 2 4 7 0 12 5 9 6 13 8 
5 0 3 8 4 1 12 14 6 7 10 2 9 13 11 
2 3 14 0 9 12 5 4 7 10 8 11 13 1 6 
8 10 1 13 3 4 14 9 2 5 11 7 0 6 12 
14 8 1 2 10 9 12 4 6 5 0 13 3 11 7 
3 10 1 5 6 0 8 7 11 13 2 14 12 9 4 
2 10 1 12 8 0 7 6 14 13 4 3 5 9 11 
1 0 2 4 7 13 11 3 12 5 6 14 9 8 10 
4 5 9 10 7 6 2 1 12 3 13 0 8 14 11 
1 4 3 10 14 0 6 13 11 8 5 12 7 9 2 
3 10 1 0 9 8 14 6 4 7 2 12 5 11 13 
2 7 6 8 3 5 14 4 1 0 9 10 13 11 12 
0 7 14 8 12 10 9 3 6 1 4 2 11 13 5 
12 3 9 4 1 0 10 6 5 2 14 13 7 8 11 
3 14 6 5 13 9 1 0 12 7 2 4 10 8 11 
5 14 6 12 8 2 4 9 11 13 3 1 7 0 10 
3 7 10 14 0 8 1 11 5 13 4 12 6 9 2 
10 8 2 11 13 6 14 3 9 7 4 5 12 0 1 
3 2 12 13 1 6 14 5 4 8 9 11 0 10 7 
11 14 5 6 10 9 13 1 4 8 0 3 12 2 7 
DURACIONES
(25, 25) (75, 75) (64, 86) (73, 79) (35, 41) (54, 70) (38, 38) (54, 64) (14, 14) (12, 14) (41, 51) (30, 32) (49, 65) (92, 92) (3, 3) 
(60, 74) (5, 5) (10, 12) (11, 11) (37, 43) (29, 39) (72, 82) (42, 42) (30, 40) (92, 100) (20, 24) (50, 60) (20, 22) (27, 31) (14, 18) 
(19, 25) (95, 101) (7, 9) (31, 39) (54, 64) (27, 35) (12, 14) (43, 49) (48, 56) (20, 24) (17, 19) (19, 19) (57, 71) (25, 33) (62, 78) 
(85, 113) (41, 43) (2, 2) (30, 40) (10, 12) (85, 99) (80, 96) (96, 98) (19, 23) (51, 61) (17, 17) (43, 43) (25, 29) (18, 20) (23, 23) 
(46, 54) (5, 5) (51, 67) (67, 75) (44, 50) (39, 39) (73, 91) (35, 35) (11, 13) (2, 2) (36, 42) (42, 42) (46, 58) (58, 72) (34, 36) 
(43, 53) (49, 65) (5, 5) (2, 2) (53, 67) (55, 73) (80, 92) (3, 3) (44, 58) (26, 26) (31, 37) (38, 40) (39, 51) (60, 66) (53, 55) 
(40, 40) (38, 48) (49, 51) (65, 77) (41, 51) (88, 110) (57, 77) (29, 39) (6, 6) (88, 102) (58, 76) (48, 60) (29, 29) (30, 30) (60, 60) 
(51, 67) (3, 3) (85, 85) (6, 6) (41, 51) (49, 49) (5, 5) (78, 86) (16, 20) (68, 74) (47, 49) (77, 81) (59, 65) (65, 65) (74, 78) 
(57, 73) (50, 60) (77, 85) (14, 16) (32, 32) (45, 59) (89, 105) (65, 73) (74, 90) (76, 102) (60, 78) (78, 96) (22, 22) (71, 71) (56, 70) 
(61, 79) (66, 82) (48, 56) (85, 103) (12, 16) (80, 82) (21, 27) (14, 14) (31, 33) (37, 41) (64, 70) (51, 67) (17, 19) (66, 88) (43, 57) 
(17, 19) (6, 6) (95, 97) (52, 54) (31, 39) (98, 100) (38, 40) (17, 19) (12, 16) (77, 103) (62, 66) (77, 85) (83, 95) (46, 50) (77, 83) 
(40, 48) (74, 76) (12, 12) (12, 14) (63, 85) (52, 66) (68, 74) (66, 84) (30, 30) (91, 95) (24, 28) (28, 32) (77, 91) (85, 97) (82, 104) 
(37, 41) (50, 62) (13, 13) (27, 31) (50, 60) (65, 73) (25, 27) (6, 8) (51, 59) (43, 53) (20, 24) (46, 46) (45, 55) (85, 107) (16, 18) 
(54, 60) (12, 16) (7, 9) (13, 13) (85, 105) (47, 59) (74, 82) (24, 24) (91, 93) (83, 97) (59, 77) (79, 95) (38, 48) (73, 77) (84, 104) 
(81, 105) (82, 102) (18, 18) (27, 29) (25, 29) (38, 42) (49, 63) (76, 90) (44, 58) (15, 15) (94, 100) (46, 50) (49, 57) (76, 80) (34, 44) 
(40, 54) (31, 37) (36, 48) (25, 31) (11, 11) (10, 12) (29, 31) (12, 16) (9, 11) (4, 4) (18, 22) (86, 98) (19, 19) (52, 66) (27, 29) 
(63, 75) (72, 92) (56, 72) (39, 41) (25, 29) (79, 85) (25, 29) (41, 45) (50, 62) (16, 18) (16, 20) (17, 23) (96, 100) (37, 49) (62, 74) 
(82, 86) (26, 26) (81, 93) (60, 62) (83, 107) (22, 24) (82, 94) (77, 101) (42, 56) (83, 85) (12, 12) (44, 58) (3, 3) (44, 44) (17, 23) 
(41, 45) (47, 61) (17, 19) (64, 80) (67, 73) (26, 30) (20, 20) (22, 22) (53, 65) (33, 39) (75, 95) (12, 14) (71, 75) (26, 32) (40, 50) 
(6, 8) (86, 108) (4, 4) (21, 23) (67, 81) (40, 50) (55, 69) (90, 100) (64, 68) (13, 15) (37, 43) (23, 23) (68, 90) (32, 36) (7, 9) 
TIEMPOS MAXIMOS DE FIN
(10000, 10000) (10000, 10000) (10000, 10000) (10000, 10000) (10000, 10000) (10000, 10000) (10000, 10000) (10000, 10000) (10000, 10000) (10000, 10000) (10000, 10000) (10000, 10000) (10000, 10000) (10000, 10000) (10000, 10000) (10000, 10000) (10000, 10000) (10000, 10000) (10000, 10000) (10000, 10000) 
// Desviacion Izda: min(0%), max(15%), promedio(6.96996%)
// Desviacion Dcha: min(0%), max(15%), promedio(6.96996%)
