NUMERO DE TRABAJOS
20
NUMERO DE RECURSOS
20
SECUENCIA DE MAQUINAS
17 7 9 12 4 5 14 8 0 2 18 3 10 11 16 13 19 15 1 6
18 10 6 3 4 16 1 14 15 13 11 19 17 8 0 9 2 5 12 7
13 16 8 7 4 3 15 19 18 17 5 1 10 14 12 11 6 9 2 0
13 18 4 6 5 14 9 19 1 3 10 7 12 2 15 11 8 17 16 0
17 10 8 12 3 14 16 15 2 0 7 5 13 19 11 18 6 4 9 1
5 0 19 17 8 7 12 6 1 3 13 16 15 2 14 10 9 11 18 4
17 14 6 8 18 2 16 12 5 0 4 15 7 10 3 19 1 11 9 13
11 1 15 16 2 13 9 14 0 6 18 10 7 5 4 17 3 19 12 8
17 10 7 2 16 13 11 0 8 4 19 3 1 12 5 18 9 14 6 15
18 15 14 12 9 19 10 16 7 17 6 11 0 2 4 8 13 5 3 1
1 0 9 6 19 17 11 18 15 16 14 8 7 13 3 10 12 4 5 2
15 2 10 19 9 3 17 16 13 11 4 6 1 7 14 12 5 18 0 8
6 1 19 14 17 11 10 3 13 2 12 15 4 16 8 18 5 0 9 7
2 10 1 19 5 12 8 14 17 13 11 4 16 18 15 0 6 7 9 3
14 0 8 3 9 10 2 17 4 6 19 1 16 5 12 13 15 7 18 11
8 12 13 10 7 0 4 16 5 15 18 3 9 2 11 19 14 6 1 17
8 12 19 11 10 4 2 7 9 6 0 15 13 1 16 14 5 3 17 18
9 6 16 4 3 2 14 8 12 7 17 15 19 18 1 0 5 10 13 11
9 18 12 10 14 16 1 17 4 7 0 8 2 15 19 6 5 3 11 13
6 2 17 9 19 11 14 7 4 3 8 12 18 15 16 0 5 1 10 13
DURACIONES
(24, 24) (8, 8) (37, 47) (77, 97) (84, 106) (14, 14) (30, 30) (88, 90) (61, 77) (32, 32) (56, 62) (19, 21) (24, 28) (34, 36) (72, 94) (23, 27) (46, 50) (46, 56) (54, 62) (87, 111)
(5, 5) (31, 37) (30, 34) (29, 29) (43, 45) (69, 89) (72, 74) (12, 14) (23, 27) (8, 8) (37, 37) (6, 6) (1, 1) (31, 31) (86, 108) (7, 7) (45, 49) (85, 97) (64, 84) (38, 38)
(63, 71) (62, 74) (41, 47) (30, 32) (84, 96) (27, 31) (19, 23) (34, 40) (74, 90) (27, 27) (31, 35) (1, 1) (72, 74) (33, 37) (73, 93) (69, 89) (70, 88) (79, 105) (42, 46) (78, 78)
(12, 14) (84, 86) (68, 84) (77, 91) (68, 86) (18, 22) (60, 66) (1, 1) (5, 5) (5, 5) (45, 55) (11, 11) (8, 8) (14, 14) (34, 34) (19, 21) (58, 58) (32, 32) (53, 59) (74, 74)
(67, 75) (11, 13) (77, 81) (72, 84) (25, 27) (37, 39) (65, 79) (78, 88) (51, 51) (9, 9) (39, 51) (12, 14) (28, 34) (90, 92) (37, 43) (5, 5) (88, 94) (24, 24) (89, 103) (71, 73)
(75, 91) (91, 105) (80, 86) (22, 22) (8, 8) (25, 31) (81, 105) (5, 5) (76, 88) (63, 67) (74, 80) (48, 64) (66, 66) (61, 61) (71, 93) (9, 9) (75, 89) (30, 40) (80, 86) (46, 56)
(37, 39) (76, 80) (90, 92) (20, 22) (85, 91) (83, 103) (15, 15) (10, 10) (66, 70) (69, 81) (52, 54) (35, 35) (10, 12) (60, 76) (97, 99) (50, 62) (36, 38) (53, 61) (15, 15) (73, 93)
(3, 3) (91, 105) (17, 21) (60, 74) (30, 36) (72, 84) (54, 64) (2, 2) (31, 33) (70, 86) (96, 98) (67, 87) (70, 74) (32, 36) (43, 47) (25, 27) (74, 84) (27, 29) (88, 88) (17, 21)
(42, 50) (27, 29) (89, 109) (93, 97) (15, 19) (82, 86) (66, 70) (25, 27) (30, 34) (74, 96) (86, 110) (54, 64) (62, 72) (41, 47) (76, 84) (70, 70) (88, 102) (61, 79) (8, 10) (47, 51)
(24, 30) (17, 17) (6, 6) (54, 70) (79, 101) (15, 19) (58, 58) (85, 103) (11, 11) (60, 70) (82, 110) (75, 77) (50, 66) (52, 68) (50, 52) (45, 57) (95, 101) (26, 26) (88, 96) (62, 70)
(92, 92) (8, 10) (66, 76) (62, 70) (55, 59) (50, 62) (8, 8) (72, 88) (11, 11) (73, 83) (48, 52) (34, 40) (82, 102) (5, 5) (12, 14) (62, 64) (19, 23) (6, 6) (2, 2) (24, 30)
(70, 70) (55, 55) (12, 14) (44, 56) (23, 23) (75, 75) (24, 24) (66, 72) (67, 77) (52, 54) (82, 106) (24, 26) (20, 22) (50, 64) (16, 16) (17, 17) (70, 70) (34, 34) (38, 46) (6, 6)
(90, 98) (72, 88) (71, 77) (65, 77) (7, 9) (51, 51) (87, 87) (85, 87) (36, 38) (82, 104) (80, 84) (1, 1) (67, 85) (47, 51) (35, 35) (41, 47) (49, 51) (69, 81) (63, 63) (4, 4)
(17, 21) (37, 43) (27, 33) (85, 99) (10, 10) (52, 68) (30, 34) (64, 78) (65, 81) (61, 61) (28, 34) (85, 103) (61, 61) (76, 94) (89, 93) (96, 100) (32, 38) (50, 60) (78, 90) (81, 105)
(64, 72) (13, 13) (30, 30) (78, 88) (44, 48) (8, 8) (36, 46) (74, 92) (32, 34) (17, 21) (71, 79) (35, 39) (16, 18) (26, 32) (5, 5) (62, 62) (93, 99) (7, 7) (65, 81) (34, 44)
(46, 52) (18, 20) (9, 11) (58, 76) (6, 6) (38, 46) (77, 97) (73, 93) (7, 7) (44, 58) (53, 57) (70, 88) (21, 27) (2, 2) (83, 93) (79, 81) (36, 38) (52, 64) (19, 21) (39, 51)
(87, 91) (29, 37) (27, 27) (20, 20) (2, 2) (26, 26) (87, 89) (24, 24) (57, 67) (64, 72) (53, 65) (47, 59) (7, 7) (78, 92) (60, 72) (14, 14) (21, 23) (15, 15) (8, 8) (56, 60)
(87, 89) (84, 92) (87, 95) (64, 80) (9, 9) (39, 43) (71, 81) (22, 26) (73, 81) (52, 68) (92, 94) (35, 43) (91, 95) (66, 76) (12, 14) (67, 79) (44, 44) (15, 15) (19, 19) (91, 99)
(89, 97) (30, 38) (33, 39) (73, 91) (28, 28) (49, 55) (21, 23) (29, 37) (68, 86) (24, 30) (55, 69) (51, 67) (52, 52) (1, 1) (39, 39) (73, 97) (55, 69) (31, 37) (69, 85) (64, 84)
(14, 16) (33, 43) (80, 86) (32, 32) (11, 13) (40, 42) (71, 91) (75, 83) (88, 92) (11, 13) (17, 19) (36, 38) (1, 1) (85, 97) (72, 74) (5, 5) (78, 86) (58, 70) (34, 40) (85, 97)
TIEMPOS MAXIMOS DE FIN
(1292, 1689) (1002, 1310) (1420, 1858) (1021, 1336) (1335, 1745) (1519, 1987) (1417, 1853) (1344, 1757) (1587, 2075) (1457, 1905) (1097, 1434) (1151, 1506) (1508, 1972) (1579, 2065) (1123, 1468) (1181, 1545) (1073, 1404) (1535, 2007) (1337, 1749) (1276, 1669)
