NUMERO DE TRABAJOS
20
NUMERO DE RECURSOS
15
SECUENCIA DE MAQUINAS
2 11 0 13 1 8 9 6 4 7 12 3 14 5 10 
5 8 9 3 1 13 11 0 14 7 4 12 10 6 2 
5 2 8 14 13 1 6 9 12 4 11 0 7 3 10 
8 10 4 0 3 11 13 6 1 5 2 9 12 14 7 
8 11 1 0 5 13 2 14 10 12 9 3 4 6 7 
11 3 13 9 14 1 0 7 4 5 10 12 6 2 8 
13 3 11 10 5 12 0 4 14 6 7 8 9 2 1 
5 8 6 7 2 3 10 4 1 14 11 9 13 0 12 
12 8 9 7 3 6 11 13 10 0 2 5 1 4 14 
5 14 11 4 10 8 9 2 13 12 7 1 0 3 6 
10 9 1 12 2 7 3 4 0 5 6 8 13 14 11 
9 7 5 6 0 14 1 3 8 11 2 12 10 13 4 
2 13 12 3 9 1 5 10 11 6 0 7 8 14 4 
3 0 9 13 8 2 6 1 10 12 7 14 4 5 11 
6 5 0 13 8 14 2 7 12 4 10 3 1 9 11 
6 8 0 7 4 1 11 10 13 14 12 2 9 3 5 
13 2 1 8 3 12 6 14 11 9 5 7 4 10 0 
13 7 5 11 4 6 10 14 2 9 0 3 8 12 1 
9 2 10 11 7 1 14 3 6 8 5 4 12 0 13 
13 4 11 12 7 0 5 1 8 14 9 2 3 10 6 
DURACIONES
(75, 77) (17, 17) (50, 66) (25, 27) (83, 97) (67, 87) (63, 63) (80, 94) (74, 74) (31, 39) (52, 68) (85, 95) (55, 73) (68, 68) (25, 31) 
(5, 5) (71, 87) (69, 73) (39, 45) (61, 81) (19, 21) (85, 87) (75, 101) (45, 49) (55, 69) (34, 40) (81, 93) (44, 50) (87, 107) (21, 27) 
(2, 2) (65, 69) (25, 31) (88, 108) (61, 71) (37, 47) (41, 51) (21, 25) (87, 101) (23, 27) (83, 95) (3, 3) (37, 39) (67, 85) (65, 87) 
(85, 107) (68, 90) (19, 19) (31, 41) (80, 94) (6, 6) (8, 10) (17, 19) (32, 32) (34, 40) (50, 60) (3, 3) (15, 15) (12, 12) (43, 47) 
(66, 76) (72, 74) (16, 18) (35, 47) (67, 75) (83, 93) (43, 43) (53, 65) (37, 37) (19, 25) (19, 23) (77, 77) (58, 74) (41, 51) (51, 53) 
(17, 21) (11, 13) (76, 98) (19, 25) (38, 44) (25, 33) (6, 6) (4, 4) (77, 81) (72, 84) (20, 22) (23, 31) (16, 16) (53, 55) (60, 60) 
(84, 108) (38, 40) (75, 89) (13, 17) (19, 25) (25, 33) (55, 73) (86, 98) (59, 77) (54, 66) (37, 37) (10, 10) (47, 47) (58, 78) (74, 74) 
(25, 31) (3, 3) (71, 71) (57, 61) (80, 108) (57, 63) (96, 100) (75, 79) (9, 9) (57, 57) (21, 21) (64, 84) (18, 20) (70, 78) (18, 20) 
(7, 7) (33, 43) (58, 68) (65, 73) (12, 14) (48, 64) (47, 59) (52, 64) (2, 2) (93, 93) (90, 90) (6, 6) (59, 73) (66, 86) (53, 67) 
(78, 92) (42, 50) (67, 83) (34, 34) (29, 37) (93, 95) (48, 52) (19, 21) (4, 4) (27, 29) (51, 69) (67, 81) (77, 103) (44, 58) (60, 74) 
(87, 89) (11, 11) (31, 39) (86, 88) (14, 14) (79, 91) (11, 13) (18, 24) (23, 23) (35, 39) (12, 12) (84, 92) (94, 102) (30, 36) (75, 77) 
(29, 31) (80, 98) (78, 104) (3, 3) (85, 109) (68, 74) (65, 81) (16, 16) (15, 15) (88, 108) (67, 75) (18, 20) (61, 69) (78, 100) (2, 2) 
(57, 65) (76, 96) (66, 76) (71, 81) (80, 96) (31, 33) (30, 32) (45, 55) (24, 26) (76, 92) (72, 86) (34, 34) (54, 64) (66, 84) (73, 83) 
(9, 9) (51, 67) (81, 105) (68, 70) (34, 42) (57, 73) (91, 101) (66, 68) (73, 75) (38, 44) (53, 69) (61, 75) (10, 12) (24, 24) (23, 27) 
(75, 97) (69, 85) (20, 22) (48, 52) (66, 78) (65, 71) (80, 102) (66, 78) (57, 73) (51, 53) (44, 46) (5, 5) (67, 75) (62, 74) (25, 25) 
(32, 42) (23, 31) (21, 25) (23, 29) (2, 2) (32, 40) (20, 20) (59, 71) (58, 64) (24, 30) (30, 40) (45, 55) (42, 48) (78, 82) (17, 21) 
(5, 5) (55, 59) (64, 76) (84, 106) (41, 51) (35, 37) (82, 94) (41, 43) (46, 52) (22, 24) (56, 70) (71, 83) (42, 52) (75, 101) (7, 7) 
(25, 33) (58, 70) (23, 23) (42, 42) (31, 35) (64, 66) (80, 104) (75, 85) (46, 52) (3, 3) (71, 95) (17, 23) (62, 64) (77, 79) (74, 96) 
(66, 68) (40, 54) (46, 50) (50, 64) (80, 88) (55, 71) (46, 50) (65, 75) (83, 87) (91, 95) (1, 1) (56, 70) (79, 95) (26, 32) (79, 101) 
(78, 82) (12, 16) (36, 46) (67, 79) (20, 24) (87, 99) (6, 6) (74, 88) (17, 21) (55, 69) (59, 65) (82, 88) (23, 27) (65, 75) (10, 10) 
TIEMPOS MAXIMOS DE FIN
(10000, 10000) (10000, 10000) (10000, 10000) (10000, 10000) (10000, 10000) (10000, 10000) (10000, 10000) (10000, 10000) (10000, 10000) (10000, 10000) (10000, 10000) (10000, 10000) (10000, 10000) (10000, 10000) (10000, 10000) (10000, 10000) (10000, 10000) (10000, 10000) (10000, 10000) (10000, 10000) 
// Desviacion Izda: min(0%), max(15%), promedio(6.82136%)
// Desviacion Dcha: min(0%), max(15%), promedio(6.82136%)
