NUMERO DE TRABAJOS
20
NUMERO DE RECURSOS
15
SECUENCIA DE MAQUINAS
2 5 1 8 3 4 14 7 10 13 11 9 12 6 0 
14 8 12 4 11 3 6 9 0 10 1 13 2 7 5 
7 12 1 8 2 10 3 11 13 14 5 6 0 9 4 
1 8 5 11 7 6 3 2 4 9 12 13 0 14 10 
8 4 12 1 3 14 2 9 13 6 5 10 11 7 0 
2 14 10 7 3 0 1 13 9 6 11 12 4 5 8 
0 4 13 1 8 10 11 6 9 2 5 12 7 3 14 
12 2 11 9 8 10 13 4 5 14 6 3 1 7 0 
7 3 4 5 13 0 11 10 9 1 8 6 12 14 2 
7 14 12 6 5 9 10 0 3 4 2 1 8 13 11 
0 9 13 7 6 3 11 8 10 4 2 1 14 12 5 
14 10 3 12 5 7 4 6 1 2 0 13 9 11 8 
11 10 5 1 3 13 9 7 8 14 0 2 6 12 4 
7 6 13 10 3 1 5 11 4 8 0 12 9 2 14 
2 4 14 5 0 7 10 12 1 9 3 8 6 13 11 
5 14 12 7 3 13 0 9 10 6 1 2 8 4 11 
14 8 1 10 11 12 7 0 3 2 9 13 5 6 4 
5 2 10 3 12 4 6 11 0 13 8 14 7 1 9 
0 9 10 4 2 6 13 1 3 14 7 8 5 12 11 
2 12 9 8 4 6 10 14 7 5 1 11 3 0 13 
DURACIONES
(55, 55) (66, 66) (41, 55) (57, 61) (7, 9) (18, 24) (64, 64) (6, 8) (80, 80) (5, 5) (52, 66) (7, 9) (86, 96) (10, 12) (81, 81) 
(77, 95) (68, 84) (39, 41) (70, 82) (8, 10) (22, 24) (79, 81) (44, 58) (45, 47) (43, 53) (61, 75) (48, 54) (14, 16) (5, 5) (73, 91) 
(72, 96) (94, 100) (24, 28) (63, 77) (31, 35) (27, 35) (17, 23) (36, 42) (39, 45) (30, 36) (66, 74) (81, 87) (20, 26) (46, 62) (49, 61) 
(51, 69) (79, 85) (12, 16) (33, 39) (20, 24) (19, 23) (3, 3) (11, 11) (75, 89) (84, 100) (52, 52) (85, 85) (73, 81) (3, 3) (83, 95) 
(81, 85) (31, 35) (13, 17) (34, 38) (90, 102) (98, 100) (72, 90) (24, 24) (52, 66) (81, 97) (11, 11) (12, 14) (23, 29) (89, 93) (77, 97) 
(44, 58) (17, 23) (76, 102) (92, 106) (82, 108) (40, 42) (6, 8) (65, 69) (66, 88) (43, 47) (72, 76) (91, 91) (76, 98) (1, 1) (54, 56) 
(32, 38) (62, 80) (41, 53) (29, 39) (67, 87) (63, 73) (74, 96) (24, 30) (2, 2) (98, 100) (9, 9) (18, 18) (24, 32) (33, 33) (82, 102) 
(76, 76) (56, 60) (32, 42) (27, 29) (78, 82) (93, 99) (92, 102) (92, 92) (82, 86) (59, 77) (1, 1) (78, 94) (32, 34) (61, 71) (20, 20) 
(15, 19) (10, 12) (17, 19) (81, 99) (49, 65) (83, 107) (15, 19) (33, 33) (61, 61) (44, 54) (31, 41) (34, 42) (57, 67) (67, 79) (23, 27) 
(81, 83) (72, 96) (86, 88) (42, 46) (90, 102) (61, 67) (58, 78) (52, 62) (56, 74) (76, 102) (38, 46) (76, 78) (42, 44) (67, 85) (38, 38) 
(52, 56) (62, 70) (7, 9) (41, 55) (82, 86) (14, 16) (87, 99) (89, 99) (55, 59) (15, 17) (64, 64) (13, 13) (56, 68) (54, 72) (47, 59) 
(20, 22) (62, 78) (42, 42) (28, 30) (74, 92) (5, 5) (15, 17) (70, 82) (62, 72) (41, 51) (63, 71) (73, 93) (43, 49) (27, 31) (24, 28) 
(91, 101) (40, 44) (44, 54) (50, 58) (53, 63) (7, 9) (41, 41) (13, 15) (31, 39) (9, 9) (70, 78) (14, 18) (44, 56) (68, 70) (41, 49) 
(60, 78) (85, 95) (17, 17) (18, 18) (42, 48) (41, 55) (28, 34) (26, 32) (27, 27) (76, 94) (62, 80) (82, 102) (19, 21) (11, 11) (79, 93) 
(39, 43) (21, 27) (75, 89) (43, 57) (24, 24) (73, 77) (32, 36) (73, 87) (69, 73) (46, 62) (5, 5) (36, 48) (7, 9) (30, 40) (84, 102) 
(63, 63) (4, 4) (77, 93) (51, 55) (54, 68) (46, 62) (14, 18) (17, 19) (5, 5) (42, 44) (21, 27) (84, 92) (61, 73) (70, 88) (36, 46) 
(17, 17) (35, 39) (54, 58) (66, 74) (53, 59) (21, 27) (88, 102) (11, 13) (82, 110) (27, 27) (48, 62) (33, 39) (40, 42) (65, 65) (22, 24) 
(77, 81) (6, 6) (77, 101) (65, 73) (15, 17) (48, 64) (70, 92) (96, 100) (12, 12) (17, 21) (87, 89) (3, 3) (31, 41) (64, 70) (64, 84) 
(36, 40) (67, 85) (45, 49) (19, 23) (78, 82) (95, 99) (31, 39) (41, 49) (65, 83) (81, 103) (96, 100) (48, 60) (80, 102) (72, 86) (41, 51) 
(32, 36) (51, 61) (23, 29) (55, 69) (78, 86) (37, 39) (82, 96) (31, 35) (49, 51) (53, 71) (37, 41) (56, 70) (85, 91) (13, 13) (37, 47) 
TIEMPOS MAXIMOS DE FIN
(10000, 10000) (10000, 10000) (10000, 10000) (10000, 10000) (10000, 10000) (10000, 10000) (10000, 10000) (10000, 10000) (10000, 10000) (10000, 10000) (10000, 10000) (10000, 10000) (10000, 10000) (10000, 10000) (10000, 10000) (10000, 10000) (10000, 10000) (10000, 10000) (10000, 10000) (10000, 10000) 
// Desviacion Izda: min(0%), max(15%), promedio(7.21034%)
// Desviacion Dcha: min(0%), max(15%), promedio(7.21034%)
