NUMERO DE TRABAJOS
20
NUMERO DE RECURSOS
15
SECUENCIA DE MAQUINAS
6 8 11 0 14 13 9 5 3 12 10 2 7 4 1 
0 9 1 6 5 13 11 8 3 4 12 14 7 2 10 
8 3 9 1 0 10 5 14 12 13 6 2 7 11 4 
5 1 7 10 0 2 13 11 14 3 6 9 8 12 4 
2 9 6 7 0 8 13 5 10 3 12 4 14 1 11 
5 3 9 2 1 4 10 8 13 0 11 12 6 14 7 
8 7 12 9 6 14 4 11 5 1 3 13 10 0 2 
13 7 6 11 2 0 14 4 3 1 10 8 9 12 5 
1 14 0 10 11 8 7 5 9 3 4 6 12 2 13 
13 1 3 14 5 9 2 0 11 7 12 4 10 6 8 
10 5 9 13 6 8 11 4 14 0 7 2 12 1 3 
13 9 14 10 3 7 2 5 6 11 8 1 0 12 4 
5 9 7 8 10 13 2 6 1 0 12 11 3 4 14 
9 11 6 7 2 8 14 3 0 12 4 13 5 1 10 
10 2 1 5 0 3 14 11 4 8 9 7 12 6 13 
12 14 0 2 10 5 13 3 7 11 1 9 6 8 4 
8 6 12 4 13 10 5 7 9 0 1 14 3 2 11 
14 5 12 4 1 13 6 2 8 7 10 11 9 3 0 
7 2 6 3 8 14 5 9 4 13 0 11 12 1 10 
10 7 13 4 5 3 6 1 8 0 12 11 9 14 2 
DURACIONES
(40, 40) (57, 57) (81, 109) (32, 34) (67, 77) (27, 35) (55, 55) (33, 39) (92, 92) (64, 80) (69, 91) (37, 41) (3, 3) (74, 98) (29, 29) 
(18, 22) (50, 62) (66, 70) (45, 53) (30, 40) (54, 62) (89, 91) (45, 59) (93, 101) (84, 106) (85, 103) (30, 34) (52, 60) (64, 78) (71, 95) 
(95, 101) (5, 5) (88, 106) (76, 94) (29, 33) (5, 5) (14, 18) (17, 21) (69, 81) (46, 54) (21, 25) (59, 67) (86, 92) (58, 72) (21, 27) 
(71, 89) (50, 66) (40, 42) (29, 39) (86, 102) (58, 68) (7, 9) (74, 76) (55, 65) (38, 46) (38, 38) (3, 3) (73, 73) (75, 83) (34, 38) 
(70, 72) (60, 70) (23, 29) (56, 62) (51, 57) (68, 70) (77, 95) (86, 86) (37, 49) (6, 8) (35, 35) (76, 96) (88, 110) (92, 96) (89, 109) 
(70, 94) (62, 78) (46, 60) (68, 80) (50, 66) (68, 72) (46, 54) (36, 38) (77, 103) (21, 23) (9, 9) (98, 98) (26, 34) (91, 97) (40, 46) 
(62, 80) (56, 70) (56, 74) (13, 17) (37, 41) (82, 104) (87, 107) (66, 68) (5, 5) (61, 61) (64, 64) (58, 78) (2, 2) (31, 31) (15, 19) 
(7, 7) (10, 10) (56, 74) (60, 66) (90, 94) (87, 93) (80, 90) (81, 81) (32, 32) (54, 70) (5, 5) (19, 23) (5, 5) (47, 51) (33, 39) 
(9, 9) (27, 35) (71, 83) (46, 52) (22, 26) (57, 77) (58, 74) (33, 41) (82, 82) (69, 69) (56, 70) (4, 4) (54, 70) (47, 57) (61, 71) 
(61, 73) (66, 80) (86, 88) (24, 32) (43, 43) (13, 13) (17, 19) (70, 76) (59, 79) (18, 22) (83, 111) (63, 83) (58, 70) (8, 8) (13, 13) 
(75, 95) (30, 30) (78, 82) (60, 68) (16, 20) (62, 82) (64, 68) (69, 75) (26, 30) (13, 13) (17, 17) (50, 60) (17, 17) (41, 43) (52, 64) 
(74, 100) (31, 41) (83, 91) (24, 30) (23, 23) (70, 74) (44, 54) (74, 84) (28, 32) (16, 18) (50, 64) (53, 59) (72, 92) (4, 4) (62, 70) 
(6, 6) (58, 66) (71, 85) (74, 82) (59, 65) (15, 19) (40, 46) (17, 19) (48, 58) (16, 16) (60, 72) (17, 23) (65, 73) (47, 51) (4, 4) 
(29, 39) (77, 101) (23, 23) (62, 76) (11, 13) (56, 62) (49, 51) (56, 58) (78, 92) (14, 18) (50, 60) (72, 92) (60, 62) (5, 5) (32, 40) 
(62, 80) (17, 21) (92, 100) (9, 9) (78, 92) (84, 92) (3, 3) (60, 76) (48, 56) (25, 33) (28, 30) (22, 22) (10, 10) (8, 10) (63, 67) 
(20, 26) (29, 39) (67, 79) (29, 39) (77, 93) (40, 40) (66, 80) (14, 16) (46, 56) (78, 104) (1, 1) (39, 47) (7, 7) (62, 64) (6, 8) 
(18, 18) (57, 67) (86, 108) (43, 55) (4, 4) (69, 73) (64, 72) (49, 53) (39, 45) (38, 42) (29, 35) (85, 99) (10, 12) (40, 52) (97, 101) 
(1, 1) (81, 105) (42, 50) (12, 12) (11, 11) (77, 87) (55, 57) (34, 44) (79, 89) (40, 46) (66, 88) (19, 25) (23, 23) (47, 47) (37, 49) 
(97, 99) (33, 43) (88, 96) (63, 81) (74, 82) (62, 78) (45, 49) (30, 34) (82, 86) (82, 86) (56, 70) (86, 104) (52, 66) (23, 29) (14, 14) 
(71, 89) (47, 59) (66, 78) (8, 10) (83, 95) (28, 32) (30, 40) (30, 38) (50, 54) (84, 90) (89, 105) (32, 36) (71, 75) (58, 78) (29, 33) 
TIEMPOS MAXIMOS DE FIN
(10000, 10000) (10000, 10000) (10000, 10000) (10000, 10000) (10000, 10000) (10000, 10000) (10000, 10000) (10000, 10000) (10000, 10000) (10000, 10000) (10000, 10000) (10000, 10000) (10000, 10000) (10000, 10000) (10000, 10000) (10000, 10000) (10000, 10000) (10000, 10000) (10000, 10000) (10000, 10000) 
// Desviacion Izda: min(0%), max(15%), promedio(6.96092%)
// Desviacion Dcha: min(0%), max(15%), promedio(6.96092%)
