NUMERO DE TRABAJOS
20
NUMERO DE RECURSOS
20
SECUENCIA DE MAQUINAS
6 1 15 2 19 13 16 18 3 12 14 5 10 7 8 9 0 17 11 4
8 6 10 9 19 1 0 17 2 11 7 13 18 15 4 14 5 3 16 12
1 3 4 12 0 14 7 19 10 11 5 18 13 15 16 8 9 2 17 6
18 15 10 1 19 9 2 12 4 0 13 16 14 11 3 5 8 17 6 7
2 10 12 15 7 14 17 5 8 1 13 0 3 16 4 9 11 18 6 19
0 16 10 9 17 8 5 3 19 11 15 2 14 4 12 13 1 6 7 18
11 0 1 19 9 10 8 17 18 16 4 3 12 7 6 15 5 14 2 13
16 3 8 10 18 7 1 14 19 2 12 6 5 11 17 4 13 9 15 0
17 18 15 11 10 12 14 3 1 0 16 9 6 19 7 8 4 2 13 5
9 5 3 2 11 4 16 14 7 13 1 18 8 15 12 6 17 19 0 10
5 9 18 0 3 16 6 1 2 11 15 19 7 8 4 10 12 17 14 13
11 5 9 4 3 15 17 7 18 19 13 1 6 12 10 0 14 16 2 8
15 3 4 7 18 13 19 9 2 10 11 14 6 17 12 16 0 8 1 5
13 10 16 8 4 1 2 19 14 12 18 17 0 5 9 7 6 3 11 15
0 5 4 19 14 8 1 16 15 10 12 2 11 6 7 18 13 3 17 9
11 16 17 10 15 12 0 5 4 8 3 7 13 1 18 9 19 6 14 2
7 8 5 13 19 16 11 1 14 18 10 6 3 15 4 2 0 9 17 12
17 10 15 5 4 14 8 18 13 6 19 3 1 9 11 2 12 16 7 0
14 3 16 0 10 18 4 1 5 19 12 9 11 15 13 7 17 8 6 2
13 10 3 14 1 8 0 16 19 4 6 9 11 5 2 7 17 12 15 18
DURACIONES
(60, 68) (56, 58) (75, 87) (88, 108) (56, 62) (85, 89) (86, 100) (60, 64) (19, 21) (14, 14) (85, 85) (45, 45) (43, 51) (8, 10) (91, 97) (9, 9) (14, 16) (66, 66) (1, 1) (81, 107)
(34, 44) (89, 103) (87, 89) (75, 91) (67, 87) (54, 62) (74, 92) (3, 3) (74, 82) (64, 72) (64, 64) (92, 102) (33, 33) (23, 27) (47, 47) (44, 44) (7, 7) (57, 63) (36, 48) (81, 101)
(85, 107) (59, 73) (88, 88) (53, 67) (21, 23) (91, 93) (53, 71) (13, 15) (85, 93) (34, 44) (82, 106) (57, 75) (9, 11) (52, 54) (26, 26) (15, 15) (56, 74) (74, 90) (10, 10) (26, 28)
(91, 95) (88, 96) (85, 107) (67, 73) (80, 86) (73, 75) (28, 34) (83, 93) (51, 51) (55, 59) (78, 78) (8, 8) (7, 7) (90, 92) (69, 89) (16, 20) (44, 58) (17, 19) (87, 111) (32, 34)
(4, 4) (77, 87) (40, 40) (74, 98) (44, 56) (54, 54) (21, 21) (6, 6) (48, 60) (59, 77) (72, 92) (18, 22) (34, 44) (33, 37) (60, 76) (73, 73) (23, 23) (27, 33) (29, 31) (50, 56)
(94, 94) (50, 66) (87, 99) (30, 34) (90, 92) (28, 32) (51, 61) (27, 27) (92, 92) (8, 10) (70, 86) (20, 26) (20, 22) (55, 65) (35, 37) (28, 30) (92, 98) (92, 106) (77, 81) (75, 77)
(92, 94) (42, 42) (47, 57) (41, 43) (96, 96) (29, 29) (57, 65) (76, 100) (67, 73) (16, 16) (28, 34) (60, 70) (73, 93) (72, 84) (23, 29) (47, 53) (77, 97) (59, 65) (13, 15) (28, 32)
(18, 18) (67, 83) (19, 21) (4, 4) (81, 101) (59, 77) (19, 19) (52, 56) (76, 94) (64, 82) (40, 46) (22, 26) (37, 37) (84, 90) (64, 68) (31, 33) (48, 56) (9, 9) (48, 50) (61, 61)
(31, 39) (87, 111) (59, 65) (6, 6) (62, 62) (7, 7) (75, 85) (3, 3) (55, 59) (7, 7) (74, 96) (27, 33) (91, 101) (84, 98) (13, 13) (75, 99) (77, 87) (72, 94) (71, 85) (52, 60)
(80, 90) (7, 9) (64, 68) (85, 91) (13, 17) (5, 5) (56, 62) (27, 33) (52, 68) (41, 41) (17, 17) (61, 71) (84, 94) (75, 81) (86, 90) (60, 78) (45, 45) (79, 85) (6, 6) (13, 13)
(81, 99) (26, 28) (1, 1) (8, 8) (90, 92) (70, 90) (79, 99) (49, 49) (31, 33) (25, 31) (88, 92) (89, 97) (6, 6) (30, 40) (67, 79) (46, 48) (43, 43) (69, 81) (8, 8) (49, 53)
(3, 3) (79, 89) (33, 35) (26, 30) (56, 64) (62, 76) (45, 45) (63, 71) (54, 62) (86, 88) (61, 69) (57, 67) (85, 109) (19, 21) (31, 31) (30, 36) (32, 34) (70, 84) (45, 55) (75, 85)
(46, 50) (89, 91) (66, 84) (85, 107) (44, 44) (28, 28) (21, 21) (46, 56) (67, 83) (17, 17) (76, 102) (52, 66) (49, 63) (55, 71) (18, 18) (15, 19) (29, 31) (14, 18) (6, 8) (34, 36)
(53, 61) (16, 16) (38, 46) (33, 35) (33, 41) (26, 26) (65, 71) (72, 74) (5, 5) (8, 8) (12, 12) (76, 98) (73, 93) (20, 20) (92, 102) (19, 21) (80, 90) (58, 64) (9, 9) (34, 38)
(61, 65) (11, 11) (44, 46) (9, 11) (33, 33) (5, 5) (38, 44) (43, 51) (8, 10) (71, 77) (33, 33) (35, 35) (73, 83) (12, 12) (19, 25) (43, 45) (7, 9) (90, 104) (9, 11) (79, 93)
(30, 36) (57, 63) (21, 21) (85, 107) (63, 75) (33, 35) (85, 103) (15, 15) (23, 23) (74, 94) (15, 17) (53, 57) (50, 50) (5, 5) (57, 61) (34, 36) (12, 12) (50, 64) (10, 12) (44, 58)
(68, 76) (38, 46) (4, 4) (57, 67) (15, 15) (24, 30) (16, 16) (31, 37) (7, 9) (44, 56) (83, 87) (12, 12) (42, 54) (5, 5) (25, 25) (38, 42) (78, 84) (44, 48) (59, 75) (22, 28)
(76, 90) (83, 101) (22, 28) (35, 45) (20, 22) (4, 4) (37, 49) (36, 40) (53, 67) (23, 25) (3, 3) (25, 31) (77, 95) (60, 76) (51, 59) (89, 93) (94, 100) (19, 19) (66, 80) (18, 22)
(27, 29) (72, 90) (44, 48) (85, 111) (45, 47) (27, 31) (94, 98) (12, 12) (63, 79) (29, 35) (63, 65) (36, 42) (16, 16) (91, 103) (91, 107) (44, 54) (64, 86) (7, 7) (69, 89) (74, 86)
(71, 71) (8, 10) (11, 11) (8, 8) (4, 4) (42, 52) (80, 106) (76, 88) (6, 6) (48, 50) (7, 7) (23, 25) (92, 92) (12, 14) (86, 86) (72, 88) (32, 36) (72, 78) (32, 38) (28, 30)
TIEMPOS MAXIMOS DE FIN
(1430, 1870) (1537, 2011) (1398, 1829) (1582, 2068) (1193, 1560) (1531, 2002) (1449, 1895) (1257, 1643) (1454, 1902) (1313, 1717) (1320, 1727) (1407, 1841) (1215, 1589) (1138, 1489) (991, 1297) (1144, 1496) (993, 1298) (1261, 1649) (1487, 1944) (1111, 1453)
