NUMERO DE TRABAJOS
20
NUMERO DE RECURSOS
20
SECUENCIA DE MAQUINAS
1 18 4 15 16 19 0 10 5 14 13 7 8 6 2 11 3 9 12 17
4 2 3 14 1 0 13 17 18 16 5 10 9 15 19 11 8 6 7 12
1 16 8 18 13 14 6 0 9 15 19 3 12 5 4 11 10 7 2 17
19 3 4 9 1 2 18 8 6 16 13 14 12 5 7 11 15 10 17 0
15 12 1 10 0 19 11 13 2 14 17 6 16 3 7 4 8 9 18 5
3 7 9 0 5 6 14 16 4 2 19 12 13 18 1 11 17 10 8 15
17 3 11 9 4 13 16 8 0 18 1 19 10 5 6 15 14 12 7 2
17 13 16 4 11 7 12 6 8 10 2 18 0 9 15 1 3 5 14 19
0 11 1 18 2 13 9 7 8 15 16 12 14 10 6 17 3 5 4 19
9 3 6 12 0 13 2 1 17 16 18 19 4 11 14 7 15 5 8 10
12 10 16 9 18 7 8 0 6 3 15 1 5 4 17 14 13 19 11 2
6 18 8 4 7 17 0 14 11 19 3 10 9 16 12 5 1 13 2 15
17 4 16 12 19 1 2 18 11 3 10 6 5 7 9 0 8 13 15 14
14 11 1 9 12 7 10 19 2 17 13 16 8 15 5 3 18 0 6 4
4 10 19 18 16 11 5 15 1 7 2 14 13 3 17 0 12 6 9 8
2 3 7 18 14 6 12 0 9 13 4 16 10 5 19 11 17 15 8 1
3 2 15 9 18 11 7 17 16 8 19 13 0 6 4 10 14 1 5 12
4 10 8 1 12 18 17 15 11 19 3 14 13 7 2 9 5 6 0 16
13 15 5 14 3 18 17 10 2 19 6 12 11 16 7 0 4 1 9 8
3 13 18 8 11 9 17 12 16 0 2 14 19 7 10 1 15 4 6 5
DURACIONES
(28, 32) (74, 86) (32, 36) (90, 94) (25, 33) (93, 99) (25, 25) (46, 52) (65, 69) (48, 58) (19, 21) (46, 58) (27, 31) (48, 54) (35, 35) (35, 41) (17, 19) (42, 44) (45, 47) (87, 109)
(72, 74) (64, 72) (3, 3) (91, 105) (65, 71) (8, 8) (15, 15) (76, 100) (62, 82) (18, 22) (89, 89) (56, 62) (67, 69) (62, 64) (40, 42) (27, 33) (41, 45) (70, 90) (58, 70) (13, 15)
(6, 6) (31, 41) (83, 93) (71, 71) (46, 56) (56, 70) (32, 32) (15, 17) (61, 65) (7, 7) (16, 20) (86, 94) (50, 60) (23, 27) (71, 73) (88, 96) (84, 92) (60, 78) (87, 91) (73, 93)
(55, 61) (31, 39) (74, 84) (43, 43) (82, 90) (47, 53) (59, 69) (79, 97) (55, 59) (24, 26) (65, 81) (18, 18) (4, 4) (60, 78) (36, 44) (25, 31) (33, 41) (40, 44) (80, 84) (77, 89)
(2, 2) (35, 47) (12, 14) (66, 84) (28, 34) (61, 71) (65, 79) (65, 67) (84, 108) (43, 47) (26, 32) (48, 50) (91, 101) (48, 52) (34, 42) (69, 91) (83, 97) (36, 36) (44, 56) (65, 87)
(14, 16) (31, 31) (76, 102) (77, 97) (54, 56) (47, 51) (20, 26) (17, 21) (35, 41) (85, 101) (74, 76) (45, 45) (65, 85) (71, 73) (63, 67) (6, 6) (16, 16) (24, 24) (23, 25) (39, 49)
(4, 4) (20, 24) (95, 103) (9, 11) (78, 92) (79, 79) (2, 2) (48, 60) (75, 85) (2, 2) (51, 65) (32, 34) (83, 101) (81, 105) (86, 102) (30, 38) (32, 40) (43, 53) (51, 57) (12, 12)
(18, 20) (2, 2) (7, 7) (57, 63) (35, 37) (11, 11) (97, 97) (54, 60) (68, 74) (52, 68) (19, 21) (65, 71) (50, 56) (54, 54) (54, 64) (15, 17) (58, 62) (60, 76) (60, 70) (40, 44)
(57, 57) (16, 16) (87, 97) (85, 113) (81, 83) (83, 99) (12, 12) (17, 21) (51, 67) (41, 45) (18, 22) (74, 94) (23, 25) (75, 85) (60, 60) (78, 86) (61, 63) (31, 33) (26, 32) (18, 22)
(74, 78) (76, 80) (78, 78) (37, 47) (3, 3) (29, 31) (7, 7) (71, 93) (58, 66) (13, 13) (81, 87) (19, 25) (73, 83) (72, 88) (50, 66) (52, 54) (6, 6) (73, 97) (23, 23) (86, 112)
(73, 93) (9, 9) (66, 78) (86, 90) (81, 87) (86, 88) (74, 82) (62, 68) (20, 26) (7, 7) (30, 40) (82, 106) (33, 33) (10, 10) (6, 6) (82, 88) (80, 96) (18, 18) (82, 106) (84, 100)
(26, 30) (31, 35) (80, 106) (11, 11) (23, 27) (65, 69) (43, 45) (28, 28) (60, 78) (67, 67) (8, 10) (78, 86) (42, 44) (48, 58) (47, 49) (38, 40) (45, 59) (75, 75) (77, 85) (43, 45)
(22, 26) (38, 50) (53, 63) (65, 81) (27, 33) (24, 26) (20, 22) (14, 14) (6, 6) (36, 46) (17, 21) (19, 23) (35, 37) (63, 81) (83, 109) (29, 35) (5, 5) (43, 49) (61, 61) (71, 93)
(85, 97) (41, 43) (89, 105) (63, 67) (74, 82) (35, 45) (88, 98) (61, 67) (8, 8) (49, 63) (10, 10) (83, 103) (24, 32) (68, 86) (78, 96) (26, 26) (33, 33) (16, 18) (2, 2) (31, 39)
(14, 16) (45, 45) (96, 96) (11, 11) (87, 103) (35, 43) (19, 25) (69, 77) (76, 82) (56, 72) (73, 85) (76, 100) (60, 70) (24, 24) (38, 38) (17, 17) (3, 3) (63, 83) (59, 59) (90, 94)
(3, 3) (26, 30) (17, 17) (61, 81) (78, 104) (16, 18) (66, 72) (66, 72) (49, 53) (35, 45) (88, 98) (82, 82) (42, 52) (42, 42) (51, 67) (7, 7) (43, 43) (82, 84) (44, 46) (74, 92)
(60, 74) (9, 9) (37, 37) (56, 68) (82, 82) (63, 75) (29, 39) (35, 43) (13, 17) (73, 95) (29, 35) (69, 75) (67, 69) (88, 102) (63, 77) (76, 84) (68, 88) (73, 87) (29, 31) (40, 48)
(12, 14) (95, 97) (24, 28) (4, 4) (88, 90) (85, 111) (72, 94) (8, 8) (70, 70) (63, 73) (34, 40) (20, 20) (35, 35) (96, 102) (25, 29) (12, 12) (73, 73) (86, 98) (94, 102) (71, 79)
(71, 79) (1, 1) (35, 35) (72, 74) (32, 38) (6, 6) (37, 39) (30, 38) (62, 78) (49, 53) (16, 16) (67, 89) (57, 59) (9, 9) (97, 97) (53, 57) (33, 43) (61, 69) (1, 1) (8, 8)
(25, 29) (34, 38) (46, 54) (20, 22) (32, 32) (6, 6) (34, 34) (73, 95) (45, 55) (38, 40) (4, 4) (83, 105) (43, 55) (19, 21) (86, 110) (56, 72) (40, 42) (29, 29) (4, 4) (90, 90)
TIEMPOS MAXIMOS DE FIN
(1280, 1674) (1383, 1808) (1448, 1893) (1379, 1803) (1431, 1871) (1228, 1606) (1288, 1684) (1202, 1572) (1381, 1807) (1376, 1800) (1496, 1956) (1288, 1684) (1047, 1370) (1354, 1771) (1400, 1830) (1352, 1768) (1491, 1949) (1459, 1909) (1095, 1433) (1133, 1482)
