NUMERO DE TRABAJOS
20
NUMERO DE RECURSOS
15
SECUENCIA DE MAQUINAS
12 11 8 9 7 13 0 10 2 4 5 6 3 14 1 
2 5 0 10 4 1 13 11 3 14 6 8 9 12 7 
3 2 6 9 5 12 0 13 7 10 14 1 4 8 11 
9 14 5 7 13 10 12 2 3 8 1 6 11 0 4 
3 8 6 1 13 0 9 5 14 2 12 7 4 11 10 
3 8 13 11 12 1 4 14 6 5 9 0 7 10 2 
11 2 0 6 4 1 5 12 9 7 3 8 13 10 14 
12 3 4 11 8 1 5 0 13 6 10 9 2 14 7 
5 8 7 0 12 13 1 6 4 14 10 9 3 2 11 
6 3 9 8 2 1 12 7 5 14 0 4 11 13 10 
6 0 4 14 8 13 12 11 10 1 9 7 5 3 2 
0 6 4 3 8 2 11 1 9 5 13 12 10 14 7 
2 9 5 12 3 14 4 13 11 7 1 10 8 6 0 
11 7 10 4 8 14 6 3 9 5 1 13 2 12 0 
8 13 10 12 0 9 2 6 11 1 3 14 5 7 4 
14 7 11 6 10 9 2 0 1 12 8 3 4 13 5 
8 13 7 9 11 12 5 4 2 3 14 6 0 10 1 
8 14 5 11 1 0 7 3 12 2 9 10 13 6 4 
8 6 1 11 7 12 14 10 0 9 3 4 5 13 2 
13 1 4 0 5 7 3 6 12 8 11 2 10 14 9 
DURACIONES
(90, 92) (17, 17) (4, 4) (54, 72) (64, 70) (28, 32) (75, 99) (80, 80) (87, 103) (14, 14) (15, 19) (19, 25) (1, 1) (80, 90) (35, 47) 
(77, 77) (69, 85) (8, 10) (75, 79) (22, 26) (7, 9) (60, 68) (6, 6) (12, 12) (12, 14) (69, 73) (68, 84) (86, 104) (8, 8) (6, 6) 
(86, 98) (3, 3) (11, 13) (23, 31) (57, 59) (60, 72) (89, 109) (31, 35) (6, 8) (69, 87) (88, 104) (28, 32) (49, 59) (22, 24) (85, 91) 
(17, 21) (39, 51) (58, 72) (21, 27) (29, 31) (26, 34) (45, 53) (30, 34) (71, 85) (31, 31) (3, 3) (23, 27) (8, 10) (2, 2) (22, 22) 
(84, 84) (57, 65) (33, 37) (43, 45) (34, 40) (14, 18) (92, 102) (80, 90) (50, 52) (24, 28) (13, 13) (66, 86) (37, 45) (2, 2) (96, 96) 
(75, 95) (49, 61) (2, 2) (64, 66) (47, 57) (83, 111) (71, 91) (7, 9) (20, 24) (51, 67) (92, 98) (48, 56) (82, 88) (55, 73) (13, 13) 
(63, 65) (94, 94) (4, 4) (12, 14) (95, 101) (24, 28) (28, 36) (17, 23) (83, 111) (24, 32) (59, 67) (2, 2) (20, 26) (12, 16) (62, 62) 
(56, 56) (98, 98) (48, 64) (28, 28) (1, 1) (85, 107) (27, 27) (37, 39) (35, 47) (89, 99) (75, 79) (61, 65) (60, 66) (81, 81) (6, 6) 
(62, 64) (86, 110) (58, 70) (35, 39) (82, 96) (96, 96) (76, 100) (12, 14) (68, 76) (25, 31) (49, 65) (87, 111) (10, 12) (8, 8) (96, 96) 
(15, 19) (62, 80) (71, 89) (31, 35) (79, 95) (73, 91) (44, 44) (12, 16) (85, 85) (2, 2) (57, 63) (68, 76) (26, 28) (54, 72) (60, 72) 
(40, 54) (36, 48) (55, 67) (17, 17) (63, 67) (5, 5) (84, 108) (47, 47) (9, 9) (19, 21) (9, 11) (10, 12) (84, 88) (86, 94) (61, 69) 
(63, 69) (87, 95) (7, 9) (37, 37) (96, 102) (81, 99) (14, 18) (77, 101) (17, 17) (87, 109) (87, 87) (8, 8) (35, 45) (31, 35) (34, 40) 
(93, 105) (2, 2) (19, 25) (12, 12) (12, 14) (58, 66) (28, 32) (40, 48) (24, 26) (53, 59) (9, 11) (41, 47) (23, 27) (36, 42) (65, 65) 
(32, 38) (55, 69) (49, 55) (80, 88) (26, 34) (2, 2) (44, 56) (68, 70) (58, 70) (47, 61) (43, 47) (38, 38) (89, 91) (65, 75) (32, 42) 
(66, 80) (35, 45) (16, 16) (19, 23) (43, 57) (9, 11) (44, 48) (2, 2) (46, 50) (15, 17) (56, 60) (33, 41) (11, 13) (26, 34) (79, 85) 
(74, 78) (38, 42) (19, 23) (88, 94) (41, 55) (6, 6) (79, 103) (68, 82) (69, 89) (46, 56) (51, 51) (73, 89) (67, 73) (58, 72) (17, 21) 
(44, 54) (5, 5) (55, 63) (39, 41) (64, 84) (67, 73) (77, 91) (41, 53) (22, 28) (84, 88) (70, 80) (25, 27) (48, 54) (30, 34) (13, 17) 
(10, 12) (16, 20) (6, 6) (51, 69) (81, 85) (56, 72) (78, 92) (21, 21) (52, 52) (46, 52) (30, 30) (49, 63) (29, 33) (24, 26) (27, 35) 
(72, 94) (41, 43) (11, 11) (55, 73) (44, 44) (78, 102) (8, 8) (30, 40) (68, 76) (59, 75) (69, 75) (51, 59) (42, 44) (86, 90) (31, 39) 
(18, 20) (47, 59) (69, 91) (87, 91) (19, 23) (30, 38) (51, 61) (79, 99) (47, 53) (26, 30) (13, 17) (24, 30) (70, 78) (80, 86) (73, 85) 
TIEMPOS MAXIMOS DE FIN
(10000, 10000) (10000, 10000) (10000, 10000) (10000, 10000) (10000, 10000) (10000, 10000) (10000, 10000) (10000, 10000) (10000, 10000) (10000, 10000) (10000, 10000) (10000, 10000) (10000, 10000) (10000, 10000) (10000, 10000) (10000, 10000) (10000, 10000) (10000, 10000) (10000, 10000) (10000, 10000) 
// Desviacion Izda: min(0%), max(15%), promedio(6.81377%)
// Desviacion Dcha: min(0%), max(15%), promedio(6.81377%)
