NUMERO DE TRABAJOS
20
NUMERO DE RECURSOS
20
SECUENCIA DE MAQUINAS
10 2 9 3 7 4 18 12 6 14 15 0 5 17 8 13 19 11 16 1
0 14 2 11 8 6 7 15 12 18 1 16 13 19 10 5 4 3 17 9
8 7 1 12 4 18 14 2 15 10 11 16 0 17 9 5 13 19 6 3
10 15 0 6 18 16 9 2 19 5 11 13 8 7 4 17 12 1 3 14
10 18 16 4 5 9 8 3 12 14 17 1 0 11 2 19 15 13 7 6
3 12 9 11 19 14 2 1 10 13 5 8 7 17 16 18 0 15 4 6
2 7 6 19 5 9 11 16 10 8 1 18 4 0 13 3 15 14 12 17
12 7 18 19 5 10 8 14 11 17 0 9 15 6 1 4 3 2 16 13
8 12 7 4 5 10 3 9 0 2 13 11 1 19 14 16 17 15 18 6
17 14 5 10 13 11 9 4 2 7 0 3 6 8 18 1 15 16 19 12
2 17 9 14 1 7 15 3 4 6 5 0 18 11 10 12 16 8 19 13
19 10 9 4 1 7 18 2 15 11 3 8 13 16 6 12 17 5 14 0
0 16 1 12 17 13 8 19 4 3 7 9 18 15 10 6 2 11 5 14
7 12 13 8 17 9 16 10 6 3 14 4 11 19 5 1 18 15 0 2
5 10 1 4 2 6 14 7 11 18 9 13 15 3 0 19 17 16 12 8
4 13 18 3 19 10 14 2 12 1 7 11 5 8 15 6 9 0 16 17
8 15 16 19 5 6 12 2 10 14 0 3 9 13 1 4 11 17 18 7
5 19 11 12 6 3 4 8 1 17 18 2 13 14 15 16 10 7 0 9
7 1 10 18 14 16 5 13 4 19 2 6 0 12 11 15 3 17 8 9
0 9 16 4 2 7 15 13 1 6 19 3 10 8 11 5 18 12 17 14
DURACIONES
(42, 52) (58, 64) (7, 7) (13, 13) (50, 54) (32, 34) (75, 91) (58, 62) (57, 57) (7, 7) (65, 83) (84, 102) (54, 64) (41, 51) (7, 7) (82, 86) (49, 63) (58, 58) (43, 47) (4, 4)
(92, 102) (15, 15) (16, 20) (70, 76) (36, 38) (89, 99) (19, 21) (61, 77) (13, 13) (26, 26) (48, 48) (67, 75) (92, 100) (5, 5) (42, 42) (14, 16) (56, 72) (36, 36) (6, 6) (69, 79)
(81, 93) (79, 99) (28, 28) (79, 83) (43, 51) (52, 54) (58, 76) (71, 85) (14, 14) (89, 95) (92, 96) (23, 29) (60, 76) (36, 36) (74, 84) (70, 72) (87, 101) (27, 29) (22, 28) (2, 2)
(91, 107) (61, 69) (9, 9) (46, 58) (10, 10) (50, 60) (19, 21) (65, 69) (61, 77) (16, 16) (10, 10) (50, 58) (47, 47) (4, 4) (62, 70) (33, 33) (8, 10) (51, 55) (27, 33) (28, 30)
(33, 33) (61, 67) (16, 18) (73, 89) (39, 45) (52, 68) (13, 15) (84, 106) (31, 41) (83, 107) (35, 39) (73, 97) (48, 48) (72, 76) (73, 79) (66, 70) (67, 87) (14, 14) (89, 93) (69, 69)
(86, 86) (16, 16) (31, 37) (71, 95) (78, 80) (82, 96) (21, 23) (70, 78) (54, 62) (67, 75) (20, 24) (34, 38) (46, 60) (79, 81) (49, 57) (1, 1) (55, 59) (63, 73) (23, 29) (23, 29)
(4, 4) (83, 83) (24, 28) (53, 55) (14, 18) (77, 99) (16, 16) (53, 69) (36, 46) (49, 59) (91, 105) (3, 3) (81, 87) (10, 12) (53, 57) (16, 20) (62, 72) (57, 67) (15, 19) (29, 33)
(16, 16) (96, 102) (46, 46) (40, 40) (54, 54) (24, 30) (68, 74) (95, 95) (9, 9) (44, 48) (51, 63) (85, 87) (7, 7) (16, 16) (65, 75) (15, 15) (67, 75) (41, 41) (74, 92) (13, 15)
(27, 33) (22, 26) (94, 96) (41, 41) (50, 56) (79, 89) (48, 62) (54, 54) (38, 46) (74, 76) (53, 57) (56, 58) (58, 66) (20, 26) (28, 28) (3, 3) (79, 87) (80, 96) (10, 12) (63, 73)
(78, 78) (62, 64) (21, 21) (56, 72) (81, 101) (74, 76) (52, 54) (31, 39) (67, 87) (27, 31) (62, 74) (85, 99) (86, 92) (47, 51) (47, 47) (33, 33) (4, 4) (58, 58) (16, 20) (32, 34)
(22, 28) (81, 91) (51, 59) (60, 76) (50, 62) (37, 49) (23, 23) (14, 16) (78, 98) (24, 32) (40, 42) (84, 90) (65, 85) (75, 79) (48, 50) (51, 53) (72, 88) (22, 28) (89, 99) (49, 61)
(36, 44) (28, 30) (26, 28) (68, 72) (67, 85) (18, 20) (61, 73) (9, 9) (10, 10) (8, 8) (73, 93) (43, 55) (62, 78) (60, 64) (63, 77) (37, 39) (58, 78) (42, 50) (71, 83) (9, 9)
(68, 76) (72, 92) (73, 83) (11, 13) (86, 110) (95, 101) (41, 51) (78, 80) (86, 90) (11, 11) (31, 41) (59, 75) (89, 105) (20, 24) (53, 53) (20, 22) (20, 24) (16, 18) (43, 43) (54, 66)
(60, 60) (67, 87) (31, 33) (44, 58) (28, 34) (61, 69) (17, 19) (3, 3) (30, 32) (11, 13) (32, 38) (48, 60) (44, 44) (9, 11) (37, 49) (69, 85) (35, 45) (96, 100) (66, 72) (29, 37)
(71, 73) (42, 42) (19, 21) (2, 2) (43, 57) (61, 73) (71, 91) (87, 103) (38, 40) (40, 50) (77, 87) (49, 51) (82, 96) (77, 77) (55, 71) (44, 44) (40, 44) (35, 45) (75, 97) (77, 91)
(54, 70) (6, 6) (40, 52) (38, 42) (66, 84) (80, 98) (11, 11) (13, 13) (89, 89) (62, 80) (60, 78) (74, 98) (53, 67) (81, 103) (51, 61) (79, 97) (73, 87) (16, 20) (66, 84) (63, 69)
(44, 58) (15, 17) (56, 64) (36, 40) (39, 47) (83, 105) (3, 3) (46, 60) (78, 82) (87, 105) (63, 77) (66, 66) (79, 87) (82, 82) (81, 85) (67, 73) (20, 24) (82, 106) (45, 47) (49, 65)
(6, 6) (25, 31) (62, 80) (8, 10) (24, 30) (80, 96) (88, 92) (62, 82) (42, 44) (16, 16) (32, 40) (38, 50) (38, 44) (33, 41) (78, 82) (73, 95) (79, 93) (86, 96) (22, 26) (3, 3)
(41, 45) (26, 28) (41, 51) (58, 76) (77, 101) (10, 10) (55, 71) (29, 37) (13, 15) (94, 96) (57, 65) (57, 75) (62, 74) (46, 46) (27, 27) (5, 5) (15, 19) (60, 68) (9, 11) (72, 76)
(82, 84) (34, 36) (34, 44) (93, 101) (92, 106) (75, 79) (92, 104) (87, 89) (44, 58) (29, 33) (78, 98) (24, 24) (34, 34) (41, 47) (25, 33) (37, 37) (21, 25) (14, 16) (49, 51) (50, 62)
TIEMPOS MAXIMOS DE FIN
(1229, 1608) (1194, 1562) (1506, 1970) (1036, 1354) (1528, 1999) (1344, 1757) (1155, 1511) (1251, 1637) (1340, 1752) (1400, 1830) (1458, 1907) (1205, 1575) (1432, 1873) (1147, 1501) (1521, 1989) (1549, 2026) (1569, 2051) (1268, 1659) (1202, 1572) (1427, 1866)
