NUMERO DE TRABAJOS
30
NUMERO DE RECURSOS
20
SECUENCIA DE MAQUINAS
3 17 14 10 5 12 18 8 15 4 1 7 9 6 16 0 13 2 11 19
8 7 12 14 1 4 17 19 9 15 0 3 2 6 11 16 10 5 18 13
18 14 1 11 0 6 12 4 15 5 13 17 9 16 8 2 19 3 7 10
15 1 4 11 3 2 17 10 14 13 16 7 18 0 12 5 8 9 6 19
5 10 15 13 16 19 18 2 4 7 8 17 11 9 14 6 3 0 12 1
9 16 1 5 6 11 13 14 2 0 4 17 15 19 10 18 8 3 7 12
2 6 7 14 4 12 15 16 13 5 1 10 0 17 9 18 3 19 8 11
8 14 13 16 10 7 2 19 0 6 5 12 4 11 1 3 18 17 9 15
3 0 14 4 15 6 8 5 17 9 13 16 1 2 12 10 18 19 7 11
1 19 0 7 2 6 10 4 17 5 12 13 14 15 18 16 3 8 9 11
9 0 1 13 3 16 14 2 5 12 7 8 19 4 18 10 11 6 15 17
1 14 4 11 2 7 3 12 16 9 13 17 18 0 10 15 5 8 6 19
0 9 10 4 2 3 7 12 11 17 14 15 13 6 8 19 18 1 16 5
17 11 5 3 14 7 1 15 10 12 13 16 2 18 19 0 9 8 4 6
3 19 4 10 2 1 11 15 0 5 14 17 8 13 12 6 7 9 18 16
9 0 6 14 3 11 8 10 2 13 15 19 4 18 17 12 1 5 7 16
17 12 18 6 14 16 13 2 9 19 7 3 8 11 0 4 1 5 15 10
3 15 0 2 4 6 9 10 14 16 11 5 17 13 18 19 8 1 12 7
0 6 17 4 1 2 18 12 11 16 10 15 3 13 8 14 19 7 9 5
6 19 3 13 18 4 7 1 9 16 8 17 10 14 2 15 11 12 5 0
8 18 7 14 0 11 4 9 13 5 3 12 17 16 2 15 19 6 10 1
15 0 8 9 13 5 3 16 10 17 1 7 14 4 18 2 12 6 19 11
14 17 19 5 16 6 4 10 15 18 12 13 8 2 7 9 1 0 11 3
19 13 2 17 9 1 4 0 3 11 10 8 18 14 16 12 15 7 5 6
6 14 15 7 4 16 11 0 1 10 17 19 13 18 3 12 8 5 2 9
8 6 4 7 15 10 18 3 13 19 14 5 0 2 11 16 17 12 9 1
4 0 5 8 9 18 14 15 10 12 13 7 11 3 16 2 6 1 19 17
18 7 3 9 14 6 0 15 8 19 11 12 13 5 10 4 1 16 2 17
3 15 11 9 16 5 12 19 13 0 17 2 8 1 6 14 18 4 7 10
7 18 16 10 4 3 11 0 17 14 2 5 9 6 19 15 13 12 8 1
DURACIONES
(80, 92) (5, 5) (21, 21) (67, 67) (78, 96) (88, 92) (21, 21) (75, 99) (77, 87) (64, 72) (22, 28) (9, 11) (55, 61) (61, 69) (20, 20) (34, 34) (11, 13) (31, 39) (60, 66) (40, 42)
(88, 94) (76, 84) (34, 42) (75, 83) (59, 73) (6, 6) (19, 23) (83, 95) (50, 50) (82, 104) (49, 55) (33, 33) (82, 82) (47, 55) (84, 96) (55, 55) (85, 113) (65, 85) (21, 23) (54, 62)
(54, 64) (22, 22) (10, 10) (1, 1) (73, 77) (1, 1) (30, 40) (15, 15) (38, 40) (26, 30) (27, 31) (8, 8) (58, 72) (42, 48) (5, 5) (82, 98) (17, 19) (11, 11) (35, 43) (68, 72)
(20, 20) (36, 42) (2, 2) (29, 35) (41, 47) (78, 92) (27, 33) (66, 70) (66, 68) (57, 57) (14, 14) (69, 81) (63, 79) (37, 45) (36, 36) (30, 36) (70, 74) (28, 36) (87, 97) (17, 17)
(80, 84) (62, 80) (53, 57) (26, 30) (71, 75) (12, 12) (18, 18) (37, 45) (67, 89) (66, 76) (26, 26) (87, 107) (23, 23) (62, 68) (52, 56) (79, 97) (87, 101) (25, 31) (22, 22) (89, 101)
(5, 5) (27, 31) (64, 82) (65, 73) (49, 53) (69, 71) (23, 25) (78, 100) (19, 23) (83, 95) (73, 93) (13, 15) (60, 62) (12, 12) (91, 103) (54, 60) (56, 66) (56, 66) (17, 21) (3, 3)
(37, 49) (4, 4) (29, 35) (4, 4) (83, 109) (31, 37) (20, 22) (2, 2) (33, 33) (75, 79) (59, 65) (37, 41) (81, 97) (84, 96) (86, 94) (41, 43) (16, 16) (68, 78) (67, 83) (57, 57)
(73, 83) (62, 64) (26, 26) (45, 51) (9, 9) (24, 28) (52, 58) (80, 106) (15, 15) (84, 86) (39, 39) (81, 93) (66, 66) (53, 55) (66, 70) (30, 30) (7, 7) (45, 59) (2, 2) (27, 35)
(53, 57) (82, 92) (9, 11) (5, 5) (43, 53) (72, 84) (78, 96) (7, 9) (61, 79) (69, 69) (52, 62) (83, 87) (52, 64) (65, 83) (86, 98) (76, 78) (50, 58) (43, 43) (25, 31) (6, 6)
(40, 44) (68, 74) (68, 68) (66, 88) (19, 19) (12, 12) (51, 67) (70, 78) (65, 77) (20, 24) (7, 7) (49, 57) (87, 111) (71, 71) (78, 98) (79, 103) (21, 23) (42, 50) (72, 88) (52, 58)
(67, 87) (15, 19) (74, 84) (1, 1) (64, 80) (85, 91) (36, 48) (80, 86) (81, 87) (7, 9) (39, 41) (84, 98) (63, 69) (83, 87) (38, 48) (45, 57) (86, 102) (23, 23) (75, 93) (15, 15)
(6, 6) (40, 42) (5, 5) (86, 88) (41, 51) (67, 83) (49, 49) (6, 6) (1, 1) (50, 50) (85, 91) (57, 73) (9, 11) (88, 88) (41, 51) (29, 37) (41, 53) (72, 72) (47, 49) (11, 13)
(54, 58) (73, 77) (47, 59) (32, 36) (71, 75) (80, 86) (68, 76) (15, 15) (24, 32) (51, 53) (47, 51) (14, 16) (76, 86) (84, 92) (10, 12) (45, 59) (45, 51) (80, 96) (16, 20) (44, 48)
(67, 69) (36, 36) (34, 34) (11, 11) (54, 72) (30, 32) (28, 32) (54, 64) (77, 93) (55, 65) (71, 85) (79, 85) (6, 6) (78, 98) (39, 47) (58, 74) (92, 94) (77, 87) (34, 44) (16, 16)
(55, 61) (47, 49) (84, 110) (67, 67) (3, 3) (76, 94) (34, 38) (24, 24) (2, 2) (35, 39) (70, 74) (2, 2) (23, 27) (73, 75) (41, 51) (37, 49) (61, 63) (24, 30) (72, 82) (77, 87)
(5, 5) (85, 101) (79, 79) (35, 45) (4, 4) (79, 85) (68, 78) (68, 74) (56, 66) (64, 66) (63, 85) (2, 2) (54, 60) (67, 89) (11, 13) (1, 1) (77, 89) (10, 10) (82, 88) (46, 50)
(72, 78) (55, 71) (16, 16) (15, 15) (42, 42) (34, 34) (24, 30) (3, 3) (79, 87) (7, 7) (11, 13) (56, 70) (84, 104) (20, 20) (31, 39) (67, 83) (45, 59) (25, 25) (93, 103) (81, 85)
(38, 40) (57, 73) (21, 21) (34, 34) (63, 69) (26, 28) (76, 86) (30, 36) (26, 32) (84, 106) (1, 1) (55, 73) (81, 83) (60, 62) (68, 80) (46, 56) (46, 50) (91, 107) (23, 23) (52, 62)
(81, 95) (90, 96) (11, 11) (78, 102) (24, 30) (57, 69) (20, 20) (45, 57) (33, 39) (71, 81) (26, 26) (10, 10) (66, 76) (68, 80) (31, 39) (42, 54) (12, 12) (36, 36) (24, 24) (9, 11)
(90, 96) (52, 60) (25, 31) (52, 62) (20, 22) (54, 64) (43, 53) (6, 6) (16, 16) (84, 96) (6, 6) (46, 52) (28, 36) (81, 83) (3, 3) (4, 4) (29, 33) (25, 25) (8, 8) (27, 29)
(64, 72) (11, 11) (92, 106) (3, 3) (77, 79) (1, 1) (37, 41) (61, 69) (19, 19) (16, 16) (11, 11) (26, 26) (10, 10) (54, 54) (2, 2) (62, 76) (87, 95) (35, 43) (1, 1) (86, 96)
(10, 10) (22, 26) (54, 56) (69, 73) (90, 108) (81, 89) (58, 58) (17, 19) (10, 12) (84, 96) (7, 7) (81, 95) (74, 76) (92, 102) (73, 77) (11, 11) (8, 8) (6, 6) (40, 50) (75, 81)
(68, 68) (55, 59) (14, 16) (32, 40) (27, 27) (25, 27) (60, 72) (36, 40) (94, 100) (53, 57) (63, 83) (22, 24) (59, 77) (18, 20) (78, 100) (41, 51) (33, 35) (36, 42) (20, 26) (52, 68)
(26, 30) (20, 20) (43, 45) (71, 91) (58, 66) (60, 72) (42, 46) (50, 54) (38, 42) (85, 93) (83, 101) (26, 28) (6, 6) (75, 75) (6, 6) (90, 102) (49, 51) (67, 79) (53, 67) (29, 33)
(81, 99) (55, 55) (36, 46) (19, 21) (44, 58) (43, 45) (65, 69) (6, 6) (76, 88) (5, 5) (10, 10) (56, 70) (75, 85) (36, 42) (20, 24) (46, 50) (22, 26) (65, 67) (41, 51) (89, 93)
(41, 41) (4, 4) (31, 37) (62, 74) (51, 65) (67, 75) (54, 60) (73, 89) (57, 67) (80, 88) (56, 58) (21, 25) (30, 32) (52, 66) (18, 18) (68, 80) (53, 67) (37, 39) (62, 78) (47, 51)
(48, 58) (6, 6) (73, 85) (82, 86) (3, 3) (37, 45) (27, 29) (57, 65) (38, 48) (31, 41) (60, 76) (7, 9) (34, 36) (71, 75) (75, 87) (87, 99) (1, 1) (85, 103) (87, 105) (66, 80)
(80, 104) (94, 94) (52, 56) (17, 17) (11, 11) (40, 42) (53, 57) (14, 16) (87, 87) (80, 82) (61, 63) (75, 81) (25, 31) (8, 8) (76, 78) (77, 87) (1, 1) (67, 69) (79, 89) (51, 65)
(74, 90) (31, 31) (11, 13) (68, 88) (80, 86) (30, 36) (39, 39) (73, 83) (33, 33) (11, 11) (83, 99) (51, 57) (23, 29) (88, 92) (66, 76) (11, 13) (26, 30) (51, 63) (91, 107) (48, 50)
(33, 41) (17, 17) (3, 3) (57, 57) (71, 71) (72, 92) (9, 9) (28, 30) (17, 17) (88, 110) (89, 103) (94, 100) (10, 10) (25, 27) (34, 38) (31, 33) (14, 14) (31, 39) (32, 36) (8, 8)
TIEMPOS MAXIMOS DE FIN
(1270, 1660) (1599, 2091) (864, 1130) (1205, 1575) (1457, 1905) (1284, 1679) (1272, 1664) (1214, 1587) (1418, 1854) (1465, 1915) (1485, 1943) (1137, 1487) (1348, 1762) (1391, 1819) (1257, 1643) (1329, 1739) (1198, 1567) (1365, 1785) (1171, 1531) (964, 1261) (1030, 1348) (1314, 1718) (1246, 1630) (1354, 1771) (1235, 1615) (1350, 1766) (1372, 1795) (1420, 1858) (1374, 1796) (1051, 1375)
