NUMERO DE TRABAJOS
30
NUMERO DE RECURSOS
15
SECUENCIA DE MAQUINAS
3 10 14 1 5 8 4 11 13 12 2 9 7 0 6 
6 4 2 3 14 5 7 13 9 0 11 12 8 10 1 
4 2 10 5 12 13 3 11 9 7 8 6 14 1 0 
0 13 4 1 14 9 12 3 8 5 2 6 10 7 11 
6 1 10 4 8 5 2 9 7 0 13 11 3 14 12 
5 6 12 3 0 4 2 8 1 13 11 9 14 7 10 
11 13 1 6 4 12 14 0 10 8 5 7 2 9 3 
5 2 1 4 9 13 8 10 11 3 7 0 6 12 14 
7 13 12 5 10 9 0 11 8 4 2 1 14 6 3 
6 7 14 1 9 11 3 5 10 2 8 0 13 12 4 
10 0 3 4 5 11 7 12 13 14 8 1 6 2 9 
5 0 9 11 12 6 10 14 8 4 7 3 13 1 2 
8 0 7 4 3 1 13 5 6 12 11 9 2 14 10 
4 9 13 12 6 2 7 1 11 10 8 14 0 5 3 
7 14 11 2 10 12 1 3 13 9 4 8 5 0 6 
13 12 4 11 1 0 10 6 5 9 2 7 3 14 8 
0 7 12 14 3 2 8 11 13 9 4 1 5 6 10 
5 6 7 4 12 9 11 3 10 8 1 0 2 14 13 
12 4 3 13 11 6 5 0 10 1 2 9 7 8 14 
0 7 3 11 10 1 8 12 5 6 2 14 9 13 4 
14 5 7 1 10 6 9 3 12 0 11 13 4 2 8 
12 11 6 8 13 10 1 7 14 9 4 3 2 0 5 
8 9 11 3 4 13 10 2 0 12 5 6 7 1 14 
12 8 6 9 11 5 2 7 14 0 4 1 3 13 10 
14 11 8 4 10 5 3 2 6 9 12 13 0 1 7 
7 14 4 0 12 10 8 5 3 1 6 9 2 11 13 
11 12 4 14 13 1 5 8 0 7 10 9 2 6 3 
14 8 7 1 0 6 9 12 5 10 4 13 11 2 3 
8 7 10 14 5 12 9 2 11 1 3 0 13 6 4 
2 12 13 3 0 14 6 5 10 11 8 9 1 7 4 
DURACIONES
(85, 113) (40, 46) (6, 6) (93, 105) (23, 23) (85, 111) (77, 91) (23, 25) (27, 33) (48, 58) (34, 34) (84, 106) (50, 50) (41, 55) (34, 42) 
(19, 19) (23, 25) (56, 74) (15, 17) (80, 108) (8, 10) (56, 64) (31, 33) (58, 60) (76, 94) (8, 10) (32, 40) (20, 24) (25, 25) (5, 5) 
(54, 54) (58, 66) (80, 106) (70, 86) (57, 61) (65, 77) (42, 56) (77, 99) (34, 46) (12, 14) (15, 19) (83, 93) (47, 47) (28, 32) (56, 56) 
(51, 69) (15, 17) (75, 83) (84, 84) (82, 86) (41, 43) (54, 64) (13, 15) (68, 80) (55, 65) (92, 104) (17, 17) (40, 44) (27, 35) (19, 19) 
(49, 49) (47, 57) (41, 51) (45, 55) (1, 1) (14, 14) (2, 2) (48, 64) (61, 67) (51, 51) (64, 86) (27, 29) (8, 10) (36, 38) (6, 6) 
(52, 66) (64, 66) (81, 89) (40, 40) (20, 26) (35, 43) (88, 110) (43, 49) (16, 18) (88, 100) (6, 6) (58, 76) (59, 79) (74, 98) (7, 9) 
(10, 10) (6, 8) (22, 22) (33, 39) (28, 34) (65, 85) (49, 65) (47, 51) (42, 46) (21, 21) (74, 80) (68, 72) (58, 70) (41, 51) (65, 73) 
(49, 57) (72, 76) (84, 102) (24, 28) (53, 55) (82, 96) (75, 89) (61, 71) (34, 40) (60, 66) (68, 74) (17, 17) (54, 62) (4, 4) (45, 47) 
(68, 84) (68, 76) (39, 45) (17, 17) (24, 30) (56, 56) (75, 81) (5, 5) (71, 73) (17, 21) (89, 91) (46, 46) (43, 43) (51, 61) (17, 17) 
(17, 19) (75, 83) (90, 96) (69, 73) (46, 50) (23, 23) (20, 20) (82, 98) (88, 100) (77, 97) (6, 6) (36, 36) (75, 93) (23, 27) (73, 93) 
(46, 58) (56, 66) (42, 48) (53, 67) (14, 16) (72, 76) (42, 56) (26, 26) (84, 104) (50, 58) (1, 1) (56, 60) (56, 56) (52, 56) (72, 72) 
(59, 67) (69, 77) (82, 82) (72, 96) (15, 15) (47, 61) (49, 55) (46, 58) (34, 38) (20, 22) (39, 51) (36, 46) (18, 24) (96, 98) (48, 52) 
(88, 92) (83, 97) (73, 81) (30, 36) (27, 35) (23, 29) (12, 16) (75, 75) (82, 102) (69, 71) (55, 55) (51, 61) (38, 40) (46, 52) (21, 25) 
(87, 87) (45, 49) (52, 64) (34, 34) (27, 31) (83, 83) (24, 24) (43, 53) (94, 100) (81, 97) (80, 88) (80, 84) (48, 58) (87, 111) (9, 11) 
(33, 37) (28, 36) (28, 32) (86, 100) (54, 62) (25, 31) (76, 100) (14, 18) (93, 103) (4, 4) (78, 86) (97, 99) (25, 27) (25, 33) (70, 84) 
(16, 20) (88, 96) (57, 67) (52, 66) (3, 3) (93, 95) (30, 38) (48, 64) (24, 24) (17, 19) (57, 75) (52, 54) (30, 30) (36, 46) (10, 10) 
(2, 2) (26, 26) (15, 19) (16, 20) (54, 66) (37, 41) (23, 23) (85, 105) (72, 90) (51, 61) (31, 37) (8, 8) (41, 53) (64, 80) (49, 63) 
(6, 6) (79, 79) (58, 72) (58, 58) (94, 94) (44, 46) (76, 84) (3, 3) (27, 31) (77, 83) (26, 28) (56, 64) (85, 103) (13, 15) (72, 80) 
(30, 32) (78, 80) (80, 94) (70, 88) (49, 65) (46, 50) (32, 34) (36, 48) (87, 99) (82, 90) (50, 58) (28, 36) (7, 9) (14, 18) (60, 66) 
(92, 100) (1, 1) (71, 79) (37, 47) (43, 47) (47, 55) (9, 11) (50, 66) (66, 76) (80, 104) (20, 26) (18, 18) (59, 67) (26, 28) (57, 69) 
(77, 91) (73, 91) (14, 18) (55, 67) (43, 43) (65, 85) (25, 31) (13, 17) (19, 19) (85, 101) (21, 23) (1, 1) (58, 66) (9, 9) (5, 5) 
(44, 48) (27, 31) (46, 54) (12, 12) (64, 80) (17, 19) (76, 82) (73, 73) (20, 26) (1, 1) (55, 61) (1, 1) (83, 107) (22, 28) (65, 77) 
(10, 10) (34, 44) (44, 54) (55, 57) (65, 77) (37, 43) (78, 102) (24, 32) (77, 101) (42, 42) (8, 10) (85, 99) (50, 54) (6, 6) (17, 23) 
(65, 75) (54, 72) (63, 73) (92, 102) (79, 93) (80, 82) (38, 38) (6, 8) (51, 55) (42, 54) (41, 45) (53, 65) (87, 89) (29, 29) (86, 88) 
(71, 91) (97, 97) (58, 72) (60, 60) (15, 15) (29, 29) (8, 10) (77, 83) (74, 82) (73, 97) (87, 103) (76, 94) (91, 91) (24, 32) (87, 97) 
(39, 39) (6, 6) (59, 59) (34, 34) (31, 37) (29, 35) (12, 12) (7, 7) (31, 39) (4, 4) (48, 58) (61, 77) (87, 91) (3, 3) (40, 40) 
(88, 108) (73, 97) (48, 54) (9, 9) (22, 26) (7, 7) (51, 67) (90, 106) (43, 57) (91, 105) (61, 67) (29, 33) (29, 33) (26, 32) (1, 1) 
(51, 67) (62, 74) (3, 3) (8, 8) (2, 2) (8, 10) (65, 73) (14, 14) (66, 78) (77, 91) (67, 71) (54, 54) (45, 45) (53, 65) (7, 7) 
(90, 94) (19, 23) (46, 60) (60, 68) (57, 61) (72, 86) (52, 52) (12, 16) (60, 62) (79, 93) (72, 92) (87, 109) (79, 87) (22, 26) (79, 95) 
(46, 56) (70, 70) (86, 102) (68, 92) (33, 37) (56, 56) (8, 8) (94, 94) (10, 12) (3, 3) (55, 65) (67, 79) (26, 26) (21, 21) (40, 50) 
TIEMPOS MAXIMOS DE FIN
(10000, 10000) (10000, 10000) (10000, 10000) (10000, 10000) (10000, 10000) (10000, 10000) (10000, 10000) (10000, 10000) (10000, 10000) (10000, 10000) (10000, 10000) (10000, 10000) (10000, 10000) (10000, 10000) (10000, 10000) (10000, 10000) (10000, 10000) (10000, 10000) (10000, 10000) (10000, 10000) (10000, 10000) (10000, 10000) (10000, 10000) (10000, 10000) (10000, 10000) (10000, 10000) (10000, 10000) (10000, 10000) (10000, 10000) (10000, 10000) 
// Desviacion Izda: min(0%), max(15%), promedio(6.3469%)
// Desviacion Dcha: min(0%), max(15%), promedio(6.3469%)
