NUMERO DE TRABAJOS
30
NUMERO DE RECURSOS
15
SECUENCIA DE MAQUINAS
7 0 12 5 11 10 8 2 13 6 4 3 1 14 9 
7 11 6 10 3 1 4 2 14 8 12 13 9 5 0 
1 2 8 5 4 10 12 14 13 6 7 9 11 0 3 
7 5 2 10 1 3 13 6 8 12 4 14 11 9 0 
13 12 0 9 3 5 10 14 4 8 1 6 11 7 2 
8 6 4 3 5 11 0 12 9 1 13 2 14 7 10 
3 9 5 13 8 14 12 10 2 0 1 6 7 4 11 
6 8 14 3 10 11 12 4 7 1 9 13 2 5 0 
12 8 3 0 14 6 11 10 13 1 7 5 9 2 4 
14 12 10 11 3 5 8 2 9 13 0 4 7 1 6 
11 13 7 9 12 14 2 5 8 6 10 3 4 1 0 
9 10 11 4 13 8 1 2 14 0 5 12 6 3 7 
9 3 6 4 10 8 12 5 1 14 11 13 0 2 7 
13 7 5 14 0 6 12 9 11 3 2 1 4 10 8 
10 2 9 5 3 14 13 1 4 0 7 12 11 8 6 
1 4 3 9 14 0 5 7 2 11 8 10 12 6 13 
13 3 5 9 7 1 4 10 6 11 0 14 12 2 8 
14 0 1 9 7 11 10 13 6 12 2 5 4 3 8 
7 5 11 14 8 13 3 6 9 4 1 2 10 0 12 
5 1 8 2 6 9 12 7 4 10 13 3 14 0 11 
8 5 1 11 10 6 7 4 12 13 0 9 3 14 2 
9 2 5 4 0 8 14 10 3 1 6 11 13 7 12 
14 1 0 12 10 13 6 3 8 11 5 4 2 9 7 
10 12 1 7 5 8 11 9 14 3 2 6 4 0 13 
13 2 1 5 4 8 14 0 11 10 7 12 6 3 9 
1 13 10 0 12 11 4 3 7 9 8 5 14 6 2 
5 7 10 14 12 11 2 0 9 13 4 6 1 3 8 
11 10 9 7 8 1 3 6 2 12 0 14 13 4 5 
2 8 0 10 1 13 5 12 3 11 4 7 14 6 9 
1 8 5 3 6 13 11 0 4 9 10 12 2 7 14 
DURACIONES
(6, 8) (10, 12) (32, 36) (56, 56) (12, 16) (31, 35) (89, 101) (57, 71) (11, 13) (22, 22) (77, 97) (32, 32) (46, 62) (5, 5) (48, 62) 
(57, 57) (11, 11) (29, 37) (53, 59) (8, 10) (65, 77) (92, 106) (30, 32) (51, 53) (30, 36) (84, 108) (42, 50) (1, 1) (43, 53) (55, 55) 
(90, 90) (53, 61) (68, 92) (7, 9) (35, 37) (6, 8) (35, 47) (27, 35) (27, 35) (43, 53) (58, 78) (18, 20) (25, 25) (36, 40) (88, 88) 
(74, 100) (23, 25) (1, 1) (47, 51) (63, 63) (27, 27) (96, 100) (20, 24) (33, 37) (17, 19) (6, 8) (52, 58) (53, 57) (83, 91) (25, 33) 
(33, 33) (36, 36) (68, 82) (15, 19) (7, 9) (53, 57) (46, 60) (30, 32) (95, 95) (27, 35) (63, 71) (72, 88) (83, 91) (5, 5) (51, 65) 
(73, 77) (24, 26) (75, 77) (62, 82) (69, 87) (19, 25) (75, 87) (34, 40) (25, 29) (74, 96) (61, 81) (14, 18) (76, 96) (76, 80) (12, 16) 
(90, 90) (50, 58) (89, 107) (9, 11) (64, 86) (4, 4) (23, 25) (10, 10) (7, 7) (15, 15) (42, 44) (81, 99) (71, 91) (46, 52) (81, 95) 
(93, 99) (73, 89) (84, 100) (30, 32) (8, 10) (60, 70) (32, 38) (90, 106) (81, 89) (36, 38) (41, 45) (89, 103) (88, 94) (1, 1) (32, 40) 
(37, 43) (42, 48) (92, 96) (19, 23) (87, 87) (65, 71) (34, 36) (54, 72) (37, 37) (53, 53) (97, 99) (86, 102) (6, 6) (25, 25) (66, 78) 
(33, 37) (53, 57) (26, 26) (94, 102) (23, 23) (64, 66) (80, 96) (67, 75) (31, 39) (59, 59) (75, 93) (29, 33) (67, 85) (12, 14) (82, 96) 
(71, 83) (30, 38) (57, 63) (74, 78) (50, 66) (62, 64) (2, 2) (40, 48) (84, 98) (41, 43) (53, 53) (43, 47) (45, 45) (56, 62) (93, 105) 
(6, 6) (56, 56) (40, 54) (93, 97) (31, 41) (59, 67) (75, 95) (44, 50) (56, 64) (30, 40) (73, 91) (77, 103) (30, 30) (73, 79) (92, 96) 
(54, 62) (2, 2) (65, 73) (17, 21) (55, 73) (23, 31) (15, 19) (33, 33) (43, 53) (80, 82) (86, 86) (26, 30) (91, 97) (67, 75) (3, 3) 
(83, 103) (40, 40) (90, 100) (32, 40) (38, 38) (43, 51) (24, 24) (95, 99) (10, 12) (53, 57) (6, 8) (65, 71) (3, 3) (43, 45) (42, 52) 
(69, 89) (31, 35) (62, 68) (49, 65) (51, 59) (72, 84) (29, 33) (54, 66) (69, 89) (22, 28) (72, 80) (91, 101) (5, 5) (5, 5) (38, 38) 
(71, 79) (25, 33) (70, 84) (44, 56) (30, 32) (46, 54) (5, 5) (22, 28) (69, 71) (34, 42) (78, 104) (70, 72) (78, 90) (68, 92) (74, 78) 
(64, 64) (75, 95) (92, 100) (11, 11) (63, 83) (35, 47) (45, 55) (26, 28) (40, 40) (48, 60) (57, 69) (67, 81) (77, 91) (72, 80) (51, 65) 
(59, 73) (65, 85) (54, 54) (4, 4) (14, 18) (6, 6) (89, 89) (29, 29) (3, 3) (10, 10) (89, 97) (50, 56) (8, 8) (56, 62) (21, 23) 
(16, 18) (70, 82) (79, 89) (43, 47) (70, 70) (5, 5) (51, 59) (6, 8) (23, 29) (57, 61) (2, 2) (18, 18) (57, 75) (54, 62) (94, 104) 
(53, 61) (73, 95) (44, 56) (47, 61) (88, 96) (33, 35) (55, 61) (45, 57) (32, 36) (55, 65) (39, 45) (57, 75) (17, 19) (10, 12) (51, 67) 
(82, 88) (29, 33) (28, 30) (16, 20) (42, 50) (26, 32) (42, 56) (34, 40) (42, 42) (16, 20) (69, 85) (59, 75) (61, 61) (42, 50) (85, 97) 
(2, 2) (62, 70) (73, 77) (79, 87) (59, 67) (57, 67) (70, 72) (17, 23) (39, 45) (57, 61) (4, 4) (67, 67) (81, 109) (72, 80) (69, 91) 
(41, 51) (76, 90) (7, 7) (32, 42) (54, 66) (75, 77) (6, 6) (77, 91) (76, 88) (81, 107) (31, 41) (69, 89) (46, 46) (81, 99) (87, 101) 
(8, 8) (52, 68) (92, 106) (61, 79) (21, 23) (87, 95) (62, 74) (86, 88) (11, 11) (46, 56) (63, 69) (17, 21) (27, 29) (41, 53) (66, 66) 
(90, 92) (2, 2) (39, 39) (11, 13) (11, 11) (15, 19) (86, 86) (67, 69) (86, 90) (80, 92) (76, 80) (71, 79) (74, 98) (5, 5) (73, 85) 
(16, 20) (90, 90) (79, 103) (20, 22) (45, 45) (31, 31) (65, 67) (45, 53) (85, 105) (11, 11) (55, 59) (28, 34) (32, 40) (51, 63) (86, 90) 
(55, 57) (16, 20) (39, 51) (9, 9) (4, 4) (2, 2) (96, 96) (54, 66) (42, 48) (49, 65) (5, 5) (45, 53) (77, 103) (29, 33) (92, 102) 
(89, 101) (90, 102) (36, 46) (64, 86) (55, 67) (62, 68) (17, 21) (36, 40) (78, 78) (78, 92) (27, 31) (63, 67) (76, 78) (66, 68) (75, 93) 
(64, 64) (61, 63) (48, 56) (18, 24) (77, 87) (26, 28) (84, 102) (64, 66) (29, 35) (46, 48) (61, 71) (35, 43) (40, 50) (74, 82) (24, 28) 
(20, 24) (47, 57) (36, 36) (29, 33) (35, 47) (86, 98) (97, 99) (66, 70) (57, 57) (29, 35) (75, 89) (36, 42) (80, 86) (47, 49) (76, 94) 
TIEMPOS MAXIMOS DE FIN
(10000, 10000) (10000, 10000) (10000, 10000) (10000, 10000) (10000, 10000) (10000, 10000) (10000, 10000) (10000, 10000) (10000, 10000) (10000, 10000) (10000, 10000) (10000, 10000) (10000, 10000) (10000, 10000) (10000, 10000) (10000, 10000) (10000, 10000) (10000, 10000) (10000, 10000) (10000, 10000) (10000, 10000) (10000, 10000) (10000, 10000) (10000, 10000) (10000, 10000) (10000, 10000) (10000, 10000) (10000, 10000) (10000, 10000) (10000, 10000) 
// Desviacion Izda: min(0%), max(15%), promedio(6.4385%)
// Desviacion Dcha: min(0%), max(15%), promedio(6.4385%)
