NUMERO DE TRABAJOS
30
NUMERO DE RECURSOS
20
SECUENCIA DE MAQUINAS
19 12 14 10 15 7 11 17 1 5 8 0 18 2 3 4 9 13 6 16
10 5 11 8 16 6 19 15 0 13 1 17 3 7 18 4 2 14 9 12
15 19 10 5 6 7 3 9 1 16 17 11 14 12 4 18 2 8 13 0
13 9 14 18 1 11 19 2 3 4 10 5 12 17 6 8 16 0 15 7
3 2 10 8 1 4 5 15 12 11 13 7 0 16 17 9 6 19 14 18
19 11 6 9 7 18 13 14 15 0 16 8 12 3 10 1 5 17 2 4
15 10 5 9 19 0 8 18 12 13 6 4 17 14 7 2 1 16 3 11
19 5 14 3 4 12 15 13 6 18 7 9 11 1 16 10 17 0 2 8
12 5 19 10 8 11 0 17 4 6 13 9 16 3 2 14 7 15 1 18
9 15 12 5 3 13 19 8 16 4 18 17 7 2 6 0 10 1 14 11
1 19 18 10 6 2 15 14 7 17 11 13 5 12 16 4 0 9 3 8
11 19 2 17 14 7 15 4 5 0 1 8 3 10 13 16 12 6 9 18
6 5 3 11 13 14 9 12 8 0 19 1 2 18 4 7 15 17 10 16
2 6 4 12 17 16 0 10 7 3 5 18 1 8 9 19 15 11 14 13
9 5 1 7 11 0 8 12 2 19 10 6 4 15 13 18 14 16 3 17
14 11 5 10 4 3 1 13 7 15 2 17 0 19 18 8 9 6 16 12
2 12 5 13 17 4 14 7 6 11 19 0 16 10 15 3 9 18 1 8
5 4 2 15 10 3 14 7 19 0 11 17 8 12 16 9 1 13 6 18
4 9 13 5 8 6 7 17 0 12 1 3 16 15 19 10 2 11 18 14
14 3 16 10 6 2 5 0 13 12 9 7 8 19 18 1 17 15 11 4
17 13 16 15 5 4 3 11 0 7 10 2 12 14 1 8 19 18 9 6
2 9 17 4 7 5 0 18 19 13 11 1 8 15 16 12 10 6 14 3
12 4 18 1 19 5 14 8 0 10 15 6 17 2 11 16 3 13 9 7
13 6 11 5 17 16 19 10 0 4 3 1 9 18 2 14 7 8 15 12
14 9 13 11 2 5 6 17 8 4 12 0 15 1 18 19 3 7 16 10
9 18 6 8 1 4 16 7 12 10 13 17 5 2 0 11 19 15 14 3
2 19 15 8 14 3 4 1 6 11 17 12 13 5 9 16 18 7 10 0
19 1 17 6 13 2 12 8 0 9 11 3 10 4 15 7 16 18 5 14
17 14 6 5 18 16 13 0 19 9 2 7 10 8 4 1 12 15 3 11
19 7 8 0 4 3 18 9 5 2 12 11 13 17 15 6 14 10 1 16
DURACIONES
(46, 52) (87, 95) (1, 1) (34, 40) (32, 32) (68, 70) (53, 59) (58, 72) (40, 50) (57, 75) (16, 18) (70, 74) (36, 40) (57, 71) (19, 21) (61, 75) (71, 71) (46, 56) (17, 17) (25, 27)
(51, 67) (40, 46) (85, 95) (47, 55) (91, 101) (60, 64) (33, 37) (6, 6) (50, 58) (75, 87) (3, 3) (79, 81) (82, 106) (34, 44) (36, 38) (20, 22) (50, 54) (48, 54) (33, 39) (83, 95)
(50, 64) (90, 90) (29, 39) (36, 38) (53, 67) (48, 54) (24, 30) (28, 30) (50, 56) (20, 20) (42, 48) (15, 17) (2, 2) (21, 27) (33, 35) (17, 19) (2, 2) (72, 78) (69, 87) (41, 51)
(29, 37) (15, 15) (66, 70) (19, 19) (40, 46) (7, 7) (2, 2) (17, 21) (13, 17) (51, 65) (73, 87) (47, 49) (49, 49) (71, 93) (61, 65) (24, 28) (4, 4) (38, 38) (62, 62) (36, 46)
(80, 84) (61, 65) (65, 79) (42, 52) (53, 59) (89, 89) (65, 77) (81, 101) (66, 84) (92, 94) (57, 61) (54, 62) (19, 21) (77, 91) (62, 64) (44, 56) (41, 55) (80, 90) (36, 42) (40, 50)
(54, 58) (31, 33) (32, 36) (30, 30) (38, 42) (64, 70) (30, 30) (48, 50) (17, 17) (15, 19) (14, 16) (54, 62) (43, 51) (14, 16) (20, 22) (70, 78) (76, 94) (7, 7) (37, 45) (77, 81)
(5, 5) (73, 79) (48, 48) (53, 63) (22, 24) (39, 49) (56, 70) (52, 60) (52, 66) (68, 76) (33, 35) (74, 90) (76, 96) (43, 43) (63, 77) (36, 46) (96, 98) (56, 58) (38, 38) (22, 26)
(51, 67) (30, 38) (65, 67) (18, 22) (12, 14) (86, 90) (88, 102) (6, 6) (61, 75) (35, 47) (50, 52) (18, 22) (72, 88) (1, 1) (38, 48) (6, 6) (34, 40) (34, 34) (66, 78) (57, 67)
(55, 55) (59, 59) (48, 58) (65, 83) (70, 84) (69, 75) (68, 84) (95, 95) (64, 68) (2, 2) (23, 29) (52, 54) (37, 45) (28, 28) (24, 28) (63, 75) (66, 82) (54, 66) (70, 88) (5, 5)
(57, 69) (82, 106) (82, 90) (92, 102) (90, 98) (79, 85) (87, 89) (25, 25) (10, 10) (67, 77) (37, 41) (48, 50) (5, 5) (35, 41) (84, 86) (38, 46) (83, 95) (19, 25) (30, 38) (17, 19)
(55, 69) (64, 66) (22, 28) (66, 82) (44, 52) (63, 83) (87, 97) (59, 79) (2, 2) (17, 17) (73, 85) (70, 92) (51, 59) (37, 37) (71, 87) (83, 107) (94, 94) (28, 34) (16, 16) (39, 49)
(47, 59) (14, 14) (69, 85) (91, 93) (30, 34) (46, 48) (81, 105) (39, 43) (6, 6) (69, 73) (61, 77) (69, 71) (89, 103) (10, 12) (36, 42) (10, 10) (15, 15) (35, 43) (92, 104) (26, 32)
(25, 25) (76, 84) (38, 38) (40, 48) (72, 84) (34, 44) (29, 29) (37, 43) (5, 5) (44, 50) (56, 66) (44, 50) (63, 63) (77, 83) (40, 52) (76, 76) (15, 15) (54, 54) (19, 23) (23, 27)
(53, 53) (96, 102) (44, 44) (51, 57) (84, 94) (69, 81) (25, 27) (55, 61) (30, 30) (15, 19) (3, 3) (17, 17) (13, 15) (1, 1) (57, 63) (49, 49) (72, 80) (82, 84) (9, 9) (29, 35)
(20, 24) (10, 10) (93, 95) (54, 54) (84, 98) (85, 113) (90, 92) (8, 8) (39, 39) (52, 66) (3, 3) (50, 60) (27, 31) (35, 39) (6, 6) (64, 64) (75, 87) (80, 88) (29, 29) (83, 107)
(66, 78) (63, 71) (25, 33) (52, 62) (9, 9) (35, 45) (68, 88) (97, 101) (50, 56) (66, 66) (81, 89) (28, 34) (37, 47) (73, 93) (44, 48) (25, 29) (43, 51) (60, 60) (59, 75) (44, 50)
(39, 51) (44, 44) (72, 94) (8, 8) (60, 60) (2, 2) (9, 11) (3, 3) (28, 30) (9, 9) (36, 38) (27, 31) (21, 23) (90, 104) (6, 6) (37, 45) (78, 84) (66, 82) (54, 70) (90, 100)
(79, 105) (35, 39) (30, 34) (25, 31) (26, 32) (56, 68) (87, 99) (26, 34) (85, 99) (41, 49) (33, 37) (69, 85) (41, 51) (43, 51) (44, 48) (72, 90) (40, 46) (43, 43) (28, 32) (18, 18)
(45, 53) (82, 90) (19, 21) (80, 100) (4, 4) (42, 46) (70, 74) (22, 22) (83, 97) (1, 1) (30, 30) (70, 72) (74, 80) (55, 69) (45, 51) (24, 26) (88, 90) (6, 6) (91, 99) (39, 49)
(55, 69) (63, 63) (89, 95) (15, 17) (18, 22) (68, 70) (59, 71) (79, 83) (19, 23) (50, 58) (94, 100) (77, 81) (37, 37) (94, 100) (81, 105) (55, 55) (62, 78) (57, 63) (35, 37) (52, 62)
(75, 77) (50, 58) (74, 78) (32, 40) (83, 103) (61, 73) (33, 37) (37, 37) (41, 47) (80, 96) (3, 3) (19, 25) (65, 81) (59, 71) (25, 27) (3, 3) (91, 107) (73, 83) (36, 40) (29, 31)
(73, 81) (75, 89) (64, 68) (73, 77) (81, 109) (66, 78) (75, 77) (45, 59) (65, 79) (4, 4) (65, 75) (74, 78) (55, 67) (88, 88) (34, 44) (35, 37) (80, 96) (68, 70) (52, 64) (13, 15)
(64, 66) (8, 8) (83, 97) (57, 57) (66, 80) (2, 2) (56, 68) (47, 49) (74, 78) (75, 99) (47, 59) (21, 25) (69, 83) (73, 75) (86, 112) (34, 34) (66, 76) (24, 30) (76, 98) (44, 48)
(66, 86) (54, 54) (66, 84) (69, 69) (40, 48) (26, 26) (61, 65) (70, 80) (70, 86) (76, 80) (35, 43) (7, 7) (71, 75) (26, 28) (51, 59) (20, 26) (50, 60) (29, 29) (56, 56) (34, 38)
(16, 18) (42, 42) (50, 62) (81, 87) (41, 47) (73, 75) (57, 67) (52, 58) (50, 60) (31, 31) (70, 72) (11, 11) (15, 17) (26, 32) (44, 56) (67, 77) (62, 66) (39, 45) (25, 31) (67, 73)
(69, 83) (55, 57) (70, 86) (2, 2) (6, 6) (62, 80) (19, 19) (64, 74) (27, 33) (79, 95) (50, 64) (32, 34) (84, 90) (65, 71) (21, 27) (29, 33) (54, 58) (5, 5) (18, 20) (73, 91)
(55, 73) (31, 41) (17, 21) (79, 101) (64, 66) (79, 81) (25, 27) (2, 2) (46, 58) (72, 72) (17, 17) (27, 31) (58, 62) (14, 18) (6, 6) (81, 101) (73, 85) (37, 49) (89, 109) (24, 28)
(79, 85) (71, 89) (53, 67) (93, 93) (53, 55) (23, 25) (79, 95) (58, 68) (52, 66) (85, 85) (13, 13) (29, 35) (84, 102) (33, 33) (15, 15) (42, 54) (63, 81) (21, 25) (97, 97) (73, 79)
(58, 64) (6, 6) (85, 89) (72, 76) (61, 73) (40, 48) (60, 66) (12, 12) (73, 89) (60, 62) (24, 28) (21, 25) (66, 86) (83, 103) (88, 106) (73, 77) (73, 79) (41, 51) (65, 67) (53, 55)
(70, 84) (6, 6) (55, 69) (20, 24) (70, 92) (40, 48) (28, 28) (88, 106) (16, 16) (7, 7) (34, 34) (3, 3) (93, 93) (12, 12) (32, 38) (77, 99) (9, 9) (88, 98) (75, 99) (50, 52)
TIEMPOS MAXIMOS DE FIN
(1241, 1623) (1402, 1834) (1037, 1356) (1003, 1312) (1677, 2193) (1058, 1383) (1398, 1829) (1164, 1523) (1417, 1853) (1471, 1924) (1479, 1934) (1302, 1703) (1186, 1552) (1155, 1511) (1365, 1785) (1436, 1878) (1088, 1422) (1307, 1710) (1332, 1742) (1591, 2080) (1355, 1773) (1651, 2159) (1505, 1968) (1349, 1764) (1264, 1654) (1242, 1625) (1263, 1652) (1545, 2021) (1544, 2019) (1228, 1606)
