NUMERO DE TRABAJOS
30
NUMERO DE RECURSOS
20
SECUENCIA DE MAQUINAS
2 8 6 0 4 15 16 13 5 12 10 7 14 19 1 3 18 17 9 11
0 10 13 3 2 7 1 16 9 17 18 15 11 8 19 5 4 12 14 6
0 19 11 9 15 3 13 18 1 5 7 6 10 4 14 8 12 2 16 17
7 19 10 11 9 14 6 12 16 13 5 15 4 3 17 8 1 18 2 0
0 6 11 1 3 16 19 12 10 7 5 2 15 4 18 14 9 8 13 17
17 8 19 16 0 12 13 14 3 2 1 10 7 9 15 4 6 11 18 5
18 1 9 11 17 0 2 6 16 10 4 14 19 12 15 7 3 5 8 13
14 9 11 8 2 16 4 1 19 6 0 7 15 18 12 17 13 3 5 10
3 14 9 0 11 10 4 12 5 16 2 1 13 7 17 19 6 18 8 15
13 7 9 0 3 8 11 4 5 14 15 6 2 17 1 10 19 18 16 12
4 17 2 8 11 19 18 13 12 3 1 10 5 15 14 9 16 6 7 0
6 0 12 18 1 14 19 16 10 8 17 11 2 13 7 4 5 15 3 9
2 7 13 0 19 4 9 11 16 3 5 6 14 18 12 15 10 1 17 8
14 3 6 7 8 12 15 5 16 4 0 17 1 18 2 19 10 11 9 13
18 11 2 3 5 4 15 13 19 6 1 14 0 12 8 9 16 7 10 17
10 13 16 8 17 11 7 5 14 15 6 3 0 19 18 2 4 12 1 9
2 10 19 7 18 4 6 5 0 11 13 1 9 12 8 16 14 3 15 17
1 13 11 2 3 18 17 9 16 6 12 15 0 4 7 14 8 5 10 19
18 10 12 16 1 11 8 19 9 17 5 2 13 14 7 6 15 0 3 4
7 8 14 11 10 13 6 16 19 2 18 3 5 4 1 12 15 0 9 17
11 6 17 8 4 12 1 0 19 9 16 18 2 3 10 15 14 7 5 13
16 19 4 5 3 18 15 8 13 0 10 14 11 1 12 2 9 6 17 7
3 4 2 9 7 16 0 5 13 11 8 14 18 10 17 6 12 15 1 19
7 2 14 5 6 9 10 15 3 16 18 12 11 17 0 8 4 13 19 1
17 11 18 7 12 4 10 3 8 13 2 9 15 19 6 1 16 14 5 0
1 4 10 7 0 9 14 5 2 18 6 3 19 16 11 12 15 17 13 8
10 14 12 6 18 2 13 8 9 19 11 15 17 7 0 5 16 3 1 4
14 13 1 5 17 2 4 18 3 12 19 0 10 9 11 8 7 15 16 6
5 11 16 12 15 10 0 2 14 4 8 1 18 9 17 7 19 6 3 13
19 14 4 8 0 1 15 9 3 12 6 13 17 7 11 16 5 2 18 10
DURACIONES
(85, 107) (26, 26) (32, 34) (19, 19) (38, 48) (17, 17) (26, 26) (57, 75) (78, 90) (54, 58) (76, 90) (58, 74) (70, 78) (24, 24) (82, 88) (41, 53) (85, 91) (93, 101) (37, 45) (73, 81)
(68, 72) (41, 51) (85, 95) (53, 69) (23, 25) (63, 63) (95, 95) (32, 36) (42, 52) (48, 52) (62, 62) (10, 10) (66, 66) (51, 53) (45, 53) (4, 4) (81, 107) (34, 42) (82, 104) (84, 84)
(43, 53) (52, 68) (14, 16) (25, 25) (19, 23) (97, 101) (50, 62) (29, 35) (29, 33) (32, 40) (74, 74) (66, 78) (80, 102) (26, 32) (31, 37) (50, 50) (21, 21) (33, 39) (1, 1) (29, 31)
(48, 52) (82, 86) (69, 79) (33, 37) (78, 94) (40, 44) (30, 32) (59, 65) (81, 83) (65, 67) (36, 42) (42, 54) (98, 98) (95, 103) (44, 52) (77, 77) (29, 33) (48, 54) (40, 48) (36, 46)
(77, 103) (24, 30) (29, 31) (58, 78) (23, 27) (81, 107) (61, 71) (43, 53) (41, 53) (16, 16) (83, 97) (22, 24) (5, 5) (3, 3) (10, 10) (37, 37) (69, 79) (26, 30) (24, 26) (84, 88)
(32, 32) (73, 79) (26, 32) (53, 67) (60, 60) (19, 23) (2, 2) (58, 72) (20, 24) (34, 38) (76, 84) (55, 67) (52, 58) (75, 93) (87, 111) (24, 26) (62, 74) (76, 84) (62, 72) (44, 56)
(81, 99) (9, 9) (25, 31) (38, 38) (35, 37) (19, 19) (4, 4) (44, 48) (74, 94) (67, 75) (53, 67) (23, 23) (55, 71) (73, 81) (66, 78) (2, 2) (55, 71) (24, 24) (52, 68) (92, 106)
(84, 108) (75, 81) (74, 84) (87, 93) (55, 71) (76, 84) (9, 11) (2, 2) (59, 75) (83, 109) (66, 72) (13, 13) (40, 44) (49, 59) (73, 79) (31, 33) (66, 84) (49, 55) (92, 104) (15, 17)
(29, 33) (73, 87) (75, 79) (51, 61) (85, 85) (92, 98) (59, 59) (41, 51) (4, 4) (77, 93) (37, 47) (13, 15) (4, 4) (38, 42) (39, 41) (44, 52) (88, 92) (73, 91) (4, 4) (84, 90)
(3, 3) (46, 60) (33, 33) (82, 104) (60, 64) (16, 18) (59, 71) (21, 25) (10, 10) (39, 49) (44, 54) (2, 2) (51, 57) (22, 28) (37, 47) (50, 64) (21, 25) (14, 18) (69, 83) (11, 13)
(63, 73) (47, 61) (67, 83) (26, 32) (26, 32) (91, 105) (17, 17) (4, 4) (10, 10) (65, 77) (26, 26) (3, 3) (45, 57) (69, 89) (27, 33) (56, 60) (72, 80) (72, 90) (61, 65) (57, 63)
(94, 102) (6, 6) (60, 72) (53, 53) (52, 68) (84, 102) (46, 58) (61, 75) (72, 90) (49, 53) (81, 89) (67, 81) (12, 12) (23, 23) (38, 48) (98, 98) (25, 27) (44, 58) (19, 25) (26, 26)
(87, 93) (31, 39) (72, 80) (7, 7) (62, 72) (10, 10) (37, 45) (37, 45) (18, 18) (41, 41) (31, 39) (13, 13) (27, 33) (27, 29) (31, 33) (92, 98) (88, 96) (64, 78) (67, 85) (73, 83)
(31, 31) (56, 72) (21, 21) (68, 76) (78, 78) (77, 99) (4, 4) (69, 79) (25, 27) (11, 11) (38, 44) (83, 103) (32, 32) (69, 79) (18, 18) (35, 39) (27, 29) (42, 52) (89, 107) (62, 68)
(10, 10) (33, 41) (95, 103) (27, 29) (79, 89) (84, 100) (12, 12) (62, 82) (84, 84) (83, 97) (31, 39) (36, 44) (56, 70) (26, 32) (82, 96) (16, 16) (4, 4) (33, 43) (21, 23) (76, 92)
(38, 44) (33, 43) (68, 74) (58, 72) (77, 95) (30, 30) (53, 61) (69, 73) (21, 27) (10, 10) (74, 82) (67, 81) (15, 17) (22, 28) (6, 6) (73, 77) (65, 71) (61, 73) (65, 73) (51, 61)
(45, 47) (73, 85) (31, 41) (13, 13) (3, 3) (54, 60) (75, 83) (48, 58) (10, 12) (39, 51) (39, 39) (75, 99) (25, 25) (62, 62) (30, 34) (13, 13) (21, 23) (93, 93) (88, 92) (86, 94)
(61, 67) (64, 76) (9, 9) (87, 97) (15, 15) (29, 35) (6, 6) (92, 100) (45, 57) (77, 97) (43, 55) (73, 77) (79, 89) (1, 1) (10, 10) (34, 44) (3, 3) (80, 98) (13, 13) (21, 21)
(45, 45) (40, 40) (13, 15) (66, 72) (45, 45) (97, 99) (85, 95) (18, 20) (35, 45) (2, 2) (41, 53) (67, 73) (43, 49) (62, 78) (90, 96) (67, 73) (86, 100) (30, 36) (9, 9) (85, 85)
(12, 14) (80, 90) (29, 35) (27, 33) (61, 79) (59, 63) (38, 46) (41, 41) (88, 96) (78, 96) (31, 41) (57, 59) (60, 72) (67, 73) (21, 21) (22, 22) (38, 44) (87, 89) (78, 104) (91, 97)
(18, 20) (44, 58) (8, 8) (83, 105) (69, 75) (87, 111) (17, 19) (34, 44) (28, 32) (55, 67) (18, 20) (66, 82) (2, 2) (73, 81) (66, 66) (28, 28) (23, 23) (12, 16) (79, 105) (90, 90)
(86, 106) (87, 97) (30, 38) (10, 10) (66, 70) (89, 99) (59, 65) (71, 95) (23, 29) (81, 93) (26, 32) (85, 105) (30, 30) (47, 51) (38, 48) (80, 90) (1, 1) (53, 67) (70, 90) (47, 49)
(38, 46) (14, 14) (53, 57) (83, 111) (60, 70) (62, 64) (71, 77) (63, 63) (61, 73) (43, 53) (57, 69) (80, 82) (8, 8) (7, 7) (19, 25) (40, 46) (53, 53) (21, 23) (88, 98) (84, 94)
(14, 14) (2, 2) (8, 8) (21, 23) (80, 106) (53, 65) (14, 16) (9, 9) (10, 10) (71, 91) (77, 93) (54, 70) (66, 74) (61, 67) (92, 94) (25, 27) (28, 32) (6, 6) (82, 90) (24, 30)
(10, 10) (36, 42) (52, 60) (23, 23) (40, 48) (86, 100) (82, 98) (93, 105) (79, 81) (43, 51) (38, 38) (15, 15) (41, 41) (24, 28) (43, 53) (48, 56) (65, 85) (57, 73) (4, 4) (51, 63)
(44, 48) (70, 86) (9, 11) (13, 13) (32, 32) (58, 68) (67, 75) (61, 71) (38, 42) (13, 13) (47, 53) (97, 97) (40, 42) (85, 105) (57, 59) (51, 63) (58, 68) (37, 47) (54, 58) (31, 31)
(78, 98) (2, 2) (34, 34) (19, 19) (82, 90) (88, 92) (76, 92) (35, 45) (52, 52) (59, 73) (76, 76) (59, 65) (24, 30) (25, 31) (5, 5) (66, 78) (52, 56) (44, 48) (52, 62) (59, 73)
(88, 108) (43, 45) (33, 33) (18, 22) (69, 79) (30, 30) (4, 4) (86, 90) (18, 20) (74, 96) (81, 81) (26, 32) (66, 78) (72, 86) (47, 61) (33, 41) (83, 107) (10, 12) (11, 11) (2, 2)
(48, 48) (30, 38) (23, 27) (24, 28) (47, 59) (85, 109) (26, 26) (21, 25) (33, 39) (16, 18) (59, 71) (87, 107) (5, 5) (13, 13) (63, 79) (29, 35) (24, 28) (6, 6) (45, 49) (54, 60)
(20, 24) (85, 89) (82, 96) (39, 43) (70, 70) (33, 37) (92, 98) (61, 63) (49, 65) (47, 57) (18, 18) (87, 101) (60, 60) (34, 34) (75, 99) (21, 23) (84, 108) (59, 59) (72, 90) (81, 99)
TIEMPOS MAXIMOS DE FIN
(1492, 1951) (1471, 1924) (1119, 1463) (1544, 2019) (1159, 1516) (1393, 1822) (1258, 1645) (1544, 2019) (1389, 1817) (986, 1290) (1276, 1669) (1414, 1849) (1268, 1659) (1302, 1703) (1336, 1747) (1335, 1745) (1267, 1657) (1177, 1540) (1401, 1832) (1482, 1938) (1268, 1659) (1523, 1992) (1389, 1817) (1120, 1465) (1302, 1703) (1328, 1737) (1370, 1791) (1255, 1642) (1045, 1366) (1626, 2126)
