NUMERO DE TRABAJOS
30
NUMERO DE RECURSOS
20
SECUENCIA DE MAQUINAS
5 13 3 15 19 9 10 6 12 4 2 14 8 7 16 11 0 17 18 1
13 2 15 12 4 9 3 7 5 0 8 14 6 19 1 10 18 17 16 11
8 5 2 18 17 14 0 4 11 3 16 7 6 1 12 15 10 19 13 9
13 8 0 11 3 14 7 4 18 6 19 5 2 9 10 15 17 1 12 16
8 6 2 13 16 11 15 12 9 4 19 17 5 3 7 1 10 18 14 0
1 13 10 0 2 12 19 5 17 16 18 4 15 8 7 6 14 11 3 9
2 3 16 17 10 15 13 12 9 19 8 0 18 11 14 1 5 7 4 6
12 10 17 4 3 11 2 19 8 9 13 14 7 18 15 6 16 1 5 0
10 14 3 0 7 17 19 2 11 16 6 4 18 1 13 5 12 15 8 9
0 2 3 9 8 12 16 13 4 10 6 19 15 1 5 17 7 14 18 11
1 4 0 10 15 11 16 9 19 13 14 8 6 17 18 12 2 7 3 5
6 5 9 10 0 2 3 12 11 7 13 8 19 14 16 4 17 1 18 15
13 19 11 5 2 15 14 4 3 6 10 1 12 18 9 7 16 17 8 0
10 3 4 9 17 8 0 19 2 11 12 1 18 15 5 16 6 14 13 7
4 14 8 15 11 9 10 1 17 16 5 18 6 13 19 12 7 3 2 0
4 9 18 19 3 17 15 16 5 8 11 14 0 2 1 12 6 10 13 7
17 10 13 19 0 12 14 18 2 5 11 16 7 4 8 1 15 6 9 3
19 13 9 3 6 17 7 16 5 14 15 18 0 2 1 12 8 11 10 4
9 11 17 13 3 1 10 16 0 5 7 6 4 2 18 15 14 19 8 12
17 8 13 7 4 0 6 9 16 18 11 5 10 12 2 19 15 14 3 1
17 2 7 16 6 12 14 9 3 18 0 4 5 8 1 19 10 11 15 13
0 7 16 12 3 6 19 2 10 9 18 8 13 5 11 4 15 1 17 14
10 18 4 5 12 6 9 1 11 13 8 7 17 0 2 14 19 15 16 3
14 0 5 11 9 19 10 15 2 3 4 18 17 13 12 7 6 1 16 8
11 6 18 14 16 0 17 10 9 2 7 4 19 5 8 1 12 15 13 3
18 13 10 12 1 9 0 7 2 5 16 6 17 8 14 3 4 11 19 15
14 2 19 10 11 16 9 7 15 1 5 13 4 8 18 0 3 12 6 17
0 18 8 9 12 17 16 19 15 11 2 13 3 10 5 7 6 4 1 14
18 11 9 14 4 0 16 3 8 6 13 15 7 2 10 12 19 17 5 1
16 3 9 6 2 18 11 1 4 0 5 7 12 15 8 14 13 19 10 17
DURACIONES
(59, 59) (67, 77) (81, 103) (30, 40) (17, 17) (42, 54) (51, 63) (17, 19) (47, 63) (47, 55) (8, 8) (63, 73) (85, 95) (37, 41) (73, 85) (38, 42) (59, 73) (55, 55) (59, 65) (60, 72)
(38, 46) (59, 61) (49, 55) (14, 14) (79, 87) (87, 103) (32, 40) (25, 31) (4, 4) (28, 34) (13, 15) (23, 23) (63, 79) (88, 102) (69, 69) (17, 17) (12, 14) (23, 23) (73, 83) (44, 58)
(81, 105) (12, 12) (32, 36) (29, 35) (52, 66) (66, 80) (41, 51) (25, 25) (76, 88) (85, 95) (69, 71) (24, 30) (71, 93) (85, 85) (35, 45) (31, 39) (58, 64) (80, 104) (97, 99) (51, 55)
(29, 33) (95, 95) (36, 36) (55, 67) (87, 97) (24, 24) (63, 77) (14, 16) (67, 85) (46, 54) (17, 19) (28, 32) (80, 106) (58, 66) (72, 94) (16, 16) (71, 79) (26, 32) (33, 37) (28, 34)
(26, 28) (9, 11) (91, 95) (25, 27) (63, 65) (69, 71) (15, 17) (43, 53) (42, 50) (36, 38) (78, 100) (77, 89) (65, 77) (69, 75) (44, 46) (67, 79) (91, 103) (12, 12) (50, 64) (58, 66)
(9, 9) (16, 16) (75, 75) (20, 22) (44, 54) (83, 111) (5, 5) (19, 21) (23, 29) (50, 50) (24, 28) (20, 20) (7, 9) (91, 101) (50, 50) (79, 89) (7, 7) (49, 55) (65, 81) (40, 46)
(19, 21) (70, 82) (3, 3) (44, 46) (50, 56) (6, 6) (78, 88) (68, 86) (19, 23) (49, 55) (28, 36) (26, 28) (84, 102) (72, 90) (69, 87) (6, 6) (90, 96) (60, 60) (12, 12) (32, 38)
(36, 46) (57, 61) (33, 41) (82, 96) (84, 90) (28, 36) (94, 102) (24, 24) (27, 33) (84, 84) (49, 49) (80, 88) (38, 50) (16, 16) (40, 46) (57, 73) (42, 46) (73, 93) (62, 80) (67, 75)
(43, 49) (34, 38) (59, 61) (59, 59) (51, 55) (55, 61) (8, 8) (33, 33) (69, 71) (91, 95) (35, 41) (5, 5) (67, 83) (21, 25) (95, 101) (82, 98) (18, 18) (56, 68) (4, 4) (55, 57)
(25, 29) (27, 35) (42, 48) (49, 65) (74, 84) (13, 15) (76, 88) (87, 105) (4, 4) (17, 17) (40, 52) (3, 3) (7, 7) (39, 45) (24, 24) (80, 92) (66, 68) (68, 90) (43, 43) (17, 17)
(62, 82) (51, 57) (51, 51) (77, 97) (49, 55) (4, 4) (33, 37) (62, 62) (15, 15) (39, 51) (75, 93) (64, 66) (82, 88) (47, 51) (91, 105) (5, 5) (74, 88) (7, 9) (64, 80) (32, 34)
(30, 32) (85, 87) (41, 51) (3, 3) (61, 65) (52, 64) (70, 92) (7, 7) (48, 60) (39, 39) (45, 47) (85, 99) (87, 105) (54, 60) (38, 42) (45, 53) (55, 59) (80, 92) (18, 22) (85, 97)
(31, 39) (5, 5) (39, 47) (74, 94) (71, 83) (18, 22) (81, 87) (67, 73) (68, 90) (46, 58) (90, 94) (30, 38) (38, 40) (30, 30) (58, 72) (10, 12) (83, 93) (31, 33) (69, 91) (2, 2)
(58, 60) (33, 39) (70, 74) (43, 49) (42, 54) (69, 75) (70, 82) (45, 51) (60, 78) (56, 68) (29, 31) (42, 54) (7, 7) (88, 90) (35, 39) (43, 55) (28, 32) (49, 55) (1, 1) (54, 58)
(17, 19) (34, 36) (53, 69) (20, 26) (42, 50) (12, 12) (38, 38) (55, 63) (49, 51) (75, 75) (53, 67) (53, 61) (61, 65) (89, 89) (65, 77) (45, 59) (74, 92) (77, 95) (80, 82) (98, 98)
(30, 36) (13, 15) (18, 20) (78, 90) (63, 75) (54, 64) (2, 2) (81, 85) (12, 12) (20, 22) (70, 76) (74, 92) (23, 29) (83, 105) (62, 68) (98, 98) (72, 94) (42, 48) (39, 41) (84, 94)
(56, 70) (65, 79) (71, 89) (2, 2) (88, 100) (11, 11) (24, 26) (10, 10) (78, 102) (68, 78) (19, 21) (88, 96) (10, 12) (73, 97) (56, 70) (92, 102) (38, 38) (12, 14) (38, 46) (56, 62)
(86, 104) (4, 4) (85, 105) (6, 6) (66, 68) (27, 33) (80, 96) (24, 28) (56, 58) (56, 66) (9, 9) (34, 36) (23, 23) (44, 50) (45, 47) (89, 103) (18, 20) (50, 58) (66, 84) (11, 11)
(62, 66) (72, 86) (82, 92) (90, 92) (2, 2) (57, 65) (31, 31) (79, 91) (52, 54) (74, 80) (24, 26) (81, 107) (43, 43) (12, 14) (37, 43) (55, 63) (3, 3) (80, 80) (7, 7) (89, 107)
(56, 56) (11, 13) (67, 81) (41, 43) (87, 109) (65, 85) (17, 19) (94, 102) (20, 20) (69, 75) (32, 36) (71, 77) (10, 10) (97, 99) (11, 13) (94, 96) (29, 37) (62, 76) (84, 102) (81, 81)
(67, 79) (38, 38) (25, 25) (80, 104) (37, 39) (84, 98) (88, 102) (2, 2) (74, 84) (38, 44) (3, 3) (97, 101) (76, 90) (16, 20) (11, 13) (68, 74) (4, 4) (66, 66) (18, 22) (50, 56)
(61, 61) (21, 27) (23, 25) (22, 22) (76, 94) (50, 62) (85, 111) (5, 5) (28, 30) (63, 83) (27, 27) (89, 109) (4, 4) (89, 109) (55, 71) (25, 25) (54, 68) (47, 55) (78, 90) (26, 34)
(5, 5) (16, 18) (36, 44) (85, 91) (27, 33) (3, 3) (1, 1) (91, 101) (8, 10) (91, 97) (68, 70) (69, 75) (80, 100) (13, 15) (36, 46) (45, 55) (60, 78) (37, 39) (12, 12) (1, 1)
(50, 60) (17, 21) (53, 69) (55, 67) (94, 100) (68, 84) (34, 42) (63, 75) (21, 27) (58, 66) (21, 27) (85, 103) (3, 3) (5, 5) (72, 96) (40, 46) (65, 81) (73, 79) (41, 53) (89, 93)
(74, 96) (89, 107) (68, 68) (53, 61) (59, 67) (51, 65) (68, 80) (49, 55) (59, 59) (45, 49) (71, 75) (73, 85) (42, 54) (33, 43) (88, 88) (81, 89) (4, 4) (43, 45) (37, 37) (64, 86)
(39, 49) (30, 34) (34, 42) (89, 97) (38, 42) (54, 58) (78, 82) (83, 97) (64, 84) (80, 84) (56, 62) (82, 100) (39, 41) (26, 26) (69, 79) (7, 7) (49, 49) (79, 97) (59, 61) (33, 37)
(74, 76) (70, 76) (12, 14) (4, 4) (77, 77) (5, 5) (55, 59) (85, 111) (56, 64) (95, 103) (12, 12) (13, 15) (25, 25) (75, 97) (12, 14) (80, 106) (37, 45) (1, 1) (46, 60) (49, 59)
(29, 37) (72, 78) (88, 106) (31, 31) (74, 94) (44, 54) (48, 54) (26, 34) (55, 69) (67, 67) (76, 92) (40, 50) (42, 54) (58, 66) (63, 65) (82, 92) (13, 15) (68, 84) (39, 45) (67, 75)
(66, 82) (90, 106) (11, 11) (85, 107) (37, 41) (30, 32) (50, 58) (43, 55) (47, 55) (38, 42) (20, 22) (17, 21) (42, 46) (73, 79) (60, 68) (40, 46) (8, 10) (30, 30) (58, 74) (16, 18)
(29, 33) (75, 79) (92, 92) (24, 30) (63, 79) (81, 83) (32, 40) (33, 33) (48, 48) (84, 98) (48, 50) (36, 42) (88, 94) (46, 48) (72, 76) (15, 19) (60, 64) (26, 30) (87, 95) (51, 65)
TIEMPOS MAXIMOS DE FIN
(1400, 1830) (1168, 1528) (1545, 2021) (1328, 1737) (1427, 1866) (1075, 1405) (1238, 1620) (1496, 1956) (1280, 1674) (1125, 1472) (1374, 1796) (1432, 1873) (1328, 1737) (1283, 1677) (1504, 1966) (1419, 1856) (1352, 1768) (1227, 1604) (1419, 1856) (1513, 1978) (1303, 1705) (1326, 1734) (1090, 1426) (1432, 1873) (1601, 2094) (1505, 1968) (1238, 1620) (1523, 1992) (1211, 1584) (1487, 1944)
