NUMERO DE TRABAJOS
30
NUMERO DE RECURSOS
20
SECUENCIA DE MAQUINAS
11 18 19 9 1 10 3 13 7 5 15 0 4 6 8 17 16 2 14 12
8 15 18 16 6 0 2 11 13 7 10 19 9 12 3 17 14 4 5 1
17 18 2 4 14 7 10 12 13 0 19 15 5 16 1 11 9 6 8 3
2 17 4 10 9 6 12 8 5 18 3 7 16 11 19 14 15 13 1 0
4 11 18 9 2 12 16 5 7 6 8 15 3 13 14 10 0 1 19 17
4 6 16 18 14 2 7 9 1 15 10 12 5 8 19 13 17 3 0 11
19 14 11 3 6 9 15 4 2 12 17 10 13 8 0 16 7 1 5 18
6 9 17 12 16 5 0 8 1 3 14 13 7 2 4 15 18 11 10 19
10 16 17 5 15 18 14 2 0 1 4 13 7 12 9 6 8 3 19 11
6 11 15 17 14 9 7 10 16 19 8 1 4 13 5 0 3 12 18 2
10 11 7 14 5 2 19 15 1 12 8 0 16 13 9 4 17 3 18 6
19 9 0 3 14 7 13 6 11 8 15 10 4 12 1 2 18 17 5 16
6 16 10 13 9 18 14 4 1 8 17 5 2 12 3 19 0 7 15 11
4 11 5 0 15 12 13 19 14 3 16 10 9 1 18 6 17 8 7 2
1 12 3 15 11 2 5 8 16 9 17 7 4 13 6 14 0 10 19 18
19 12 7 14 13 10 2 11 3 0 16 17 9 1 18 15 8 5 6 4
16 19 12 9 3 5 6 17 13 4 8 7 1 10 14 0 11 15 2 18
7 6 0 19 9 3 16 8 11 4 12 2 13 17 18 15 1 14 5 10
12 9 19 14 7 8 0 13 16 11 6 3 1 2 4 5 10 15 18 17
1 4 18 11 0 16 12 8 13 7 2 19 3 5 9 15 17 14 10 6
10 16 3 5 4 7 11 19 15 14 9 8 6 18 12 0 1 2 13 17
5 4 7 8 0 11 1 3 17 14 16 19 15 13 10 6 12 2 9 18
13 14 16 5 0 7 18 12 1 3 19 17 11 4 2 9 15 8 6 10
14 16 19 15 7 11 4 9 10 3 18 6 13 17 2 0 5 12 1 8
8 13 6 5 1 19 14 17 9 0 12 11 3 4 7 10 15 18 16 2
0 19 12 16 10 5 14 8 7 9 18 1 11 6 17 15 13 2 4 3
12 14 11 6 0 9 3 13 4 1 18 15 8 5 2 7 10 16 17 19
18 13 7 15 1 11 0 14 2 3 8 10 6 4 12 17 5 19 16 9
11 5 7 10 8 1 2 6 14 12 17 13 0 4 16 9 3 19 15 18
0 1 19 10 16 14 5 6 12 3 7 4 18 17 9 15 2 13 11 8
DURACIONES
(37, 39) (63, 67) (79, 105) (13, 13) (53, 69) (53, 59) (92, 98) (66, 88) (40, 40) (22, 24) (82, 92) (90, 102) (90, 100) (49, 53) (98, 98) (39, 49) (10, 10) (55, 59) (43, 45) (26, 30)
(73, 89) (36, 38) (13, 13) (45, 51) (7, 7) (77, 97) (11, 13) (23, 23) (76, 90) (69, 69) (26, 26) (60, 62) (16, 16) (57, 63) (73, 85) (45, 59) (83, 85) (86, 100) (66, 80) (83, 101)
(66, 74) (1, 1) (67, 77) (34, 38) (65, 67) (63, 67) (56, 68) (88, 108) (21, 23) (65, 65) (25, 27) (82, 96) (11, 13) (47, 57) (73, 73) (52, 52) (26, 30) (56, 64) (10, 12) (25, 27)
(4, 4) (26, 28) (62, 68) (39, 39) (88, 98) (11, 13) (92, 92) (85, 87) (8, 10) (85, 89) (58, 72) (71, 87) (91, 93) (40, 42) (96, 98) (43, 47) (77, 91) (88, 90) (59, 69) (33, 41)
(58, 62) (79, 99) (15, 17) (22, 26) (46, 52) (82, 104) (69, 91) (34, 36) (60, 62) (40, 52) (36, 36) (64, 72) (20, 26) (12, 14) (47, 55) (25, 25) (71, 81) (46, 46) (98, 98) (51, 65)
(35, 35) (17, 19) (62, 82) (83, 89) (99, 99) (46, 58) (46, 50) (84, 112) (56, 60) (7, 7) (25, 27) (15, 15) (3, 3) (36, 38) (89, 95) (9, 9) (56, 70) (19, 21) (89, 93) (80, 92)
(49, 63) (10, 10) (54, 70) (8, 8) (49, 51) (17, 21) (47, 59) (67, 71) (64, 70) (8, 8) (10, 10) (20, 24) (39, 41) (76, 94) (38, 50) (21, 23) (1, 1) (85, 95) (46, 48) (56, 62)
(81, 83) (72, 94) (75, 75) (83, 95) (71, 73) (37, 41) (41, 53) (37, 41) (14, 16) (1, 1) (58, 70) (59, 73) (16, 18) (61, 75) (40, 46) (54, 72) (87, 105) (34, 40) (64, 64) (34, 36)
(53, 63) (45, 51) (17, 21) (15, 19) (31, 35) (28, 30) (43, 49) (80, 82) (10, 12) (82, 94) (56, 60) (61, 79) (89, 109) (84, 108) (89, 91) (44, 48) (68, 70) (86, 98) (4, 4) (44, 46)
(72, 76) (76, 80) (79, 79) (42, 46) (2, 2) (62, 64) (64, 72) (51, 63) (31, 35) (88, 92) (68, 70) (87, 95) (34, 36) (70, 90) (23, 29) (38, 50) (87, 95) (25, 29) (2, 2) (53, 69)
(52, 66) (40, 52) (78, 84) (41, 43) (50, 56) (41, 47) (20, 22) (43, 47) (84, 98) (4, 4) (74, 78) (16, 20) (67, 77) (77, 79) (19, 21) (43, 45) (52, 52) (37, 37) (63, 73) (29, 37)
(2, 2) (63, 63) (71, 93) (34, 40) (3, 3) (48, 58) (84, 94) (29, 33) (58, 68) (6, 6) (87, 109) (2, 2) (22, 24) (33, 43) (81, 93) (82, 100) (52, 68) (48, 62) (82, 104) (34, 42)
(71, 77) (77, 93) (55, 55) (50, 54) (84, 90) (25, 25) (80, 90) (32, 34) (39, 45) (63, 67) (51, 67) (90, 92) (85, 97) (16, 16) (30, 30) (62, 62) (61, 79) (14, 14) (31, 39) (17, 21)
(15, 17) (22, 24) (63, 77) (41, 41) (11, 13) (98, 100) (25, 27) (38, 48) (14, 14) (79, 103) (44, 56) (71, 85) (1, 1) (2, 2) (4, 4) (73, 87) (13, 15) (58, 68) (53, 57) (13, 15)
(74, 98) (30, 34) (51, 61) (80, 82) (50, 54) (14, 14) (7, 7) (74, 74) (31, 35) (68, 70) (23, 23) (62, 74) (40, 50) (19, 19) (36, 40) (35, 35) (19, 23) (40, 44) (80, 92) (89, 107)
(30, 36) (47, 55) (94, 98) (5, 5) (48, 64) (83, 97) (44, 56) (41, 41) (31, 37) (83, 103) (57, 65) (64, 70) (56, 64) (28, 34) (5, 5) (37, 45) (75, 95) (53, 63) (54, 60) (10, 10)
(23, 27) (86, 98) (16, 18) (90, 98) (65, 69) (57, 63) (63, 79) (24, 32) (69, 71) (87, 107) (52, 60) (25, 33) (52, 60) (39, 43) (52, 62) (70, 70) (23, 29) (46, 54) (2, 2) (42, 46)
(25, 29) (44, 52) (81, 89) (16, 18) (1, 1) (74, 98) (81, 95) (38, 48) (56, 60) (75, 89) (44, 58) (57, 61) (37, 39) (86, 112) (7, 7) (45, 53) (79, 97) (56, 56) (76, 84) (1, 1)
(53, 69) (44, 52) (89, 91) (56, 62) (71, 89) (40, 48) (26, 26) (42, 46) (75, 97) (28, 34) (70, 74) (26, 32) (67, 69) (28, 30) (44, 54) (23, 23) (56, 62) (58, 64) (64, 76) (44, 54)
(34, 40) (41, 49) (22, 26) (78, 98) (16, 20) (30, 36) (41, 43) (4, 4) (7, 7) (59, 79) (63, 73) (36, 42) (78, 96) (60, 62) (37, 47) (15, 17) (37, 49) (75, 91) (6, 6) (33, 39)
(89, 93) (33, 37) (9, 9) (86, 110) (47, 51) (86, 106) (62, 74) (80, 82) (10, 10) (51, 65) (20, 22) (83, 97) (24, 28) (34, 38) (86, 96) (45, 59) (9, 9) (49, 49) (14, 16) (77, 83)
(11, 11) (71, 85) (56, 62) (46, 48) (11, 11) (23, 25) (51, 59) (81, 93) (26, 30) (2, 2) (21, 25) (37, 39) (63, 79) (67, 71) (95, 99) (73, 75) (42, 44) (54, 60) (44, 44) (22, 24)
(13, 13) (49, 59) (18, 20) (3, 3) (4, 4) (13, 13) (72, 82) (72, 76) (2, 2) (57, 75) (76, 86) (59, 61) (38, 38) (80, 100) (58, 76) (34, 34) (24, 30) (52, 62) (71, 73) (7, 7)
(28, 30) (62, 76) (13, 13) (90, 102) (84, 96) (22, 26) (78, 102) (3, 3) (53, 61) (74, 92) (68, 88) (4, 4) (24, 24) (62, 68) (40, 48) (20, 22) (53, 59) (69, 77) (92, 94) (93, 101)
(48, 58) (12, 14) (17, 19) (29, 37) (76, 82) (42, 48) (17, 17) (42, 52) (43, 47) (78, 80) (7, 7) (79, 99) (49, 53) (30, 34) (26, 26) (30, 34) (42, 44) (61, 63) (30, 32) (13, 15)
(63, 63) (56, 56) (66, 70) (48, 50) (37, 43) (45, 57) (3, 3) (81, 93) (59, 67) (48, 56) (88, 102) (49, 63) (87, 107) (28, 32) (85, 113) (34, 44) (6, 6) (65, 87) (33, 35) (70, 76)
(61, 75) (29, 33) (58, 60) (6, 6) (27, 33) (51, 65) (63, 83) (61, 63) (70, 72) (87, 105) (23, 23) (61, 81) (18, 22) (10, 12) (49, 51) (92, 92) (56, 68) (64, 70) (10, 10) (60, 70)
(94, 102) (79, 87) (89, 89) (60, 68) (4, 4) (25, 29) (77, 81) (23, 27) (76, 80) (34, 38) (52, 52) (35, 47) (19, 23) (57, 67) (78, 78) (87, 97) (85, 99) (88, 88) (74, 86) (63, 65)
(77, 99) (77, 79) (9, 11) (14, 14) (8, 8) (17, 19) (9, 11) (37, 37) (49, 49) (26, 28) (86, 102) (91, 99) (37, 37) (21, 25) (14, 16) (80, 94) (51, 57) (1, 1) (66, 82) (38, 42)
(20, 22) (3, 3) (30, 34) (47, 55) (9, 9) (67, 85) (21, 25) (67, 79) (46, 60) (75, 87) (74, 74) (88, 96) (66, 72) (54, 58) (80, 106) (51, 53) (81, 85) (1, 1) (17, 17) (44, 48)
TIEMPOS MAXIMOS DE FIN
(1521, 1989) (1424, 1863) (1281, 1676) (1569, 2051) (1361, 1779) (1319, 1725) (1068, 1397) (1423, 1861) (1428, 1868) (1448, 1893) (1279, 1672) (1318, 1723) (1417, 1853) (1034, 1353) (1272, 1664) (1331, 1740) (1367, 1788) (1381, 1807) (1401, 1832) (1102, 1441) (1383, 1808) (1223, 1599) (1115, 1458) (1441, 1885) (1060, 1387) (1478, 1932) (1332, 1742) (1628, 2130) (1116, 1460) (1306, 1708)
