NUMERO DE TRABAJOS
30
NUMERO DE RECURSOS
20
SECUENCIA DE MAQUINAS
8 10 5 13 11 17 19 18 9 15 3 16 0 12 7 2 1 14 6 4
14 18 1 2 13 9 16 6 19 17 7 8 3 10 0 11 15 5 12 4
9 6 13 10 5 15 2 8 19 1 4 18 11 7 16 12 0 3 14 17
14 3 10 16 18 1 17 0 6 8 2 11 19 5 7 15 12 9 4 13
5 16 11 9 17 10 18 15 0 19 6 4 13 2 1 14 3 12 7 8
7 9 1 2 4 6 10 18 17 8 5 0 19 15 14 13 11 12 3 16
0 12 1 14 18 6 8 17 10 2 19 5 16 11 7 13 9 3 15 4
16 14 18 11 1 10 5 9 7 2 12 15 17 8 0 4 19 3 6 13
10 19 18 15 8 0 2 9 13 3 6 7 12 11 1 4 5 16 14 17
9 14 10 19 8 12 7 6 18 2 11 0 13 15 16 1 17 4 3 5
3 4 18 15 6 2 16 7 5 12 9 17 0 8 1 10 14 11 19 13
2 4 1 15 16 3 17 6 11 12 7 18 8 13 0 14 19 10 9 5
16 19 10 9 14 12 18 2 17 15 6 7 5 11 1 0 4 3 8 13
12 3 17 4 8 9 2 11 13 5 18 10 6 7 1 15 16 14 0 19
7 0 18 19 15 2 9 1 10 6 3 11 13 12 8 4 16 17 5 14
1 19 14 7 17 0 13 11 16 12 10 9 6 3 18 8 15 5 4 2
10 17 9 16 18 4 2 11 5 15 8 3 7 0 12 6 14 19 13 1
12 11 7 9 19 16 17 6 15 13 10 4 1 8 5 0 2 3 14 18
15 17 10 4 14 1 3 18 8 16 6 2 0 7 11 12 5 13 19 9
0 11 17 10 15 5 12 9 6 3 4 1 7 14 16 2 8 13 18 19
13 6 4 8 18 12 0 5 3 9 1 14 11 16 2 15 7 19 17 10
8 6 14 12 0 9 10 2 18 19 13 5 17 1 11 7 4 15 3 16
12 16 8 4 19 9 13 6 3 2 10 5 14 11 15 1 17 18 0 7
10 18 8 15 6 7 2 0 11 5 17 12 14 9 13 3 4 1 19 16
6 16 4 15 0 12 7 10 5 13 17 3 14 18 1 19 8 2 9 11
13 19 0 5 14 8 10 17 15 12 18 3 16 11 6 1 7 2 9 4
16 18 11 15 17 4 9 1 10 5 13 3 8 0 14 2 19 12 7 6
7 0 18 16 6 13 17 5 14 11 9 19 3 12 4 8 10 15 1 2
17 16 9 1 0 15 11 5 3 18 12 14 13 2 7 19 10 8 4 6
7 1 16 17 3 13 0 19 6 10 9 8 15 18 5 2 11 14 12 4
DURACIONES
(17, 17) (36, 48) (3, 3) (71, 83) (51, 55) (62, 68) (13, 15) (13, 15) (74, 80) (19, 25) (26, 26) (48, 58) (34, 38) (60, 72) (26, 26) (52, 60) (13, 15) (41, 41) (60, 78) (74, 96)
(54, 60) (87, 99) (73, 97) (18, 22) (91, 97) (3, 3) (54, 64) (76, 84) (40, 40) (73, 93) (67, 67) (55, 55) (25, 25) (22, 26) (70, 78) (46, 48) (35, 39) (97, 99) (8, 10) (76, 92)
(2, 2) (55, 69) (35, 35) (85, 89) (33, 41) (72, 86) (4, 4) (71, 87) (55, 67) (32, 38) (37, 41) (26, 26) (24, 24) (17, 17) (8, 8) (77, 99) (38, 40) (25, 25) (91, 93) (42, 54)
(48, 54) (27, 33) (72, 86) (26, 28) (24, 26) (12, 14) (3, 3) (21, 25) (16, 18) (19, 25) (45, 45) (13, 13) (70, 74) (48, 56) (55, 57) (53, 59) (74, 94) (16, 16) (49, 51) (58, 70)
(69, 75) (78, 82) (4, 4) (7, 7) (78, 92) (29, 31) (70, 80) (45, 49) (94, 94) (10, 12) (73, 77) (61, 65) (55, 61) (57, 69) (4, 4) (32, 34) (41, 53) (71, 85) (8, 8) (20, 20)
(29, 35) (77, 87) (42, 48) (14, 14) (10, 10) (52, 68) (98, 98) (92, 98) (55, 67) (84, 92) (57, 75) (78, 80) (92, 104) (39, 49) (47, 49) (26, 28) (41, 53) (28, 34) (12, 14) (45, 55)
(30, 34) (51, 55) (32, 34) (68, 72) (54, 64) (35, 47) (92, 98) (61, 69) (88, 94) (7, 7) (18, 20) (72, 92) (87, 99) (54, 58) (42, 46) (47, 47) (30, 34) (62, 62) (49, 55) (14, 16)
(5, 5) (41, 47) (94, 94) (18, 22) (32, 38) (65, 85) (92, 92) (28, 32) (60, 78) (4, 4) (89, 109) (70, 72) (18, 18) (1, 1) (73, 77) (41, 47) (30, 40) (34, 40) (48, 58) (83, 109)
(56, 64) (53, 55) (36, 46) (40, 50) (75, 83) (19, 19) (50, 56) (89, 93) (1, 1) (70, 78) (15, 17) (49, 63) (68, 82) (95, 95) (85, 95) (75, 97) (55, 61) (42, 42) (78, 80) (8, 8)
(73, 83) (50, 62) (23, 25) (53, 67) (84, 92) (44, 50) (31, 35) (11, 11) (79, 105) (62, 82) (42, 42) (76, 100) (30, 30) (54, 60) (96, 98) (23, 27) (25, 27) (5, 5) (61, 63) (45, 45)
(86, 104) (59, 65) (47, 59) (66, 72) (44, 46) (46, 50) (49, 49) (59, 59) (33, 41) (23, 23) (88, 100) (19, 19) (71, 87) (70, 92) (9, 9) (64, 68) (30, 34) (16, 18) (34, 42) (54, 64)
(57, 65) (63, 83) (77, 81) (23, 27) (74, 76) (5, 5) (73, 79) (23, 29) (69, 69) (16, 20) (21, 21) (21, 21) (16, 16) (36, 42) (15, 15) (64, 64) (93, 103) (65, 75) (54, 54) (32, 32)
(46, 46) (83, 105) (32, 34) (23, 25) (29, 33) (49, 65) (57, 57) (8, 8) (88, 88) (51, 59) (68, 70) (51, 51) (93, 95) (42, 44) (34, 36) (60, 62) (13, 15) (27, 33) (74, 94) (77, 81)
(87, 107) (7, 7) (53, 65) (87, 87) (54, 60) (36, 38) (4, 4) (2, 2) (21, 25) (44, 46) (66, 80) (65, 79) (96, 100) (74, 84) (58, 64) (14, 16) (80, 80) (73, 81) (13, 17) (73, 79)
(50, 56) (57, 75) (37, 47) (58, 60) (6, 6) (56, 64) (26, 34) (58, 60) (54, 72) (56, 66) (74, 92) (13, 15) (69, 87) (83, 97) (36, 40) (86, 90) (20, 20) (20, 26) (79, 83) (64, 64)
(75, 75) (36, 40) (15, 15) (47, 49) (34, 40) (90, 94) (96, 102) (32, 42) (73, 85) (26, 30) (60, 76) (19, 21) (6, 6) (52, 62) (68, 90) (88, 106) (66, 86) (11, 11) (6, 6) (93, 97)
(70, 78) (41, 49) (87, 99) (9, 9) (56, 60) (15, 17) (24, 30) (17, 21) (19, 19) (63, 75) (82, 82) (23, 27) (31, 31) (47, 55) (74, 96) (42, 42) (10, 10) (82, 88) (84, 86) (25, 29)
(28, 32) (5, 5) (48, 60) (3, 3) (63, 63) (45, 49) (54, 64) (44, 46) (63, 63) (37, 43) (10, 10) (16, 16) (36, 48) (43, 49) (57, 75) (31, 37) (1, 1) (14, 16) (73, 89) (69, 69)
(98, 98) (80, 98) (42, 48) (11, 11) (12, 12) (47, 51) (44, 44) (92, 104) (13, 17) (77, 81) (94, 102) (46, 50) (17, 21) (82, 98) (20, 20) (19, 21) (13, 13) (70, 86) (29, 35) (35, 43)
(20, 20) (4, 4) (64, 66) (90, 108) (54, 58) (59, 63) (45, 45) (90, 96) (30, 34) (44, 44) (55, 69) (90, 98) (50, 64) (56, 60) (43, 45) (85, 91) (1, 1) (56, 74) (69, 77) (55, 73)
(14, 16) (64, 78) (38, 40) (28, 34) (28, 36) (69, 91) (48, 60) (34, 42) (47, 55) (48, 52) (52, 64) (90, 102) (94, 98) (9, 9) (64, 66) (31, 33) (18, 20) (48, 60) (7, 7) (10, 10)
(46, 60) (18, 20) (63, 73) (95, 103) (73, 81) (11, 13) (74, 88) (85, 107) (44, 48) (51, 61) (37, 45) (7, 9) (89, 97) (9, 11) (67, 83) (66, 84) (84, 86) (30, 34) (69, 91) (76, 92)
(93, 99) (9, 9) (40, 44) (52, 52) (63, 69) (71, 89) (41, 49) (79, 103) (29, 33) (37, 43) (12, 12) (56, 64) (89, 109) (55, 59) (59, 77) (42, 46) (14, 18) (48, 62) (6, 6) (83, 85)
(89, 107) (28, 30) (68, 82) (37, 43) (74, 88) (70, 76) (62, 78) (26, 32) (74, 96) (3, 3) (76, 102) (11, 13) (1, 1) (43, 49) (28, 32) (25, 31) (72, 92) (9, 11) (17, 19) (94, 100)
(20, 22) (41, 53) (2, 2) (58, 68) (49, 65) (23, 27) (23, 27) (76, 84) (66, 74) (44, 44) (7, 7) (28, 32) (59, 65) (50, 60) (66, 70) (52, 60) (1, 1) (23, 27) (5, 5) (12, 14)
(38, 44) (6, 6) (7, 7) (69, 91) (87, 99) (12, 12) (53, 55) (12, 12) (36, 40) (27, 33) (65, 71) (34, 38) (18, 20) (46, 46) (67, 75) (63, 79) (90, 98) (57, 75) (95, 103) (51, 63)
(49, 65) (53, 57) (43, 49) (14, 16) (58, 64) (59, 69) (19, 19) (13, 15) (49, 49) (52, 64) (49, 59) (49, 59) (50, 50) (31, 33) (39, 41) (45, 49) (64, 76) (89, 105) (46, 54) (58, 72)
(48, 58) (32, 32) (2, 2) (84, 86) (15, 19) (94, 94) (42, 50) (79, 87) (56, 70) (64, 70) (45, 47) (78, 90) (31, 37) (22, 22) (21, 27) (67, 73) (55, 71) (13, 15) (75, 77) (61, 73)
(23, 27) (74, 92) (79, 95) (47, 53) (55, 65) (59, 67) (86, 86) (5, 5) (11, 11) (24, 30) (8, 8) (30, 34) (15, 17) (46, 52) (18, 22) (37, 47) (52, 66) (13, 13) (82, 90) (38, 38)
(62, 66) (18, 22) (27, 35) (14, 14) (49, 51) (82, 104) (68, 76) (64, 84) (12, 14) (37, 47) (17, 19) (23, 27) (71, 95) (29, 37) (21, 21) (86, 98) (47, 49) (57, 63) (4, 4) (78, 82)
TIEMPOS MAXIMOS DE FIN
(1112, 1455) (1474, 1927) (1153, 1507) (1037, 1356) (1240, 1621) (1414, 1849) (1362, 1781) (1296, 1694) (1458, 1907) (1349, 1764) (1344, 1757) (1218, 1592) (1368, 1790) (1383, 1808) (1401, 1832) (1381, 1807) (1237, 1618) (1025, 1341) (1296, 1694) (1462, 1912) (1179, 1541) (1547, 2023) (1368, 1790) (1294, 1693) (982, 1285) (1300, 1700) (1296, 1694) (1354, 1771) (1118, 1462) (1218, 1592)
