NUMERO DE TRABAJOS
30
NUMERO DE RECURSOS
15
SECUENCIA DE MAQUINAS
4 12 9 11 5 14 10 0 2 1 7 6 3 8 13 
0 9 14 12 1 4 11 10 6 3 2 7 8 5 13 
0 5 3 8 7 14 12 13 9 4 10 2 11 6 1 
6 5 3 4 14 8 12 10 7 2 1 9 11 0 13 
8 13 10 0 6 2 7 12 11 14 1 5 3 9 4 
5 9 13 2 11 0 7 14 4 6 12 10 8 1 3 
9 10 7 8 1 4 6 13 14 12 0 3 2 11 5 
7 9 11 13 10 1 5 14 8 2 4 6 0 12 3 
10 3 2 14 12 13 8 6 11 0 1 9 7 5 4 
11 3 10 1 0 14 13 2 5 4 7 6 9 8 12 
5 2 9 8 3 4 10 12 1 11 13 7 14 6 0 
13 14 1 0 9 2 4 11 3 5 12 6 8 10 7 
1 14 12 9 5 11 3 10 13 4 0 2 8 6 7 
11 4 13 14 7 6 2 9 1 12 0 5 3 8 10 
6 13 0 5 11 9 3 12 2 8 10 4 14 1 7 
8 4 7 13 6 14 9 1 12 5 2 3 0 10 11 
7 11 2 12 10 1 5 14 3 8 6 0 9 4 13 
6 8 9 13 10 3 14 12 7 1 4 0 5 2 11 
12 10 7 4 1 11 0 6 3 8 14 5 2 13 9 
9 5 12 11 2 7 0 13 14 1 6 8 3 10 4 
7 3 13 8 6 11 2 14 4 9 10 1 5 0 12 
0 1 2 6 14 5 3 12 10 13 7 4 9 8 11 
1 3 6 5 2 8 0 7 10 14 12 11 9 13 4 
6 11 9 13 3 0 1 10 12 2 14 4 7 5 8 
2 3 0 4 9 1 12 5 10 8 13 14 6 7 11 
7 4 9 11 3 5 1 10 14 12 8 2 13 6 0 
9 12 7 5 2 10 4 14 8 6 1 0 3 11 13 
10 14 11 0 4 13 1 9 7 6 5 12 3 8 2 
13 14 5 4 6 1 0 12 11 3 10 2 9 7 8 
14 6 8 2 7 5 11 10 4 0 3 13 1 12 9 
DURACIONES
(82, 110) (43, 51) (38, 42) (68, 68) (42, 56) (84, 98) (53, 61) (72, 90) (78, 96) (6, 6) (81, 83) (41, 53) (97, 97) (80, 108) (66, 84) 
(42, 42) (52, 58) (70, 94) (58, 64) (57, 77) (72, 86) (37, 41) (41, 45) (61, 63) (36, 46) (69, 87) (32, 40) (7, 9) (21, 21) (91, 91) 
(49, 55) (24, 32) (43, 53) (24, 26) (2, 2) (90, 106) (81, 109) (6, 8) (58, 78) (86, 106) (62, 82) (47, 53) (67, 69) (50, 58) (37, 37) 
(69, 93) (56, 62) (44, 48) (61, 61) (42, 44) (70, 72) (22, 26) (67, 75) (28, 32) (80, 94) (81, 91) (10, 10) (10, 10) (81, 105) (93, 95) 
(30, 30) (64, 78) (58, 72) (12, 14) (29, 31) (19, 25) (44, 48) (70, 70) (75, 101) (74, 82) (72, 86) (55, 59) (63, 79) (57, 59) (35, 37) 
(67, 69) (28, 36) (28, 36) (13, 17) (91, 105) (88, 102) (54, 60) (58, 74) (37, 49) (27, 35) (30, 38) (59, 61) (63, 83) (56, 56) (37, 43) 
(24, 30) (37, 47) (21, 27) (12, 12) (21, 23) (57, 57) (89, 97) (56, 60) (60, 74) (56, 72) (28, 32) (15, 17) (21, 21) (17, 21) (30, 36) 
(42, 44) (47, 55) (49, 57) (57, 67) (53, 63) (36, 40) (81, 87) (62, 68) (81, 93) (26, 26) (85, 105) (57, 65) (72, 82) (48, 50) (44, 54) 
(93, 93) (77, 85) (54, 56) (51, 67) (69, 71) (68, 68) (96, 98) (52, 62) (47, 49) (85, 99) (78, 86) (86, 92) (85, 89) (13, 13) (53, 55) 
(59, 61) (31, 35) (62, 70) (85, 107) (23, 23) (32, 40) (26, 30) (47, 59) (68, 88) (72, 84) (87, 101) (64, 80) (44, 50) (28, 28) (74, 100) 
(96, 100) (80, 98) (25, 29) (33, 35) (87, 89) (15, 15) (64, 64) (5, 5) (4, 4) (59, 67) (65, 73) (82, 82) (25, 33) (52, 54) (60, 78) 
(90, 104) (76, 98) (47, 53) (64, 72) (65, 87) (66, 82) (76, 102) (15, 15) (5, 5) (2, 2) (76, 82) (58, 60) (86, 100) (18, 20) (76, 96) 
(51, 69) (41, 53) (12, 14) (62, 62) (85, 105) (66, 68) (89, 89) (10, 12) (28, 30) (49, 55) (55, 69) (31, 31) (49, 53) (49, 61) (39, 39) 
(70, 82) (92, 92) (84, 86) (18, 22) (59, 63) (13, 15) (59, 65) (51, 53) (5, 5) (56, 70) (25, 33) (79, 91) (75, 83) (45, 59) (48, 54) 
(56, 66) (42, 48) (84, 102) (45, 57) (84, 110) (44, 48) (84, 92) (28, 28) (54, 60) (39, 51) (21, 25) (80, 102) (63, 69) (67, 79) (36, 46) 
(49, 49) (52, 64) (28, 36) (30, 30) (55, 63) (49, 65) (14, 14) (33, 33) (12, 16) (57, 61) (40, 42) (51, 67) (43, 57) (60, 74) (50, 56) 
(94, 94) (47, 57) (6, 8) (47, 55) (7, 9) (94, 104) (85, 109) (59, 73) (86, 110) (58, 58) (46, 58) (43, 43) (80, 80) (23, 23) (18, 18) 
(91, 103) (55, 59) (69, 75) (91, 103) (11, 13) (64, 76) (31, 35) (69, 75) (14, 14) (2, 2) (91, 107) (26, 34) (16, 20) (91, 99) (2, 2) 
(61, 67) (64, 86) (59, 67) (13, 15) (51, 59) (9, 11) (77, 101) (79, 99) (23, 25) (31, 33) (66, 74) (70, 88) (67, 75) (39, 45) (13, 15) 
(1, 1) (70, 94) (25, 29) (19, 25) (38, 50) (93, 101) (71, 81) (16, 16) (24, 30) (22, 26) (88, 108) (22, 28) (74, 90) (74, 76) (13, 17) 
(24, 28) (4, 4) (16, 20) (51, 51) (43, 51) (25, 29) (6, 6) (79, 89) (70, 74) (28, 30) (85, 97) (70, 82) (76, 80) (32, 40) (86, 100) 
(34, 36) (39, 39) (76, 102) (50, 56) (74, 96) (6, 8) (83, 97) (16, 16) (61, 79) (44, 54) (72, 74) (12, 14) (11, 13) (77, 101) (8, 10) 
(49, 63) (40, 40) (46, 56) (43, 51) (74, 80) (57, 73) (78, 90) (81, 105) (50, 58) (63, 69) (6, 6) (33, 39) (86, 88) (41, 41) (6, 8) 
(53, 59) (1, 1) (51, 63) (43, 47) (3, 3) (12, 16) (74, 74) (29, 29) (64, 66) (38, 48) (13, 13) (37, 47) (67, 67) (44, 46) (76, 80) 
(75, 87) (70, 74) (93, 105) (45, 59) (64, 74) (35, 43) (74, 74) (40, 54) (28, 30) (73, 73) (6, 6) (5, 5) (2, 2) (8, 8) (25, 25) 
(16, 18) (57, 71) (95, 99) (90, 98) (88, 110) (61, 75) (32, 40) (21, 21) (22, 22) (55, 67) (37, 49) (88, 98) (82, 82) (82, 100) (80, 92) 
(17, 23) (26, 30) (84, 112) (6, 8) (17, 19) (35, 39) (56, 64) (41, 53) (53, 71) (68, 82) (40, 44) (46, 58) (92, 102) (46, 46) (89, 107) 
(8, 10) (15, 15) (84, 86) (54, 56) (6, 8) (6, 6) (3, 3) (27, 27) (11, 11) (29, 33) (78, 102) (76, 86) (5, 5) (84, 88) (27, 33) 
(53, 53) (76, 98) (91, 95) (57, 67) (17, 21) (11, 13) (51, 55) (68, 78) (4, 4) (1, 1) (60, 70) (31, 39) (65, 65) (21, 25) (34, 46) 
(13, 13) (22, 22) (33, 35) (5, 5) (68, 68) (74, 88) (49, 57) (60, 72) (93, 99) (49, 51) (35, 45) (62, 78) (80, 104) (12, 14) (42, 44) 
TIEMPOS MAXIMOS DE FIN
(10000, 10000) (10000, 10000) (10000, 10000) (10000, 10000) (10000, 10000) (10000, 10000) (10000, 10000) (10000, 10000) (10000, 10000) (10000, 10000) (10000, 10000) (10000, 10000) (10000, 10000) (10000, 10000) (10000, 10000) (10000, 10000) (10000, 10000) (10000, 10000) (10000, 10000) (10000, 10000) (10000, 10000) (10000, 10000) (10000, 10000) (10000, 10000) (10000, 10000) (10000, 10000) (10000, 10000) (10000, 10000) (10000, 10000) (10000, 10000) 
// Desviacion Izda: min(0%), max(15%), promedio(6.5483%)
// Desviacion Dcha: min(0%), max(15%), promedio(6.5483%)
