NUMERO DE TRABAJOS
30
NUMERO DE RECURSOS
20
SECUENCIA DE MAQUINAS
11 19 16 7 12 1 10 8 6 18 2 13 17 14 0 3 15 4 5 9
4 19 8 17 0 5 1 6 11 12 10 13 2 3 15 18 16 7 14 9
19 10 14 11 3 2 13 1 0 12 9 18 4 5 16 17 7 6 8 15
2 15 6 19 17 14 12 13 1 11 5 4 9 16 18 10 8 7 0 3
17 8 10 16 19 4 2 6 0 3 9 12 11 7 1 15 14 13 18 5
5 6 13 10 19 16 9 8 15 12 4 7 14 11 17 3 18 2 0 1
2 19 4 8 9 6 7 5 11 1 13 14 17 18 10 3 12 16 0 15
16 7 1 6 5 12 4 10 14 15 8 18 0 3 9 11 17 13 19 2
12 0 2 4 1 6 14 16 19 3 17 5 11 8 9 10 13 15 7 18
6 17 13 19 16 18 11 10 3 2 14 8 5 7 15 9 12 4 0 1
12 18 11 7 17 10 6 9 3 19 14 1 4 15 0 2 13 5 8 16
0 18 11 3 15 10 5 4 7 13 8 19 17 2 14 1 6 16 9 12
3 4 7 6 5 15 8 13 17 12 9 10 18 2 14 0 11 1 19 16
5 12 14 6 3 10 13 7 8 17 15 18 4 0 1 16 9 11 2 19
7 4 10 13 11 16 18 12 8 15 19 1 0 17 2 3 9 14 6 5
0 17 4 15 11 3 14 13 10 7 8 1 9 16 5 18 12 6 19 2
19 1 11 17 5 18 7 10 12 2 0 3 4 13 6 8 16 9 15 14
3 12 1 15 7 6 8 9 13 16 19 10 4 17 5 18 14 2 0 11
11 10 15 12 7 19 9 4 8 2 1 5 6 3 17 13 0 16 18 14
0 13 9 5 15 14 17 6 11 7 12 2 10 16 1 19 4 8 18 3
14 2 13 16 9 19 7 6 18 15 4 17 0 12 5 3 11 8 10 1
16 9 17 8 6 4 19 18 7 2 14 15 12 5 10 13 3 0 11 1
5 19 2 16 10 6 13 4 11 1 3 17 9 8 15 7 18 12 14 0
4 0 10 2 1 8 18 5 13 7 19 14 6 15 17 16 12 11 9 3
6 5 10 11 3 7 0 8 15 9 17 4 2 19 16 12 13 18 1 14
18 9 0 11 14 4 1 5 19 12 17 10 6 3 13 2 15 7 8 16
17 0 16 4 18 1 8 5 15 2 3 7 19 12 11 14 13 9 10 6
4 17 13 2 15 7 10 1 9 16 11 6 8 18 12 0 3 14 5 19
6 18 5 2 3 17 19 1 14 9 12 0 15 10 4 13 16 11 8 7
10 11 17 3 6 7 5 12 14 1 9 18 15 0 13 19 2 4 16 8
DURACIONES
(60, 72) (36, 40) (15, 15) (7, 7) (89, 97) (51, 63) (85, 99) (53, 59) (87, 99) (57, 63) (36, 44) (64, 84) (56, 62) (69, 75) (19, 23) (23, 25) (23, 25) (57, 57) (74, 74) (66, 72)
(86, 90) (64, 76) (39, 45) (13, 15) (66, 66) (8, 8) (28, 36) (66, 88) (11, 11) (30, 30) (43, 53) (96, 98) (82, 96) (78, 86) (81, 81) (79, 99) (71, 81) (83, 91) (41, 47) (26, 26)
(52, 54) (81, 83) (35, 39) (82, 88) (29, 33) (74, 88) (21, 27) (67, 67) (3, 3) (12, 12) (8, 8) (64, 80) (77, 97) (68, 70) (18, 20) (31, 39) (86, 108) (46, 46) (67, 79) (12, 12)
(30, 32) (44, 56) (72, 76) (12, 12) (48, 56) (83, 95) (67, 67) (46, 58) (21, 21) (10, 12) (29, 33) (62, 76) (31, 39) (92, 106) (23, 25) (82, 104) (82, 92) (15, 15) (19, 21) (57, 75)
(14, 14) (79, 101) (13, 15) (61, 75) (6, 6) (77, 81) (14, 14) (15, 15) (16, 18) (66, 70) (18, 20) (43, 49) (68, 76) (31, 35) (18, 22) (12, 12) (52, 60) (86, 108) (26, 26) (32, 40)
(67, 75) (83, 107) (2, 2) (79, 83) (84, 102) (18, 24) (84, 112) (61, 67) (29, 31) (37, 43) (61, 73) (59, 71) (16, 16) (29, 37) (46, 56) (46, 52) (62, 74) (83, 95) (90, 94) (31, 39)
(27, 29) (31, 35) (78, 84) (91, 97) (10, 12) (53, 69) (32, 40) (29, 37) (87, 97) (73, 93) (14, 14) (87, 107) (35, 37) (58, 64) (67, 77) (64, 66) (24, 28) (13, 15) (4, 4) (71, 89)
(63, 77) (86, 106) (34, 36) (11, 11) (99, 99) (71, 95) (39, 39) (41, 45) (86, 88) (18, 20) (13, 15) (40, 52) (81, 101) (15, 19) (31, 33) (32, 32) (35, 41) (41, 51) (93, 99) (20, 24)
(65, 73) (34, 38) (8, 8) (19, 23) (2, 2) (31, 33) (65, 85) (70, 92) (43, 51) (61, 67) (77, 83) (71, 79) (45, 53) (41, 41) (78, 86) (22, 28) (85, 93) (29, 37) (27, 31) (45, 49)
(9, 9) (33, 39) (20, 24) (56, 62) (30, 34) (32, 34) (64, 80) (25, 29) (41, 49) (17, 21) (45, 53) (31, 39) (56, 58) (81, 93) (56, 62) (47, 51) (76, 90) (51, 53) (60, 72) (60, 62)
(22, 26) (50, 56) (56, 66) (31, 31) (13, 15) (18, 20) (26, 26) (84, 98) (48, 58) (37, 45) (69, 85) (65, 67) (74, 88) (32, 32) (26, 32) (77, 89) (13, 13) (29, 33) (6, 6) (19, 23)
(41, 49) (86, 92) (27, 31) (7, 7) (41, 53) (42, 52) (24, 26) (43, 47) (60, 60) (26, 30) (74, 92) (66, 70) (11, 13) (35, 39) (61, 77) (40, 52) (43, 51) (84, 98) (20, 20) (40, 50)
(21, 25) (55, 55) (59, 61) (45, 59) (15, 19) (68, 82) (50, 58) (66, 86) (33, 37) (56, 66) (50, 52) (74, 94) (35, 41) (89, 99) (26, 34) (14, 14) (68, 88) (27, 31) (86, 112) (83, 93)
(13, 15) (22, 22) (91, 107) (51, 67) (76, 102) (44, 44) (91, 105) (56, 56) (19, 25) (29, 37) (41, 41) (40, 52) (57, 73) (77, 93) (33, 43) (3, 3) (19, 19) (36, 42) (5, 5) (64, 80)
(11, 13) (25, 29) (8, 8) (13, 13) (24, 28) (32, 38) (30, 36) (46, 52) (26, 32) (37, 41) (35, 39) (1, 1) (72, 76) (21, 23) (35, 41) (31, 31) (6, 6) (93, 103) (74, 98) (69, 69)
(68, 76) (72, 76) (6, 6) (52, 64) (26, 28) (21, 21) (19, 19) (94, 100) (8, 8) (66, 74) (48, 50) (25, 25) (39, 39) (82, 108) (71, 71) (75, 87) (83, 93) (11, 11) (89, 97) (61, 81)
(11, 11) (74, 90) (82, 82) (71, 89) (65, 83) (58, 62) (43, 43) (73, 77) (4, 4) (59, 69) (45, 59) (69, 77) (73, 81) (73, 87) (81, 97) (62, 70) (26, 30) (62, 62) (79, 85) (41, 43)
(11, 11) (16, 16) (11, 13) (70, 74) (31, 39) (77, 89) (69, 77) (41, 41) (21, 25) (56, 70) (16, 16) (37, 37) (27, 29) (82, 94) (70, 80) (45, 57) (22, 24) (40, 40) (4, 4) (69, 87)
(51, 55) (30, 30) (73, 97) (8, 8) (58, 76) (31, 39) (56, 60) (26, 32) (52, 56) (16, 16) (58, 58) (68, 78) (14, 16) (80, 84) (75, 77) (81, 95) (63, 79) (55, 59) (54, 72) (12, 14)
(30, 38) (16, 18) (32, 40) (93, 99) (76, 92) (79, 89) (28, 30) (50, 62) (75, 91) (83, 85) (45, 59) (33, 41) (40, 42) (90, 96) (70, 88) (84, 102) (34, 40) (1, 1) (44, 46) (30, 36)
(19, 19) (73, 85) (38, 48) (38, 48) (62, 66) (2, 2) (13, 15) (57, 59) (42, 52) (22, 24) (92, 94) (18, 20) (57, 57) (69, 85) (31, 33) (58, 64) (25, 29) (22, 28) (52, 52) (52, 54)
(3, 3) (1, 1) (73, 73) (78, 84) (76, 100) (49, 63) (52, 64) (14, 14) (77, 99) (58, 78) (16, 16) (77, 79) (44, 52) (27, 33) (63, 73) (5, 5) (47, 47) (25, 31) (68, 74) (17, 21)
(37, 41) (65, 79) (35, 39) (32, 34) (50, 56) (84, 106) (7, 9) (13, 13) (20, 26) (40, 40) (15, 15) (6, 6) (25, 25) (1, 1) (19, 25) (30, 30) (10, 10) (6, 8) (54, 64) (14, 14)
(35, 39) (94, 102) (76, 86) (66, 80) (52, 64) (25, 29) (21, 23) (37, 41) (85, 111) (32, 38) (88, 108) (67, 79) (25, 25) (71, 75) (68, 76) (75, 83) (48, 60) (83, 105) (27, 27) (27, 33)
(46, 52) (60, 66) (94, 100) (77, 97) (76, 96) (71, 91) (13, 17) (91, 93) (64, 82) (66, 86) (48, 58) (75, 75) (83, 103) (70, 70) (32, 38) (13, 13) (82, 88) (81, 109) (39, 39) (49, 65)
(33, 35) (41, 43) (62, 64) (68, 78) (6, 6) (61, 81) (72, 80) (78, 94) (96, 98) (15, 17) (52, 56) (39, 49) (44, 54) (91, 97) (82, 102) (24, 24) (28, 34) (66, 78) (35, 35) (45, 47)
(4, 4) (69, 75) (27, 33) (43, 51) (77, 89) (22, 24) (76, 100) (65, 79) (71, 81) (4, 4) (10, 10) (87, 91) (66, 84) (75, 75) (24, 24) (59, 67) (72, 80) (71, 83) (36, 36) (81, 95)
(77, 83) (67, 69) (59, 71) (14, 16) (35, 37) (34, 34) (93, 95) (7, 7) (93, 105) (41, 47) (66, 78) (12, 12) (30, 36) (72, 82) (24, 24) (54, 60) (67, 69) (1, 1) (3, 3) (6, 6)
(79, 101) (3, 3) (65, 75) (5, 5) (72, 72) (54, 66) (32, 32) (83, 99) (40, 44) (54, 54) (17, 19) (62, 64) (50, 58) (75, 91) (83, 101) (50, 64) (94, 98) (11, 11) (91, 105) (41, 53)
(68, 86) (32, 34) (57, 75) (60, 76) (91, 107) (43, 51) (50, 54) (79, 97) (4, 4) (63, 79) (20, 20) (26, 32) (74, 90) (11, 11) (16, 16) (53, 61) (4, 4) (16, 20) (27, 31) (59, 77)
TIEMPOS MAXIMOS DE FIN
(1418, 1854) (1504, 1966) (1290, 1688) (1297, 1696) (1042, 1363) (1508, 1972) (1327, 1735) (1320, 1727) (1280, 1674) (1237, 1618) (1107, 1448) (1222, 1598) (1446, 1892) (1233, 1613) (952, 1246) (1397, 1827) (1593, 2084) (1129, 1477) (1340, 1752) (1448, 1893) (1154, 1509) (1222, 1598) (782, 1023) (1550, 2028) (1734, 2267) (1436, 1878) (1445, 1890) (1163, 1521) (1479, 1934) (1220, 1596)
