NUMERO DE TRABAJOS
30
NUMERO DE RECURSOS
15
SECUENCIA DE MAQUINAS
5 3 12 6 9 1 14 4 2 13 10 0 8 11 7 
1 7 0 2 4 11 10 14 5 12 8 3 9 6 13 
9 1 6 4 0 10 5 13 7 11 14 2 3 8 12 
5 8 6 14 1 0 3 11 12 10 7 13 4 2 9 
0 11 1 5 9 13 14 2 7 12 3 8 4 10 6 
12 1 10 7 14 9 0 2 6 13 8 3 11 5 4 
8 12 3 11 6 5 2 7 10 13 14 1 4 0 9 
8 4 10 0 14 2 12 1 6 9 3 13 7 5 11 
12 5 3 8 4 11 7 14 2 1 13 6 9 10 0 
0 9 5 14 1 13 6 11 7 10 4 8 2 3 12 
13 6 4 7 2 8 12 10 5 11 0 1 3 9 14 
6 0 7 8 4 13 2 1 9 14 12 10 5 11 3 
6 0 4 7 2 12 10 8 13 11 14 9 3 5 1 
3 12 5 1 6 4 7 2 11 9 13 14 0 8 10 
11 3 1 13 7 9 8 14 10 4 6 2 12 0 5 
7 13 9 4 10 2 0 6 5 3 8 1 14 11 12 
7 5 14 10 13 6 3 2 9 12 4 8 1 0 11 
13 7 10 1 5 11 8 0 14 6 4 3 12 2 9 
5 10 7 11 14 1 12 0 13 2 4 6 3 9 8 
10 7 5 2 11 14 3 9 0 6 4 12 13 8 1 
11 3 6 2 7 10 1 13 0 4 8 5 14 9 12 
10 9 0 3 4 5 8 11 1 7 6 14 12 13 2 
10 9 0 4 7 2 1 13 6 14 12 8 11 3 5 
6 0 7 13 5 3 14 1 9 12 8 2 4 11 10 
7 6 11 5 13 12 8 4 14 9 0 3 1 2 10 
7 5 10 6 11 13 9 0 12 2 8 14 1 3 4 
13 7 2 9 1 11 0 5 8 10 12 6 3 14 4 
7 9 4 14 13 2 12 3 8 10 0 6 11 5 1 
9 12 7 11 4 5 0 1 13 8 3 10 2 6 14 
10 11 14 13 5 1 12 9 3 6 8 2 0 4 7 
DURACIONES
(17, 23) (51, 61) (65, 73) (15, 15) (6, 6) (64, 86) (77, 91) (23, 25) (57, 71) (34, 40) (78, 80) (84, 106) (27, 27) (51, 69) (31, 39) 
(27, 27) (55, 61) (48, 64) (29, 31) (26, 34) (52, 62) (51, 59) (60, 66) (32, 32) (38, 48) (39, 49) (66, 82) (41, 51) (11, 11) (41, 41) 
(40, 46) (64, 86) (7, 9) (69, 73) (46, 54) (48, 64) (12, 14) (12, 16) (89, 109) (49, 65) (81, 91) (28, 28) (35, 39) (83, 83) (60, 80) 
(64, 72) (63, 69) (27, 27) (33, 33) (46, 48) (67, 79) (81, 93) (65, 75) (19, 23) (21, 23) (29, 31) (10, 10) (10, 12) (10, 10) (17, 17) 
(6, 6) (44, 54) (10, 12) (61, 77) (48, 52) (43, 57) (12, 12) (73, 73) (72, 96) (87, 97) (1, 1) (76, 92) (84, 92) (46, 58) (45, 47) 
(14, 14) (7, 7) (10, 12) (70, 88) (40, 50) (20, 24) (79, 91) (63, 71) (56, 72) (64, 86) (19, 25) (31, 39) (64, 66) (26, 34) (68, 68) 
(61, 73) (16, 18) (51, 65) (17, 23) (43, 47) (53, 57) (53, 53) (10, 10) (3, 3) (64, 68) (57, 69) (32, 40) (87, 99) (37, 43) (82, 88) 
(7, 9) (24, 30) (66, 70) (36, 42) (22, 26) (61, 73) (30, 34) (40, 44) (52, 56) (18, 18) (54, 62) (73, 77) (33, 41) (59, 67) (15, 17) 
(81, 85) (24, 30) (3, 3) (25, 25) (65, 71) (62, 64) (29, 37) (85, 87) (12, 12) (22, 22) (69, 81) (16, 16) (41, 47) (76, 84) (47, 49) 
(91, 95) (52, 56) (79, 83) (14, 14) (63, 75) (62, 70) (18, 22) (2, 2) (6, 6) (87, 89) (6, 8) (68, 78) (58, 74) (58, 74) (74, 88) 
(57, 67) (72, 90) (34, 38) (84, 88) (81, 109) (90, 94) (42, 50) (9, 11) (6, 6) (18, 18) (41, 41) (67, 73) (29, 29) (21, 23) (14, 16) 
(47, 47) (33, 43) (58, 60) (85, 109) (58, 66) (8, 10) (20, 22) (28, 32) (7, 9) (21, 25) (63, 85) (48, 48) (14, 14) (66, 70) (51, 59) 
(63, 71) (23, 29) (3, 3) (72, 94) (64, 82) (17, 21) (12, 12) (72, 90) (15, 15) (34, 34) (80, 96) (53, 55) (33, 37) (52, 64) (69, 69) 
(7, 7) (38, 46) (32, 32) (86, 100) (97, 97) (4, 4) (96, 100) (72, 88) (87, 93) (53, 63) (38, 42) (15, 15) (30, 38) (51, 65) (3, 3) 
(63, 73) (3, 3) (37, 41) (44, 58) (66, 76) (71, 83) (41, 47) (39, 47) (6, 6) (33, 43) (9, 11) (77, 85) (40, 44) (28, 28) (62, 68) 
(25, 33) (11, 13) (56, 72) (52, 58) (70, 84) (17, 23) (77, 79) (35, 43) (75, 101) (46, 48) (75, 87) (35, 47) (18, 18) (7, 7) (35, 45) 
(59, 63) (26, 26) (21, 27) (51, 69) (68, 84) (54, 60) (67, 67) (25, 31) (55, 67) (55, 65) (3, 3) (18, 22) (44, 50) (23, 29) (80, 100) 
(29, 37) (82, 82) (32, 40) (51, 51) (97, 97) (19, 19) (60, 66) (25, 29) (34, 36) (27, 29) (25, 27) (12, 14) (61, 71) (11, 11) (25, 27) 
(49, 49) (65, 77) (87, 111) (57, 77) (74, 80) (19, 21) (82, 110) (1, 1) (82, 94) (20, 22) (74, 88) (73, 95) (43, 55) (82, 102) (7, 7) 
(80, 86) (16, 18) (81, 103) (82, 92) (16, 18) (56, 66) (27, 35) (1, 1) (62, 72) (69, 91) (7, 9) (16, 16) (47, 53) (9, 9) (62, 76) 
(35, 41) (65, 81) (75, 97) (59, 71) (82, 84) (22, 28) (31, 39) (19, 25) (81, 81) (13, 15) (18, 20) (39, 45) (21, 21) (29, 31) (77, 89) 
(62, 72) (60, 62) (85, 107) (41, 47) (13, 13) (38, 38) (44, 58) (85, 95) (73, 95) (27, 33) (12, 14) (59, 61) (17, 23) (12, 16) (81, 83) 
(79, 95) (69, 81) (21, 27) (58, 76) (17, 23) (95, 97) (69, 83) (56, 66) (42, 46) (45, 57) (84, 96) (34, 46) (4, 4) (15, 17) (49, 53) 
(20, 24) (52, 52) (35, 35) (52, 64) (1, 1) (59, 65) (4, 4) (60, 76) (8, 8) (35, 43) (48, 48) (75, 77) (51, 51) (22, 28) (37, 37) 
(30, 38) (51, 51) (27, 27) (39, 41) (10, 12) (93, 99) (76, 86) (75, 101) (83, 97) (29, 35) (62, 62) (45, 59) (86, 96) (54, 54) (95, 97) 
(39, 41) (1, 1) (3, 3) (65, 77) (18, 22) (51, 53) (88, 96) (65, 81) (15, 19) (77, 97) (79, 83) (35, 35) (22, 26) (20, 26) (88, 98) 
(58, 58) (59, 71) (1, 1) (75, 87) (29, 39) (44, 52) (70, 94) (30, 34) (22, 24) (41, 47) (19, 21) (71, 89) (73, 97) (51, 61) (85, 95) 
(72, 92) (58, 64) (68, 68) (59, 71) (44, 52) (85, 91) (2, 2) (75, 77) (37, 37) (65, 79) (18, 18) (11, 11) (31, 35) (21, 27) (61, 69) 
(91, 97) (13, 15) (17, 17) (22, 28) (56, 58) (74, 88) (7, 9) (72, 90) (56, 62) (90, 104) (39, 47) (30, 38) (55, 55) (33, 39) (2, 2) 
(20, 26) (60, 68) (7, 7) (87, 91) (13, 13) (87, 105) (77, 91) (83, 99) (20, 20) (3, 3) (44, 46) (45, 55) (1, 1) (36, 46) (49, 65) 
TIEMPOS MAXIMOS DE FIN
(10000, 10000) (10000, 10000) (10000, 10000) (10000, 10000) (10000, 10000) (10000, 10000) (10000, 10000) (10000, 10000) (10000, 10000) (10000, 10000) (10000, 10000) (10000, 10000) (10000, 10000) (10000, 10000) (10000, 10000) (10000, 10000) (10000, 10000) (10000, 10000) (10000, 10000) (10000, 10000) (10000, 10000) (10000, 10000) (10000, 10000) (10000, 10000) (10000, 10000) (10000, 10000) (10000, 10000) (10000, 10000) (10000, 10000) (10000, 10000) 
// Desviacion Izda: min(0%), max(15%), promedio(6.39037%)
// Desviacion Dcha: min(0%), max(15%), promedio(6.39037%)
