NUMERO DE TRABAJOS
30
NUMERO DE RECURSOS
15
SECUENCIA DE MAQUINAS
5 11 1 9 6 4 13 3 7 10 12 14 2 8 0 
11 8 4 9 1 2 12 5 10 13 6 7 14 0 3 
9 2 0 13 10 6 11 3 8 14 12 5 7 4 1 
12 1 13 5 14 0 8 11 7 3 4 6 2 10 9 
5 10 12 8 7 2 14 9 13 4 11 0 6 1 3 
4 11 2 14 12 5 10 8 1 6 9 0 13 3 7 
2 3 0 6 14 11 7 5 4 12 13 8 9 1 10 
14 5 6 8 9 10 1 2 4 7 11 3 13 12 0 
13 2 10 0 6 9 8 7 4 14 5 1 3 11 12 
6 1 14 10 7 2 4 11 0 13 9 8 3 5 12 
4 6 7 13 11 8 10 5 3 0 9 2 14 12 1 
5 13 9 2 0 12 14 7 1 10 3 6 11 8 4 
12 6 2 0 10 3 11 4 14 5 7 9 13 8 1 
3 12 4 10 8 7 5 1 6 11 9 14 13 2 0 
10 6 11 5 13 3 1 12 0 14 8 2 7 9 4 
10 13 1 4 11 5 6 7 14 3 8 2 0 12 9 
2 6 5 13 4 10 14 7 0 8 3 12 11 9 1 
14 13 2 1 4 9 11 0 3 12 8 7 6 5 10 
7 0 3 8 2 4 10 1 13 5 6 12 14 11 9 
0 1 11 14 5 2 9 13 8 4 6 10 12 3 7 
12 11 13 10 14 4 8 1 9 3 7 5 0 6 2 
10 0 1 4 14 13 7 9 2 3 11 12 8 5 6 
0 11 8 5 6 9 14 4 2 13 10 7 12 1 3 
12 5 1 7 13 4 8 11 0 10 6 14 9 2 3 
5 8 3 4 13 9 12 10 1 7 0 11 2 6 14 
0 14 3 12 6 10 8 7 9 13 2 1 5 4 11 
8 4 14 7 2 13 11 12 0 5 6 3 9 10 1 
12 2 0 3 5 13 14 1 11 4 8 7 9 6 10 
10 3 2 13 8 6 11 9 0 1 4 7 5 14 12 
5 10 11 4 0 2 3 9 13 8 12 7 6 14 1 
DURACIONES
(65, 87) (4, 4) (90, 106) (1, 1) (48, 54) (92, 92) (64, 86) (43, 51) (33, 37) (63, 77) (19, 23) (20, 20) (70, 88) (81, 81) (54, 72) 
(63, 79) (85, 85) (3, 3) (43, 47) (12, 14) (54, 60) (23, 29) (58, 68) (36, 40) (86, 96) (71, 75) (53, 65) (65, 83) (33, 41) (58, 72) 
(60, 60) (74, 74) (33, 37) (63, 83) (44, 54) (1, 1) (89, 95) (5, 5) (38, 44) (2, 2) (81, 109) (24, 32) (32, 42) (70, 86) (74, 98) 
(90, 100) (72, 74) (22, 24) (77, 77) (40, 54) (23, 25) (28, 30) (88, 88) (67, 71) (48, 50) (25, 31) (62, 70) (4, 4) (38, 44) (3, 3) 
(26, 30) (25, 27) (68, 74) (78, 84) (31, 41) (95, 97) (94, 96) (41, 49) (9, 11) (49, 61) (84, 90) (56, 74) (52, 56) (26, 26) (51, 69) 
(38, 42) (33, 39) (5, 5) (75, 81) (55, 71) (94, 98) (24, 26) (85, 87) (73, 97) (49, 63) (22, 28) (28, 32) (91, 105) (73, 83) (35, 47) 
(78, 102) (13, 17) (78, 100) (85, 89) (45, 59) (59, 59) (20, 24) (38, 46) (41, 51) (51, 69) (52, 56) (83, 91) (22, 22) (93, 101) (1, 1) 
(49, 53) (67, 83) (2, 2) (76, 96) (18, 20) (81, 95) (20, 20) (79, 97) (22, 26) (41, 43) (83, 97) (18, 22) (27, 31) (18, 22) (48, 52) 
(11, 11) (92, 100) (86, 98) (91, 97) (70, 86) (59, 67) (41, 47) (8, 8) (61, 75) (77, 77) (50, 54) (72, 76) (37, 49) (10, 10) (86, 88) 
(74, 76) (72, 84) (27, 27) (25, 29) (78, 86) (88, 94) (86, 90) (73, 79) (36, 38) (43, 43) (48, 56) (67, 75) (40, 50) (98, 100) (62, 78) 
(43, 51) (7, 9) (87, 111) (78, 92) (10, 12) (14, 18) (23, 25) (10, 10) (9, 11) (12, 12) (33, 41) (36, 42) (37, 39) (75, 77) (87, 95) 
(62, 62) (92, 104) (64, 72) (14, 14) (49, 65) (2, 2) (51, 53) (31, 41) (54, 62) (47, 61) (93, 105) (53, 61) (45, 59) (80, 100) (50, 66) 
(53, 53) (6, 6) (63, 67) (66, 70) (49, 57) (63, 69) (13, 17) (72, 94) (69, 91) (64, 82) (86, 86) (51, 63) (23, 23) (88, 88) (34, 40) 
(71, 75) (61, 69) (48, 60) (95, 95) (12, 12) (62, 76) (4, 4) (7, 7) (11, 13) (82, 82) (5, 5) (22, 22) (13, 17) (2, 2) (37, 39) 
(54, 64) (47, 51) (29, 29) (61, 77) (69, 89) (53, 61) (26, 28) (53, 71) (53, 61) (20, 24) (27, 31) (38, 46) (52, 66) (17, 23) (82, 90) 
(77, 85) (24, 24) (52, 58) (82, 108) (2, 2) (85, 103) (34, 42) (41, 45) (14, 16) (46, 58) (54, 54) (59, 73) (55, 73) (24, 24) (27, 31) 
(17, 23) (25, 25) (70, 70) (6, 6) (3, 3) (5, 5) (64, 82) (24, 26) (57, 59) (31, 41) (78, 104) (20, 24) (58, 64) (38, 38) (30, 36) 
(55, 67) (18, 22) (19, 23) (21, 23) (19, 25) (61, 77) (86, 110) (12, 12) (27, 33) (98, 98) (28, 28) (8, 8) (7, 7) (48, 54) (64, 68) 
(73, 81) (3, 3) (11, 11) (21, 25) (51, 61) (28, 32) (74, 80) (64, 64) (48, 56) (62, 78) (3, 3) (83, 111) (90, 96) (52, 56) (13, 17) 
(1, 1) (21, 23) (94, 104) (31, 37) (42, 54) (13, 17) (8, 10) (64, 70) (82, 88) (39, 43) (12, 14) (45, 51) (6, 8) (61, 71) (47, 63) 
(41, 47) (81, 107) (29, 37) (27, 29) (22, 24) (30, 32) (9, 11) (14, 16) (45, 55) (59, 77) (6, 8) (50, 50) (69, 89) (68, 84) (78, 100) 
(73, 73) (2, 2) (69, 83) (25, 27) (47, 53) (91, 95) (89, 97) (33, 37) (59, 69) (41, 43) (15, 19) (24, 28) (57, 63) (73, 73) (49, 65) 
(75, 83) (49, 63) (19, 25) (36, 42) (27, 27) (33, 43) (12, 16) (54, 56) (59, 69) (92, 106) (24, 32) (84, 110) (6, 8) (91, 93) (64, 78) 
(2, 2) (3, 3) (31, 35) (71, 77) (60, 78) (54, 62) (86, 112) (74, 84) (80, 88) (84, 100) (97, 99) (41, 41) (33, 41) (12, 12) (11, 13) 
(44, 48) (20, 26) (48, 48) (68, 70) (70, 72) (8, 10) (94, 94) (39, 49) (1, 1) (26, 26) (91, 95) (53, 55) (22, 26) (75, 79) (42, 46) 
(71, 95) (80, 92) (6, 6) (54, 68) (39, 39) (63, 81) (1, 1) (8, 8) (17, 17) (60, 60) (40, 42) (15, 17) (19, 23) (21, 21) (6, 6) 
(27, 29) (53, 65) (56, 68) (86, 108) (51, 53) (57, 59) (44, 54) (71, 95) (11, 11) (49, 49) (22, 26) (52, 60) (37, 49) (31, 37) (20, 26) 
(69, 81) (77, 87) (70, 80) (88, 100) (59, 75) (13, 17) (21, 25) (54, 60) (4, 4) (45, 57) (22, 24) (40, 40) (57, 69) (89, 105) (19, 21) 
(14, 14) (33, 33) (14, 18) (14, 14) (24, 24) (1, 1) (18, 22) (83, 109) (70, 80) (35, 37) (83, 101) (73, 75) (12, 14) (77, 81) (44, 52) 
(30, 36) (79, 99) (84, 94) (45, 53) (53, 63) (29, 35) (95, 95) (59, 69) (10, 12) (13, 13) (43, 43) (96, 100) (32, 32) (51, 61) (57, 67) 
TIEMPOS MAXIMOS DE FIN
(10000, 10000) (10000, 10000) (10000, 10000) (10000, 10000) (10000, 10000) (10000, 10000) (10000, 10000) (10000, 10000) (10000, 10000) (10000, 10000) (10000, 10000) (10000, 10000) (10000, 10000) (10000, 10000) (10000, 10000) (10000, 10000) (10000, 10000) (10000, 10000) (10000, 10000) (10000, 10000) (10000, 10000) (10000, 10000) (10000, 10000) (10000, 10000) (10000, 10000) (10000, 10000) (10000, 10000) (10000, 10000) (10000, 10000) (10000, 10000) 
// Desviacion Izda: min(0%), max(15%), promedio(6.32607%)
// Desviacion Dcha: min(0%), max(15%), promedio(6.32607%)
