NUMERO DE TRABAJOS
30
NUMERO DE RECURSOS
15
SECUENCIA DE MAQUINAS
2 13 9 1 4 0 14 12 6 11 5 7 3 8 10 
3 11 14 1 5 0 8 10 2 4 6 9 12 13 7 
2 8 6 5 4 7 0 14 11 1 10 12 3 13 9 
6 0 8 7 4 9 2 14 12 10 11 1 3 5 13 
12 3 5 0 10 11 13 6 7 4 8 2 1 14 9 
11 1 3 0 5 8 7 10 4 2 6 9 12 14 13 
10 1 11 5 9 4 13 3 7 0 8 6 14 12 2 
12 1 4 5 13 9 2 14 7 3 11 8 6 10 0 
10 14 11 9 4 0 3 2 6 8 5 13 7 1 12 
14 2 3 1 5 9 10 4 11 0 8 7 6 13 12 
7 6 12 1 2 11 3 14 4 13 5 0 8 9 10 
14 3 13 0 7 12 6 1 11 10 2 8 9 4 5 
3 11 13 8 2 1 10 14 4 9 12 5 6 0 7 
8 0 13 1 6 14 10 4 5 11 2 9 7 12 3 
5 12 4 6 14 8 3 7 13 9 1 10 2 11 0 
2 5 12 11 1 4 7 14 0 9 8 6 3 13 10 
10 3 1 4 7 5 2 0 14 12 8 6 13 9 11 
2 6 13 4 3 8 7 5 14 10 9 12 1 11 0 
2 0 6 11 5 12 7 14 13 4 3 1 10 8 9 
6 5 2 3 0 7 10 1 14 4 8 13 9 11 12 
5 13 2 14 11 0 6 4 1 9 7 10 12 3 8 
12 6 0 14 9 10 5 4 7 3 8 13 11 1 2 
1 5 10 4 12 3 0 7 8 14 9 13 11 2 6 
13 3 8 2 14 6 10 7 9 1 4 0 5 11 12 
8 1 3 12 0 2 4 6 14 9 13 11 5 7 10 
2 0 7 5 11 8 13 1 14 9 4 10 6 12 3 
7 6 9 11 10 13 12 0 5 1 4 3 8 2 14 
7 0 14 10 3 2 11 5 12 1 6 4 8 13 9 
10 14 5 1 6 4 13 8 2 11 0 9 12 3 7 
13 1 2 0 6 12 10 7 9 5 3 11 4 8 14 
DURACIONES
(82, 110) (79, 93) (71, 79) (3, 3) (97, 97) (76, 100) (81, 95) (62, 70) (14, 18) (57, 69) (72, 74) (3, 3) (56, 70) (91, 91) (29, 37) 
(18, 24) (33, 33) (36, 40) (80, 108) (75, 83) (31, 41) (46, 54) (77, 89) (4, 4) (78, 88) (7, 7) (24, 28) (76, 98) (13, 17) (80, 100) 
(88, 88) (37, 37) (87, 101) (56, 74) (22, 26) (83, 89) (88, 104) (80, 108) (70, 92) (2, 2) (81, 105) (5, 5) (21, 25) (39, 51) (11, 11) 
(62, 62) (57, 65) (37, 37) (1, 1) (9, 11) (20, 22) (83, 93) (24, 24) (60, 62) (41, 43) (49, 59) (86, 98) (4, 4) (35, 41) (8, 10) 
(49, 55) (83, 91) (36, 38) (23, 31) (75, 77) (69, 69) (69, 83) (65, 83) (77, 95) (45, 47) (72, 96) (46, 50) (16, 16) (78, 104) (27, 29) 
(32, 38) (51, 55) (41, 51) (97, 101) (17, 17) (77, 79) (72, 96) (77, 99) (53, 67) (49, 57) (25, 29) (31, 35) (76, 100) (64, 86) (12, 14) 
(70, 88) (70, 74) (22, 28) (52, 52) (22, 26) (89, 107) (4, 4) (87, 111) (15, 19) (50, 54) (82, 88) (48, 48) (82, 88) (96, 102) (65, 79) 
(68, 86) (75, 85) (41, 47) (71, 75) (42, 50) (54, 66) (25, 25) (61, 73) (17, 19) (16, 18) (4, 4) (67, 79) (31, 33) (64, 70) (6, 6) 
(49, 53) (25, 27) (28, 30) (51, 63) (50, 58) (15, 17) (40, 42) (2, 2) (13, 17) (88, 88) (45, 49) (10, 10) (2, 2) (64, 86) (16, 16) 
(27, 27) (1, 1) (87, 89) (41, 47) (17, 17) (18, 22) (48, 52) (39, 41) (39, 41) (63, 67) (10, 10) (49, 51) (10, 12) (34, 38) (72, 90) 
(6, 6) (36, 36) (59, 75) (68, 78) (26, 34) (85, 109) (57, 67) (10, 12) (71, 89) (24, 26) (59, 61) (36, 48) (41, 43) (36, 44) (51, 59) 
(57, 61) (85, 87) (85, 93) (8, 8) (4, 4) (15, 17) (63, 71) (43, 43) (63, 85) (95, 99) (3, 3) (11, 13) (51, 59) (3, 3) (25, 33) 
(21, 23) (82, 94) (34, 44) (81, 101) (22, 28) (23, 23) (37, 39) (14, 14) (67, 77) (82, 92) (69, 87) (36, 48) (3, 3) (27, 35) (73, 93) 
(74, 74) (62, 76) (58, 60) (74, 74) (56, 66) (81, 85) (77, 87) (38, 48) (42, 42) (41, 45) (18, 22) (51, 51) (6, 8) (5, 5) (7, 7) 
(74, 76) (64, 78) (44, 46) (84, 100) (9, 9) (47, 49) (18, 22) (24, 32) (23, 27) (13, 15) (52, 70) (37, 41) (60, 70) (26, 30) (44, 54) 
(81, 107) (11, 13) (32, 34) (33, 37) (57, 57) (32, 34) (19, 25) (42, 52) (76, 98) (45, 49) (56, 66) (37, 47) (83, 85) (11, 13) (50, 66) 
(70, 72) (32, 38) (60, 80) (65, 69) (86, 86) (37, 47) (69, 75) (51, 53) (63, 83) (38, 50) (86, 106) (40, 44) (96, 96) (3, 3) (84, 104) 
(63, 77) (28, 32) (44, 52) (54, 60) (58, 74) (84, 106) (83, 107) (17, 17) (57, 71) (70, 70) (6, 6) (99, 99) (62, 64) (32, 34) (25, 29) 
(77, 83) (89, 97) (14, 16) (78, 94) (31, 35) (61, 69) (42, 46) (22, 22) (79, 93) (82, 104) (79, 105) (85, 91) (62, 68) (34, 44) (13, 15) 
(87, 95) (39, 45) (12, 16) (15, 19) (44, 56) (16, 16) (2, 2) (35, 37) (44, 50) (10, 12) (32, 36) (27, 31) (66, 76) (67, 89) (51, 59) 
(65, 87) (57, 77) (34, 36) (87, 99) (13, 13) (52, 64) (22, 26) (9, 11) (6, 6) (42, 56) (36, 44) (60, 62) (63, 81) (87, 107) (15, 19) 
(89, 89) (78, 94) (42, 48) (56, 62) (16, 16) (50, 54) (37, 41) (77, 89) (11, 11) (49, 63) (28, 32) (57, 63) (79, 81) (37, 49) (4, 4) 
(46, 52) (38, 50) (3, 3) (65, 81) (45, 53) (62, 64) (17, 23) (61, 75) (39, 41) (34, 40) (16, 18) (57, 75) (80, 104) (71, 93) (5, 5) 
(68, 70) (52, 62) (31, 37) (64, 70) (64, 82) (56, 64) (81, 105) (1, 1) (40, 46) (64, 70) (78, 92) (79, 81) (79, 81) (72, 90) (93, 103) 
(49, 61) (26, 28) (44, 56) (95, 97) (42, 42) (75, 77) (29, 37) (82, 82) (72, 92) (87, 87) (91, 95) (41, 43) (18, 22) (94, 100) (14, 16) 
(7, 9) (73, 85) (22, 26) (19, 19) (64, 82) (77, 87) (47, 47) (89, 91) (95, 99) (86, 100) (62, 76) (46, 48) (65, 71) (39, 49) (48, 60) 
(47, 57) (11, 11) (97, 99) (40, 48) (12, 16) (36, 40) (57, 57) (45, 55) (37, 43) (77, 101) (2, 2) (67, 79) (17, 21) (37, 43) (91, 101) 
(5, 5) (49, 55) (43, 47) (15, 19) (80, 108) (40, 48) (9, 9) (16, 20) (35, 39) (84, 84) (25, 31) (71, 85) (27, 29) (67, 69) (63, 65) 
(21, 25) (63, 63) (56, 58) (52, 62) (19, 25) (67, 75) (67, 71) (14, 16) (19, 19) (77, 99) (25, 25) (76, 90) (55, 69) (48, 60) (64, 72) 
(43, 51) (88, 104) (10, 12) (99, 99) (26, 30) (7, 9) (47, 53) (18, 18) (95, 99) (10, 10) (49, 59) (46, 54) (61, 73) (16, 16) (77, 81) 
TIEMPOS MAXIMOS DE FIN
(10000, 10000) (10000, 10000) (10000, 10000) (10000, 10000) (10000, 10000) (10000, 10000) (10000, 10000) (10000, 10000) (10000, 10000) (10000, 10000) (10000, 10000) (10000, 10000) (10000, 10000) (10000, 10000) (10000, 10000) (10000, 10000) (10000, 10000) (10000, 10000) (10000, 10000) (10000, 10000) (10000, 10000) (10000, 10000) (10000, 10000) (10000, 10000) (10000, 10000) (10000, 10000) (10000, 10000) (10000, 10000) (10000, 10000) (10000, 10000) 
// Desviacion Izda: min(0%), max(15%), promedio(6.37772%)
// Desviacion Dcha: min(0%), max(15%), promedio(6.37772%)
