NUMERO DE TRABAJOS
30
NUMERO DE RECURSOS
20
SECUENCIA DE MAQUINAS
4 10 12 5 3 8 19 15 6 0 11 13 1 16 17 18 2 14 7 9
6 1 2 13 11 3 12 14 10 19 7 18 16 17 15 5 0 4 9 8
17 15 8 16 1 10 13 14 6 12 0 9 5 18 2 4 3 19 11 7
7 1 2 17 16 8 9 4 15 14 6 18 13 3 0 11 19 12 5 10
10 1 7 3 17 0 2 18 12 16 6 13 11 8 15 19 9 14 5 4
4 8 3 9 12 2 6 18 5 19 1 11 17 0 13 16 14 7 15 10
17 4 13 19 15 3 2 1 7 16 8 10 12 6 11 9 14 18 5 0
10 1 0 17 18 7 16 6 15 12 2 11 4 8 14 5 19 13 3 9
17 0 9 7 4 2 5 18 11 12 14 13 19 3 8 10 1 15 6 16
11 1 9 16 12 3 6 13 10 14 8 19 4 18 0 5 17 15 2 7
19 18 14 10 13 5 3 11 8 7 16 0 6 4 2 12 9 15 17 1
5 18 6 9 17 12 3 14 15 0 19 4 2 1 10 8 16 11 13 7
2 0 5 18 19 9 7 10 11 4 8 15 17 1 14 6 12 13 16 3
10 12 4 8 13 17 2 19 15 16 3 0 6 5 1 11 18 14 7 9
1 16 19 0 17 15 2 9 3 6 10 18 7 14 13 8 12 11 4 5
2 14 9 16 3 0 4 12 13 19 17 15 8 18 11 7 6 1 5 10
17 8 19 7 4 18 12 13 3 11 6 9 1 5 10 15 0 14 2 16
13 2 6 14 18 7 8 0 16 1 3 10 19 4 12 11 5 15 17 9
15 19 11 0 4 10 7 1 8 6 9 18 14 13 3 12 2 5 16 17
17 8 4 10 12 0 11 9 7 16 18 19 1 13 3 6 2 14 15 5
8 1 11 19 16 5 17 7 2 15 12 0 9 3 13 6 4 10 14 18
16 13 0 1 10 15 14 8 17 18 19 2 4 12 7 6 9 11 3 5
7 6 4 17 15 14 19 8 10 0 3 12 16 5 13 9 18 2 1 11
9 1 4 11 17 16 12 14 6 2 15 5 10 0 8 13 18 3 7 19
12 3 14 10 0 4 11 5 15 9 2 6 8 13 18 17 1 16 7 19
13 8 4 6 3 7 19 2 5 9 18 11 10 16 0 1 14 12 17 15
10 0 1 13 12 11 5 8 19 2 3 7 4 6 17 9 15 16 14 18
16 19 13 3 15 1 8 14 12 2 5 17 0 9 11 10 18 4 6 7
11 4 8 13 5 3 18 1 17 14 12 9 6 19 10 2 0 7 15 16
16 11 14 8 19 5 17 12 3 15 13 18 9 6 1 0 7 10 4 2
DURACIONES
(11, 11) (42, 48) (30, 38) (57, 65) (8, 8) (89, 105) (52, 66) (70, 74) (74, 90) (57, 57) (78, 96) (60, 62) (85, 95) (4, 4) (15, 19) (67, 71) (92, 98) (14, 16) (92, 102) (87, 99)
(49, 65) (62, 66) (14, 16) (19, 19) (14, 14) (54, 54) (69, 73) (29, 29) (17, 17) (42, 44) (80, 82) (86, 88) (62, 68) (62, 62) (71, 89) (68, 82) (17, 21) (41, 55) (32, 34) (61, 75)
(68, 74) (1, 1) (78, 102) (74, 88) (78, 90) (17, 21) (66, 84) (75, 91) (24, 26) (65, 73) (1, 1) (69, 91) (31, 39) (74, 78) (37, 37) (23, 23) (12, 14) (4, 4) (71, 91) (18, 22)
(14, 18) (80, 102) (22, 22) (25, 31) (83, 95) (95, 103) (61, 77) (21, 23) (85, 85) (24, 26) (55, 65) (33, 33) (15, 19) (6, 6) (94, 94) (53, 59) (8, 8) (68, 86) (47, 61) (71, 93)
(3, 3) (49, 53) (42, 44) (20, 22) (64, 68) (68, 74) (16, 18) (95, 101) (70, 76) (73, 79) (93, 93) (80, 96) (58, 64) (76, 82) (9, 9) (18, 18) (27, 35) (74, 86) (4, 4) (30, 34)
(41, 47) (85, 109) (7, 7) (50, 58) (12, 12) (63, 73) (24, 28) (38, 46) (17, 21) (82, 102) (51, 63) (67, 75) (62, 72) (2, 2) (48, 50) (38, 42) (46, 56) (27, 27) (34, 36) (21, 23)
(5, 5) (48, 62) (2, 2) (6, 6) (59, 71) (39, 45) (18, 20) (64, 64) (48, 54) (4, 4) (12, 14) (44, 48) (51, 53) (38, 38) (14, 16) (76, 98) (67, 81) (57, 71) (69, 91) (80, 102)
(83, 101) (38, 40) (21, 27) (71, 71) (11, 13) (33, 41) (56, 72) (16, 18) (95, 95) (48, 56) (9, 9) (3, 3) (87, 87) (42, 50) (62, 80) (28, 30) (22, 22) (59, 65) (41, 45) (46, 56)
(68, 88) (79, 103) (23, 29) (81, 81) (40, 46) (40, 46) (86, 100) (35, 35) (34, 38) (68, 80) (18, 18) (30, 30) (14, 16) (57, 71) (79, 101) (66, 84) (33, 41) (31, 39) (38, 40) (84, 90)
(12, 16) (20, 22) (66, 82) (26, 34) (56, 68) (60, 80) (84, 90) (29, 29) (85, 87) (83, 93) (24, 24) (49, 59) (11, 11) (15, 15) (20, 22) (29, 29) (55, 59) (72, 78) (50, 64) (38, 48)
(35, 45) (31, 37) (41, 51) (94, 100) (61, 73) (52, 66) (63, 67) (43, 51) (20, 20) (21, 23) (15, 15) (63, 69) (19, 21) (39, 41) (65, 79) (72, 74) (46, 54) (4, 4) (85, 91) (43, 45)
(32, 34) (9, 9) (77, 91) (64, 76) (52, 60) (58, 62) (15, 17) (83, 85) (13, 13) (43, 51) (63, 67) (69, 83) (45, 57) (33, 35) (48, 58) (61, 65) (13, 15) (81, 87) (72, 84) (85, 99)
(61, 73) (17, 19) (58, 74) (36, 38) (57, 73) (85, 99) (27, 33) (52, 62) (1, 1) (14, 18) (79, 99) (36, 36) (27, 33) (48, 50) (7, 7) (64, 82) (18, 22) (26, 26) (25, 33) (39, 45)
(90, 108) (69, 75) (20, 24) (68, 90) (57, 63) (25, 31) (55, 63) (95, 95) (74, 94) (45, 53) (74, 98) (34, 40) (10, 10) (64, 72) (69, 71) (20, 20) (68, 74) (20, 26) (64, 78) (49, 53)
(37, 41) (86, 90) (77, 87) (35, 47) (86, 112) (45, 45) (10, 12) (43, 53) (2, 2) (8, 8) (82, 94) (89, 101) (56, 72) (7, 7) (56, 68) (17, 21) (57, 65) (54, 66) (40, 50) (31, 33)
(76, 86) (16, 20) (74, 80) (30, 36) (17, 17) (8, 10) (5, 5) (73, 79) (66, 84) (57, 73) (11, 11) (68, 70) (17, 17) (58, 74) (36, 36) (20, 26) (67, 83) (56, 72) (13, 15) (37, 47)
(47, 47) (49, 53) (52, 68) (89, 99) (15, 15) (13, 13) (8, 8) (16, 16) (60, 62) (63, 81) (69, 69) (17, 17) (39, 49) (83, 85) (93, 101) (93, 93) (84, 98) (53, 67) (99, 99) (55, 59)
(25, 31) (70, 70) (36, 48) (87, 105) (14, 14) (76, 86) (53, 61) (15, 17) (43, 47) (40, 48) (36, 44) (10, 12) (63, 77) (92, 102) (19, 21) (73, 87) (23, 25) (25, 29) (55, 55) (12, 14)
(80, 104) (4, 4) (28, 34) (70, 82) (89, 93) (65, 67) (58, 60) (94, 100) (13, 17) (26, 28) (15, 15) (60, 64) (78, 86) (92, 96) (53, 57) (47, 57) (74, 80) (39, 39) (35, 41) (47, 59)
(17, 17) (97, 101) (46, 48) (71, 93) (13, 15) (2, 2) (79, 85) (60, 78) (6, 6) (77, 101) (64, 68) (34, 44) (9, 9) (89, 91) (82, 100) (57, 69) (12, 14) (32, 36) (33, 39) (79, 83)
(92, 106) (67, 69) (49, 63) (61, 79) (65, 79) (72, 82) (48, 54) (61, 67) (59, 73) (54, 60) (72, 76) (9, 9) (63, 81) (81, 107) (58, 68) (20, 22) (38, 40) (22, 24) (74, 86) (8, 8)
(64, 70) (20, 24) (56, 62) (36, 38) (6, 6) (64, 64) (16, 18) (49, 51) (42, 48) (30, 30) (7, 7) (71, 85) (70, 74) (34, 38) (22, 24) (90, 98) (25, 25) (71, 77) (6, 6) (96, 98)
(37, 47) (86, 94) (25, 31) (18, 20) (7, 7) (89, 105) (78, 86) (39, 43) (64, 74) (46, 48) (70, 82) (78, 98) (11, 11) (66, 70) (62, 78) (28, 34) (8, 8) (77, 85) (3, 3) (82, 86)
(61, 63) (34, 34) (89, 107) (63, 67) (12, 12) (64, 68) (32, 32) (57, 63) (12, 12) (74, 96) (65, 81) (47, 63) (83, 111) (24, 24) (8, 10) (23, 29) (79, 105) (3, 3) (36, 46) (79, 87)
(11, 13) (81, 105) (69, 79) (20, 20) (30, 36) (82, 96) (36, 46) (94, 98) (4, 4) (96, 102) (42, 52) (23, 23) (12, 12) (88, 94) (22, 28) (79, 87) (31, 37) (75, 91) (65, 75) (25, 29)
(93, 105) (46, 54) (17, 17) (9, 9) (66, 78) (87, 95) (36, 38) (36, 42) (70, 74) (30, 32) (64, 80) (95, 99) (36, 44) (37, 49) (91, 101) (45, 57) (28, 30) (21, 21) (17, 19) (44, 56)
(52, 58) (37, 45) (4, 4) (72, 78) (82, 90) (56, 62) (39, 49) (66, 80) (65, 67) (64, 76) (72, 86) (81, 89) (47, 55) (5, 5) (35, 35) (16, 18) (27, 33) (35, 35) (33, 35) (82, 100)
(85, 109) (29, 35) (39, 43) (30, 36) (23, 23) (36, 42) (65, 83) (43, 55) (65, 73) (26, 30) (48, 62) (56, 64) (54, 68) (73, 95) (2, 2) (73, 95) (17, 17) (69, 77) (23, 29) (83, 99)
(21, 21) (49, 53) (91, 107) (70, 88) (19, 23) (45, 51) (42, 46) (66, 68) (46, 50) (91, 101) (18, 20) (39, 39) (56, 56) (74, 78) (15, 17) (39, 41) (61, 77) (87, 99) (15, 15) (49, 55)
(41, 49) (22, 22) (86, 92) (36, 48) (41, 45) (99, 99) (91, 91) (33, 35) (42, 44) (67, 69) (72, 80) (48, 62) (1, 1) (70, 76) (50, 62) (82, 96) (13, 13) (96, 102) (72, 92) (64, 80)
TIEMPOS MAXIMOS DE FIN
(1500, 1961) (1301, 1701) (1258, 1645) (1342, 1756) (1318, 1723) (1146, 1499) (1134, 1484) (1203, 1574) (1417, 1853) (1231, 1609) (1259, 1647) (1406, 1839) (1105, 1445) (1500, 1961) (1294, 1693) (1134, 1484) (1492, 1951) (1209, 1581) (1462, 1912) (1337, 1749) (1511, 1977) (1181, 1545) (1354, 1771) (1337, 1749) (1372, 1795) (1344, 1757) (1345, 1759) (1349, 1764) (1363, 1783) (1549, 2026)
