NUMERO DE TRABAJOS
30
NUMERO DE RECURSOS
15
SECUENCIA DE MAQUINAS
3 11 14 5 8 6 13 0 1 2 9 10 7 12 4 
0 3 4 8 9 10 5 1 12 7 13 14 2 6 11 
12 10 5 8 7 14 11 2 1 6 13 4 9 3 0 
5 0 9 1 8 14 10 7 11 13 3 4 12 2 6 
12 6 3 11 2 8 14 5 0 9 13 4 7 1 10 
6 7 14 13 0 2 8 4 11 9 3 12 10 5 1 
8 12 9 7 11 5 6 14 4 13 0 1 10 2 3 
12 7 10 1 5 4 9 13 2 0 3 6 11 8 14 
8 7 13 12 10 6 1 3 4 2 0 14 5 9 11 
8 7 6 3 14 1 0 2 12 11 10 5 4 9 13 
2 8 13 11 1 5 12 3 6 10 7 4 0 14 9 
1 6 8 4 7 5 13 0 14 11 10 3 12 2 9 
14 13 9 8 7 12 1 4 10 6 2 3 0 5 11 
9 2 6 1 0 3 12 14 8 7 4 5 11 13 10 
11 10 8 3 5 7 2 14 13 6 9 0 4 1 12 
0 13 8 6 3 10 7 11 2 14 5 9 1 4 12 
9 5 1 12 11 2 14 7 4 8 3 6 13 10 0 
13 12 4 2 8 11 14 10 1 3 6 5 7 0 9 
12 14 10 5 2 7 11 13 8 6 3 9 1 0 4 
7 12 0 10 13 8 6 5 9 1 14 3 11 4 2 
6 12 7 11 13 14 3 9 10 4 1 8 2 5 0 
9 2 3 1 10 11 5 8 6 14 0 13 7 12 4 
0 14 1 12 5 8 11 10 13 6 9 2 4 3 7 
8 10 13 5 7 9 6 0 11 12 1 14 4 3 2 
3 10 9 0 5 2 12 4 14 8 6 11 7 1 13 
10 7 12 3 0 8 6 14 5 11 9 4 2 1 13 
0 13 2 12 5 11 6 8 4 9 3 7 10 1 14 
14 3 0 7 8 9 12 10 4 11 13 5 1 2 6 
13 1 5 6 2 14 8 7 9 10 3 11 4 12 0 
10 7 1 14 8 5 2 13 0 4 9 12 11 3 6 
DURACIONES
(4, 4) (23, 31) (83, 97) (72, 80) (76, 76) (14, 18) (35, 41) (67, 77) (71, 89) (85, 103) (96, 98) (5, 5) (39, 49) (9, 9) (20, 26) 
(41, 53) (48, 48) (66, 72) (72, 96) (24, 26) (29, 39) (7, 9) (30, 34) (59, 65) (88, 92) (2, 2) (82, 102) (48, 62) (23, 27) (33, 41) 
(87, 87) (54, 54) (71, 81) (68, 92) (15, 19) (1, 1) (25, 27) (33, 39) (11, 13) (49, 63) (61, 81) (6, 6) (38, 46) (76, 102) (91, 101) 
(25, 25) (11, 11) (69, 69) (33, 43) (92, 104) (48, 52) (98, 98) (49, 51) (19, 19) (69, 83) (6, 6) (89, 101) (18, 20) (34, 40) (32, 36) 
(10, 10) (31, 33) (82, 106) (22, 22) (55, 55) (53, 63) (6, 6) (69, 87) (32, 40) (54, 58) (14, 18) (21, 23) (59, 59) (35, 47) (60, 66) 
(11, 13) (57, 61) (83, 107) (91, 95) (89, 97) (7, 7) (81, 109) (9, 11) (20, 26) (44, 52) (78, 90) (60, 68) (12, 16) (78, 102) (59, 79) 
(38, 48) (1, 1) (27, 27) (26, 34) (25, 25) (3, 3) (86, 102) (70, 84) (6, 6) (37, 47) (15, 19) (73, 79) (28, 30) (63, 63) (57, 61) 
(14, 14) (53, 65) (23, 31) (55, 63) (52, 60) (6, 6) (47, 49) (39, 47) (24, 30) (26, 28) (40, 46) (30, 34) (10, 12) (5, 5) (23, 27) 
(13, 15) (45, 49) (20, 22) (30, 34) (28, 30) (35, 45) (59, 67) (24, 26) (48, 50) (4, 4) (60, 74) (27, 27) (9, 9) (73, 77) (13, 17) 
(69, 71) (96, 98) (52, 52) (20, 24) (86, 88) (80, 94) (34, 38) (83, 89) (2, 2) (91, 95) (1, 1) (16, 16) (69, 71) (97, 101) (39, 47) 
(5, 5) (26, 30) (69, 85) (23, 23) (56, 70) (64, 74) (31, 39) (19, 25) (83, 97) (43, 49) (59, 75) (60, 66) (62, 64) (21, 27) (77, 81) 
(62, 76) (23, 27) (63, 67) (29, 29) (49, 53) (88, 88) (66, 74) (24, 26) (58, 58) (17, 23) (24, 24) (33, 43) (32, 36) (62, 80) (62, 70) 
(4, 4) (4, 4) (32, 36) (18, 24) (53, 67) (47, 63) (70, 70) (66, 70) (78, 82) (52, 60) (28, 30) (86, 108) (73, 95) (58, 74) (44, 56) 
(88, 88) (72, 90) (50, 50) (38, 38) (48, 56) (7, 7) (31, 35) (41, 51) (59, 59) (36, 40) (12, 16) (65, 67) (67, 77) (80, 80) (95, 99) 
(31, 39) (85, 91) (89, 107) (74, 82) (84, 88) (12, 14) (82, 106) (23, 27) (48, 52) (65, 87) (83, 95) (38, 44) (50, 56) (9, 11) (86, 112) 
(36, 48) (15, 17) (42, 46) (40, 40) (33, 37) (62, 80) (47, 57) (31, 39) (93, 103) (67, 79) (81, 103) (44, 44) (31, 39) (68, 90) (17, 17) 
(43, 49) (47, 63) (72, 76) (80, 80) (78, 100) (59, 63) (33, 35) (64, 86) (34, 44) (42, 52) (66, 74) (84, 84) (24, 28) (40, 48) (75, 89) 
(70, 84) (38, 42) (38, 48) (67, 85) (60, 78) (42, 42) (22, 28) (34, 34) (8, 8) (76, 78) (55, 59) (53, 59) (77, 83) (12, 12) (83, 95) 
(87, 105) (49, 57) (3, 3) (46, 52) (73, 79) (37, 37) (46, 54) (65, 81) (84, 112) (43, 45) (85, 93) (2, 2) (1, 1) (85, 113) (83, 95) 
(7, 7) (84, 98) (28, 36) (38, 50) (2, 2) (59, 73) (59, 65) (21, 23) (22, 24) (81, 103) (66, 74) (29, 33) (9, 11) (80, 108) (82, 96) 
(40, 52) (13, 17) (22, 24) (65, 75) (55, 59) (60, 74) (53, 63) (82, 102) (58, 74) (50, 60) (13, 13) (29, 37) (57, 71) (32, 40) (21, 21) 
(36, 42) (33, 37) (84, 96) (65, 69) (67, 73) (87, 101) (44, 52) (74, 78) (82, 104) (43, 49) (33, 35) (58, 58) (63, 85) (46, 52) (69, 91) 
(88, 110) (9, 11) (88, 92) (52, 68) (5, 5) (15, 19) (24, 24) (76, 90) (34, 40) (51, 67) (15, 19) (86, 112) (42, 42) (65, 79) (33, 39) 
(90, 98) (60, 78) (44, 50) (83, 109) (28, 32) (28, 30) (20, 24) (26, 26) (98, 100) (12, 14) (56, 62) (59, 73) (84, 94) (1, 1) (21, 27) 
(90, 92) (21, 21) (42, 42) (70, 88) (8, 8) (8, 10) (66, 66) (1, 1) (58, 60) (35, 37) (50, 58) (51, 53) (82, 92) (70, 94) (31, 35) 
(28, 34) (93, 93) (59, 77) (68, 76) (22, 22) (84, 86) (39, 41) (70, 82) (43, 53) (81, 85) (85, 93) (74, 92) (39, 47) (61, 77) (66, 68) 
(63, 65) (53, 65) (54, 72) (51, 57) (21, 21) (71, 87) (33, 37) (82, 108) (6, 8) (57, 77) (14, 16) (84, 94) (51, 57) (92, 104) (23, 29) 
(12, 16) (85, 101) (82, 92) (13, 17) (38, 42) (20, 20) (55, 67) (7, 9) (8, 8) (57, 57) (14, 14) (80, 100) (16, 16) (36, 36) (54, 64) 
(2, 2) (75, 99) (8, 8) (2, 2) (12, 12) (32, 38) (6, 6) (72, 74) (72, 92) (36, 38) (18, 20) (71, 91) (17, 21) (12, 12) (55, 65) 
(4, 4) (8, 10) (6, 8) (59, 59) (27, 31) (34, 44) (51, 59) (18, 18) (68, 72) (14, 14) (43, 51) (69, 81) (71, 85) (96, 102) (9, 9) 
TIEMPOS MAXIMOS DE FIN
(10000, 10000) (10000, 10000) (10000, 10000) (10000, 10000) (10000, 10000) (10000, 10000) (10000, 10000) (10000, 10000) (10000, 10000) (10000, 10000) (10000, 10000) (10000, 10000) (10000, 10000) (10000, 10000) (10000, 10000) (10000, 10000) (10000, 10000) (10000, 10000) (10000, 10000) (10000, 10000) (10000, 10000) (10000, 10000) (10000, 10000) (10000, 10000) (10000, 10000) (10000, 10000) (10000, 10000) (10000, 10000) (10000, 10000) (10000, 10000) 
// Desviacion Izda: min(0%), max(15%), promedio(6.41677%)
// Desviacion Dcha: min(0%), max(15%), promedio(6.41677%)
