NUMERO DE TRABAJOS
30
NUMERO DE RECURSOS
15
SECUENCIA DE MAQUINAS
10 11 9 8 1 7 6 2 5 13 4 14 0 12 3 
12 8 14 3 1 7 13 6 10 5 4 2 9 11 0 
12 0 3 13 14 10 2 6 9 1 11 4 5 7 8 
14 3 7 2 6 5 10 8 11 1 0 9 13 12 4 
6 5 7 4 9 3 13 10 1 0 14 11 8 12 2 
7 11 12 9 8 2 3 5 4 1 10 0 6 13 14 
11 12 1 7 14 6 3 5 8 9 13 4 10 0 2 
3 9 11 14 2 13 12 10 6 7 0 1 4 5 8 
9 2 3 13 10 14 12 1 7 0 6 8 11 4 5 
0 7 3 14 4 8 13 2 1 9 12 5 6 10 11 
2 12 0 4 14 10 8 13 7 3 6 9 5 1 11 
5 2 8 6 4 12 9 1 10 0 14 7 13 11 3 
14 5 0 3 7 1 4 8 2 12 11 13 9 10 6 
5 2 14 6 12 4 10 9 3 8 13 7 1 0 11 
4 9 0 6 1 10 13 3 2 12 5 11 7 8 14 
2 5 12 4 1 7 6 14 3 8 13 10 9 0 11 
6 10 1 8 12 2 11 9 14 5 0 7 13 3 4 
2 0 4 10 3 5 7 12 14 13 11 9 8 1 6 
5 6 8 0 10 11 13 14 7 2 12 1 4 9 3 
13 8 11 7 9 10 3 14 4 12 1 6 2 5 0 
1 6 14 3 12 10 7 13 5 0 4 11 9 2 8 
7 11 0 10 1 2 5 4 3 9 14 8 6 12 13 
6 7 12 13 11 3 8 1 10 9 0 5 2 14 4 
4 6 1 10 12 9 14 7 11 0 5 3 13 8 2 
7 2 10 9 5 3 1 13 11 8 4 14 12 6 0 
3 4 12 0 7 11 10 2 13 5 8 6 14 9 1 
11 12 0 13 6 2 1 9 5 7 3 10 4 14 8 
0 9 8 12 3 14 10 7 2 1 6 11 4 5 13 
4 2 7 11 6 3 1 10 8 9 13 0 12 14 5 
14 6 2 8 10 4 11 13 12 7 3 5 1 0 9 
DURACIONES
(31, 41) (30, 34) (38, 42) (47, 47) (75, 99) (50, 60) (72, 82) (24, 30) (80, 98) (71, 73) (83, 103) (15, 15) (84, 112) (84, 106) (32, 32) 
(7, 7) (36, 48) (80, 88) (65, 87) (40, 48) (62, 70) (44, 50) (70, 74) (22, 26) (59, 77) (5, 5) (31, 39) (12, 14) (55, 55) (73, 73) 
(55, 63) (6, 8) (76, 94) (55, 59) (90, 106) (61, 81) (53, 69) (85, 111) (3, 3) (55, 67) (11, 13) (42, 46) (7, 7) (26, 30) (3, 3) 
(16, 16) (3, 3) (83, 111) (25, 29) (92, 102) (93, 93) (19, 19) (9, 9) (64, 76) (18, 20) (85, 99) (25, 29) (72, 80) (1, 1) (4, 4) 
(68, 74) (51, 55) (31, 41) (63, 63) (16, 16) (32, 38) (24, 30) (32, 40) (76, 82) (79, 105) (22, 24) (60, 60) (42, 56) (49, 55) (18, 20) 
(46, 50) (77, 99) (66, 70) (6, 6) (60, 66) (25, 25) (24, 32) (58, 76) (55, 69) (49, 57) (47, 55) (61, 69) (84, 110) (13, 17) (68, 90) 
(43, 55) (64, 66) (23, 29) (72, 72) (55, 65) (14, 16) (61, 79) (23, 29) (68, 74) (46, 50) (79, 79) (52, 56) (95, 101) (73, 89) (38, 48) 
(33, 37) (26, 30) (85, 91) (52, 64) (79, 95) (18, 18) (5, 5) (68, 80) (39, 47) (26, 30) (75, 89) (32, 36) (27, 29) (94, 102) (68, 78) 
(80, 86) (83, 103) (81, 91) (58, 66) (18, 18) (63, 77) (67, 67) (63, 69) (14, 14) (53, 71) (46, 48) (51, 51) (89, 91) (2, 2) (90, 106) 
(28, 28) (86, 102) (6, 6) (63, 69) (77, 81) (69, 73) (34, 36) (56, 58) (68, 70) (69, 81) (79, 89) (42, 52) (21, 21) (59, 73) (61, 71) 
(17, 23) (54, 70) (34, 40) (66, 76) (17, 21) (60, 66) (88, 92) (68, 90) (85, 89) (36, 44) (85, 99) (15, 15) (5, 5) (75, 77) (43, 47) 
(71, 71) (56, 62) (93, 105) (70, 70) (23, 31) (53, 55) (72, 92) (58, 66) (6, 8) (5, 5) (12, 12) (84, 96) (80, 104) (74, 92) (61, 81) 
(90, 90) (76, 82) (47, 49) (61, 71) (81, 91) (77, 97) (3, 3) (42, 56) (73, 95) (86, 110) (46, 46) (52, 64) (73, 75) (11, 11) (19, 23) 
(55, 57) (46, 52) (83, 103) (11, 11) (5, 5) (31, 33) (17, 21) (95, 97) (6, 8) (80, 80) (94, 98) (15, 19) (22, 22) (41, 49) (80, 88) 
(91, 95) (16, 20) (22, 28) (64, 74) (62, 68) (34, 46) (79, 91) (18, 20) (82, 94) (70, 86) (30, 40) (46, 60) (44, 48) (70, 76) (16, 16) 
(34, 38) (16, 20) (33, 39) (30, 38) (61, 67) (73, 87) (76, 98) (40, 40) (35, 43) (54, 72) (42, 42) (68, 80) (29, 39) (85, 89) (49, 49) 
(74, 94) (76, 82) (61, 65) (13, 17) (63, 83) (1, 1) (52, 64) (26, 28) (67, 67) (73, 89) (16, 20) (32, 38) (48, 56) (32, 36) (83, 107) 
(57, 71) (42, 54) (82, 82) (1, 1) (10, 12) (19, 19) (27, 27) (91, 95) (40, 44) (78, 88) (12, 12) (35, 39) (52, 58) (60, 72) (39, 45) 
(73, 81) (13, 13) (55, 55) (14, 16) (64, 80) (17, 23) (68, 74) (43, 47) (34, 44) (57, 65) (70, 76) (86, 100) (29, 39) (54, 70) (59, 73) 
(65, 71) (15, 15) (91, 103) (75, 95) (76, 86) (49, 57) (45, 53) (60, 80) (89, 103) (56, 74) (62, 82) (73, 79) (66, 76) (79, 83) (69, 85) 
(56, 68) (75, 93) (51, 65) (33, 39) (62, 64) (60, 78) (9, 11) (45, 57) (34, 34) (24, 30) (18, 20) (92, 104) (21, 21) (15, 17) (22, 24) 
(55, 65) (17, 17) (78, 100) (80, 94) (50, 54) (79, 81) (15, 19) (29, 31) (71, 93) (44, 56) (49, 57) (76, 80) (60, 78) (69, 85) (66, 68) 
(51, 61) (37, 43) (28, 36) (32, 42) (32, 42) (12, 12) (10, 12) (33, 39) (82, 88) (78, 100) (79, 91) (28, 36) (62, 70) (93, 103) (73, 85) 
(32, 32) (55, 57) (20, 24) (90, 100) (49, 61) (19, 21) (41, 51) (8, 8) (67, 69) (49, 49) (76, 96) (92, 92) (22, 28) (24, 24) (13, 13) 
(52, 54) (1, 1) (85, 99) (63, 67) (10, 10) (79, 105) (85, 99) (43, 53) (39, 39) (46, 60) (46, 52) (26, 26) (75, 75) (83, 85) (2, 2) 
(13, 15) (60, 74) (82, 86) (30, 32) (54, 68) (57, 69) (22, 26) (50, 52) (22, 22) (30, 36) (46, 62) (8, 8) (38, 38) (6, 8) (62, 72) 
(59, 77) (9, 11) (47, 63) (28, 32) (25, 27) (16, 18) (4, 4) (92, 104) (49, 61) (39, 51) (24, 30) (72, 80) (84, 108) (62, 68) (60, 60) 
(8, 10) (22, 26) (21, 23) (40, 40) (47, 47) (66, 80) (71, 73) (69, 71) (61, 71) (17, 21) (3, 3) (91, 103) (95, 101) (77, 93) (51, 51) 
(47, 61) (19, 19) (66, 78) (34, 42) (16, 20) (80, 88) (66, 76) (73, 87) (42, 50) (25, 25) (27, 31) (49, 65) (86, 98) (41, 41) (73, 77) 
(16, 16) (72, 86) (49, 57) (89, 107) (8, 8) (20, 20) (2, 2) (57, 71) (54, 68) (68, 88) (79, 103) (34, 36) (53, 57) (82, 102) (76, 80) 
TIEMPOS MAXIMOS DE FIN
(10000, 10000) (10000, 10000) (10000, 10000) (10000, 10000) (10000, 10000) (10000, 10000) (10000, 10000) (10000, 10000) (10000, 10000) (10000, 10000) (10000, 10000) (10000, 10000) (10000, 10000) (10000, 10000) (10000, 10000) (10000, 10000) (10000, 10000) (10000, 10000) (10000, 10000) (10000, 10000) (10000, 10000) (10000, 10000) (10000, 10000) (10000, 10000) (10000, 10000) (10000, 10000) (10000, 10000) (10000, 10000) (10000, 10000) (10000, 10000) 
// Desviacion Izda: min(0%), max(15%), promedio(6.51064%)
// Desviacion Dcha: min(0%), max(15%), promedio(6.51064%)
