NUMERO DE TRABAJOS
30
NUMERO DE RECURSOS
15
SECUENCIA DE MAQUINAS
2 13 1 9 8 12 4 10 11 3 6 7 14 5 0 
6 3 0 10 13 7 4 14 11 5 1 8 12 9 2 
4 6 12 11 0 7 14 13 5 1 9 8 10 2 3 
11 4 14 0 1 9 2 8 5 10 12 3 7 13 6 
0 5 11 1 7 4 14 13 2 6 3 9 8 12 10 
11 5 3 2 0 1 4 12 7 8 13 14 9 6 10 
11 9 6 7 2 14 12 5 1 3 10 13 4 8 0 
4 11 8 2 5 6 12 7 13 0 9 1 10 3 14 
1 2 12 7 5 13 10 9 4 14 0 8 11 6 3 
11 12 8 7 10 3 6 9 2 1 0 13 4 5 14 
3 2 14 7 9 6 10 0 11 1 5 8 12 13 4 
1 5 13 6 8 10 3 2 12 0 9 4 14 7 11 
2 8 13 5 9 0 12 1 6 3 7 11 14 4 10 
11 12 9 13 10 4 5 7 8 3 2 0 1 14 6 
11 13 12 7 6 5 0 1 3 9 4 8 14 10 2 
0 2 1 6 9 3 12 5 13 8 7 4 14 10 11 
14 8 1 3 13 4 0 2 10 11 12 6 7 9 5 
3 5 10 1 4 6 8 14 7 11 12 9 13 2 0 
0 12 1 13 3 4 9 14 11 10 8 5 2 7 6 
1 9 13 7 0 10 2 11 14 12 8 6 4 3 5 
4 2 3 12 13 10 6 7 9 8 14 11 5 0 1 
8 11 3 6 12 2 10 9 7 4 13 14 0 5 1 
4 1 6 10 8 3 11 12 2 9 0 5 14 13 7 
13 9 5 12 6 8 3 1 7 2 11 14 4 10 0 
3 10 14 5 11 7 8 13 1 6 4 9 12 0 2 
0 12 6 1 4 9 7 10 14 5 13 11 8 3 2 
10 2 0 5 4 9 13 14 12 8 7 3 1 6 11 
9 3 8 13 4 6 14 5 2 12 0 10 11 1 7 
14 2 6 10 1 5 11 7 0 9 13 4 12 8 3 
6 7 12 5 4 9 1 13 2 10 8 14 11 0 3 
DURACIONES
(69, 93) (54, 64) (8, 8) (88, 88) (12, 16) (17, 19) (21, 23) (47, 57) (68, 82) (33, 33) (20, 26) (69, 69) (36, 48) (23, 29) (54, 54) 
(4, 4) (75, 83) (65, 87) (56, 62) (36, 48) (26, 30) (70, 80) (57, 63) (40, 42) (12, 16) (87, 111) (52, 64) (36, 46) (66, 66) (1, 1) 
(37, 37) (59, 67) (40, 52) (71, 87) (37, 39) (41, 47) (16, 20) (40, 50) (47, 63) (70, 86) (68, 90) (26, 28) (6, 6) (21, 21) (66, 74) 
(58, 58) (54, 72) (53, 59) (26, 28) (37, 37) (50, 52) (37, 37) (28, 34) (23, 25) (68, 78) (6, 8) (68, 76) (33, 35) (31, 33) (23, 31) 
(94, 96) (33, 33) (73, 89) (20, 26) (24, 28) (12, 12) (28, 36) (57, 63) (89, 89) (67, 89) (19, 21) (32, 38) (34, 36) (30, 38) (17, 17) 
(61, 67) (11, 11) (50, 66) (61, 79) (28, 34) (68, 80) (76, 88) (29, 33) (57, 73) (78, 102) (54, 72) (71, 91) (78, 82) (60, 80) (82, 82) 
(91, 107) (25, 31) (55, 71) (70, 92) (82, 90) (10, 10) (7, 7) (17, 17) (21, 23) (41, 49) (81, 103) (1, 1) (35, 39) (34, 40) (42, 44) 
(78, 94) (84, 100) (72, 76) (86, 100) (38, 46) (26, 30) (54, 64) (73, 81) (78, 84) (39, 43) (11, 11) (44, 46) (55, 69) (21, 23) (54, 60) 
(12, 12) (81, 99) (70, 70) (85, 93) (36, 38) (48, 64) (21, 21) (74, 74) (62, 64) (36, 42) (37, 37) (76, 90) (74, 82) (64, 68) (6, 6) 
(37, 39) (64, 70) (27, 27) (11, 11) (41, 49) (20, 22) (65, 81) (47, 47) (28, 34) (22, 26) (52, 66) (80, 102) (43, 49) (44, 52) (37, 47) 
(60, 66) (17, 17) (51, 67) (27, 27) (73, 89) (6, 8) (19, 19) (52, 52) (71, 77) (9, 9) (47, 53) (55, 63) (41, 41) (55, 73) (94, 98) 
(71, 91) (85, 97) (9, 11) (43, 49) (61, 69) (63, 83) (53, 65) (80, 106) (75, 75) (45, 49) (60, 62) (80, 92) (62, 68) (26, 32) (18, 24) 
(55, 71) (8, 10) (81, 81) (33, 41) (32, 32) (62, 62) (85, 101) (61, 65) (50, 56) (89, 109) (62, 62) (10, 10) (77, 93) (43, 43) (23, 27) 
(26, 26) (46, 46) (6, 8) (49, 51) (62, 74) (77, 85) (86, 90) (59, 73) (79, 101) (47, 55) (59, 65) (25, 33) (81, 93) (38, 44) (8, 8) 
(81, 99) (7, 9) (55, 71) (54, 60) (22, 24) (5, 5) (20, 20) (6, 6) (30, 32) (36, 48) (78, 94) (67, 85) (93, 103) (41, 49) (76, 96) 
(11, 11) (83, 105) (36, 48) (94, 96) (40, 46) (44, 58) (41, 43) (39, 39) (72, 92) (1, 1) (92, 100) (35, 37) (63, 85) (63, 85) (66, 82) 
(12, 12) (77, 77) (12, 14) (28, 34) (8, 10) (36, 42) (54, 60) (22, 28) (49, 61) (52, 68) (87, 87) (49, 61) (85, 85) (12, 12) (77, 79) 
(53, 57) (4, 4) (12, 12) (40, 44) (44, 48) (83, 95) (40, 48) (31, 35) (14, 16) (70, 76) (47, 47) (66, 78) (71, 91) (68, 90) (6, 6) 
(74, 80) (42, 46) (53, 71) (16, 18) (67, 73) (18, 20) (60, 78) (61, 79) (27, 33) (93, 101) (79, 85) (34, 38) (17, 21) (31, 35) (46, 54) 
(91, 105) (36, 48) (4, 4) (24, 28) (73, 95) (29, 39) (3, 3) (57, 61) (49, 55) (68, 72) (44, 54) (38, 46) (6, 6) (6, 8) (6, 6) 
(2, 2) (73, 95) (1, 1) (69, 83) (10, 10) (2, 2) (65, 85) (9, 11) (85, 109) (3, 3) (18, 18) (49, 57) (29, 33) (79, 89) (17, 17) 
(60, 66) (6, 6) (72, 82) (79, 91) (20, 20) (25, 31) (75, 87) (73, 79) (33, 33) (65, 87) (26, 28) (75, 99) (12, 14) (34, 40) (61, 63) 
(17, 23) (63, 77) (87, 91) (55, 65) (59, 69) (34, 44) (58, 76) (68, 88) (7, 7) (42, 50) (23, 27) (47, 51) (23, 31) (71, 81) (85, 111) 
(3, 3) (21, 23) (9, 9) (61, 71) (39, 39) (51, 51) (27, 33) (88, 96) (83, 105) (8, 8) (21, 27) (27, 27) (87, 89) (9, 9) (57, 73) 
(79, 79) (30, 36) (62, 62) (83, 87) (17, 17) (59, 69) (64, 68) (2, 2) (67, 75) (75, 101) (59, 69) (3, 3) (40, 48) (60, 60) (6, 6) 
(79, 103) (23, 25) (5, 5) (31, 31) (53, 53) (52, 54) (7, 9) (13, 17) (11, 11) (51, 55) (20, 24) (74, 92) (45, 55) (79, 83) (52, 52) 
(78, 96) (53, 71) (79, 89) (91, 91) (48, 58) (16, 18) (63, 81) (12, 14) (79, 105) (85, 99) (15, 17) (13, 13) (13, 13) (61, 77) (38, 50) 
(75, 91) (59, 65) (53, 69) (25, 27) (14, 14) (63, 75) (31, 37) (59, 63) (12, 12) (2, 2) (27, 27) (46, 56) (64, 64) (14, 14) (75, 89) 
(47, 61) (77, 87) (66, 70) (75, 91) (70, 72) (71, 91) (6, 6) (41, 43) (20, 24) (19, 25) (83, 105) (24, 26) (49, 57) (5, 5) (64, 76) 
(60, 74) (72, 72) (43, 51) (30, 40) (73, 83) (34, 34) (65, 69) (86, 86) (81, 97) (63, 75) (42, 50) (55, 59) (84, 90) (20, 24) (77, 97) 
TIEMPOS MAXIMOS DE FIN
(10000, 10000) (10000, 10000) (10000, 10000) (10000, 10000) (10000, 10000) (10000, 10000) (10000, 10000) (10000, 10000) (10000, 10000) (10000, 10000) (10000, 10000) (10000, 10000) (10000, 10000) (10000, 10000) (10000, 10000) (10000, 10000) (10000, 10000) (10000, 10000) (10000, 10000) (10000, 10000) (10000, 10000) (10000, 10000) (10000, 10000) (10000, 10000) (10000, 10000) (10000, 10000) (10000, 10000) (10000, 10000) (10000, 10000) (10000, 10000) 
// Desviacion Izda: min(0%), max(15%), promedio(6.33171%)
// Desviacion Dcha: min(0%), max(15%), promedio(6.33171%)
