NUMERO DE TRABAJOS
30
NUMERO DE RECURSOS
15
SECUENCIA DE MAQUINAS
13 0 10 2 12 8 5 6 4 14 1 11 9 3 7 
7 3 0 12 13 14 8 1 10 4 11 2 6 9 5 
12 14 10 1 13 5 3 11 6 2 4 7 8 0 9 
14 13 1 12 7 0 4 5 3 2 6 8 11 10 9 
7 5 1 3 8 12 2 13 0 4 6 10 11 14 9 
11 5 4 14 10 3 0 9 7 12 6 2 13 8 1 
5 8 12 9 3 2 14 4 1 13 7 0 11 6 10 
7 14 5 9 3 1 4 10 12 2 6 13 11 0 8 
10 14 6 5 13 12 3 8 0 7 2 9 4 11 1 
6 5 4 3 12 14 7 9 1 13 11 8 2 0 10 
5 1 0 11 13 6 12 7 2 9 3 4 10 8 14 
12 13 0 3 2 5 10 11 4 1 7 14 9 6 8 
11 0 9 12 7 2 13 8 5 4 3 1 14 6 10 
5 8 13 10 14 7 9 0 12 2 6 4 11 3 1 
9 3 10 5 2 6 7 11 4 1 12 13 14 8 0 
1 7 2 5 6 9 10 8 14 11 4 12 0 3 13 
13 11 5 2 0 6 8 9 10 4 7 1 12 14 3 
9 8 1 10 3 2 6 11 0 7 5 12 13 14 4 
5 12 3 0 13 10 7 9 6 14 1 4 2 8 11 
5 10 11 7 4 6 9 0 8 12 2 3 1 13 14 
10 14 3 1 11 13 9 12 6 8 0 5 2 7 4 
14 12 8 13 6 9 5 2 7 10 3 1 4 11 0 
11 8 7 6 0 9 13 10 12 5 2 14 1 4 3 
1 9 12 7 5 8 13 2 3 14 6 0 10 11 4 
2 5 13 0 9 3 8 1 12 14 6 4 10 11 7 
1 8 7 14 10 3 5 6 4 12 13 11 0 2 9 
2 14 3 13 10 5 12 7 1 8 0 11 4 6 9 
14 4 3 2 9 0 8 6 7 11 1 13 12 5 10 
9 12 5 4 2 3 0 13 8 7 6 10 1 11 14 
11 6 7 8 5 14 13 3 10 1 12 0 2 9 4 
DURACIONES
(68, 90) (29, 33) (40, 44) (88, 88) (14, 18) (91, 107) (77, 87) (48, 58) (26, 32) (49, 49) (8, 10) (15, 15) (79, 105) (65, 81) (98, 98) 
(72, 80) (76, 102) (46, 50) (13, 17) (49, 59) (35, 39) (50, 56) (62, 64) (39, 49) (80, 102) (12, 14) (65, 81) (42, 42) (99, 99) (38, 44) 
(42, 56) (47, 57) (24, 26) (82, 96) (3, 3) (2, 2) (34, 46) (39, 49) (81, 107) (6, 8) (58, 78) (69, 77) (72, 74) (28, 32) (14, 14) 
(24, 32) (46, 52) (13, 13) (87, 87) (61, 63) (10, 10) (26, 32) (58, 66) (31, 37) (6, 8) (44, 50) (38, 42) (55, 59) (69, 91) (85, 87) 
(39, 39) (11, 13) (30, 38) (81, 101) (46, 50) (61, 81) (43, 47) (98, 98) (20, 26) (86, 96) (81, 99) (39, 43) (79, 101) (53, 55) (83, 91) 
(30, 30) (54, 72) (50, 64) (32, 40) (67, 77) (50, 58) (65, 73) (8, 10) (46, 60) (62, 82) (59, 77) (33, 33) (52, 70) (12, 12) (82, 96) 
(59, 71) (35, 45) (29, 39) (36, 38) (62, 66) (62, 62) (14, 14) (75, 81) (1, 1) (59, 71) (2, 2) (58, 76) (52, 60) (69, 81) (26, 26) 
(20, 24) (89, 107) (65, 69) (51, 61) (37, 45) (81, 97) (23, 27) (89, 99) (73, 79) (36, 38) (8, 8) (81, 87) (66, 80) (61, 69) (69, 79) 
(43, 45) (30, 36) (41, 41) (50, 54) (84, 88) (10, 12) (59, 61) (86, 88) (13, 13) (37, 43) (61, 63) (43, 51) (37, 41) (63, 67) (75, 79) 
(85, 91) (31, 31) (62, 64) (45, 53) (47, 53) (69, 85) (6, 6) (79, 81) (17, 23) (28, 32) (10, 12) (36, 46) (40, 46) (68, 80) (65, 81) 
(7, 7) (68, 70) (59, 79) (52, 54) (47, 57) (31, 35) (19, 19) (83, 85) (12, 12) (36, 36) (80, 90) (69, 79) (2, 2) (96, 98) (45, 59) 
(33, 33) (7, 9) (69, 79) (66, 84) (48, 54) (60, 68) (47, 63) (6, 8) (69, 93) (82, 82) (68, 72) (33, 33) (78, 90) (35, 39) (42, 54) 
(46, 62) (85, 109) (70, 88) (71, 71) (63, 77) (83, 85) (28, 28) (13, 15) (20, 20) (93, 105) (6, 6) (27, 33) (51, 51) (65, 71) (37, 45) 
(10, 10) (83, 97) (14, 14) (71, 73) (27, 33) (75, 79) (63, 75) (53, 59) (77, 79) (49, 61) (86, 110) (84, 98) (26, 28) (31, 41) (80, 92) 
(85, 99) (90, 104) (64, 78) (12, 14) (81, 105) (62, 68) (42, 46) (46, 46) (67, 75) (60, 78) (24, 28) (16, 20) (30, 32) (9, 11) (41, 53) 
(47, 47) (5, 5) (12, 16) (40, 54) (80, 82) (78, 90) (53, 71) (89, 93) (5, 5) (58, 58) (68, 86) (53, 57) (48, 50) (5, 5) (5, 5) 
(40, 52) (83, 109) (55, 67) (63, 71) (2, 2) (9, 9) (84, 104) (34, 42) (61, 71) (23, 27) (63, 71) (50, 64) (70, 88) (64, 84) (47, 47) 
(65, 83) (52, 52) (50, 50) (42, 44) (89, 97) (28, 32) (82, 88) (71, 79) (55, 61) (43, 51) (64, 76) (40, 44) (60, 64) (58, 58) (74, 88) 
(5, 5) (37, 47) (54, 72) (41, 43) (27, 29) (34, 46) (34, 38) (47, 51) (60, 70) (6, 6) (12, 16) (17, 23) (75, 95) (39, 43) (67, 73) 
(7, 7) (32, 40) (51, 57) (84, 98) (91, 105) (27, 35) (31, 35) (62, 82) (18, 24) (59, 63) (1, 1) (28, 32) (83, 87) (71, 87) (29, 35) 
(71, 87) (71, 93) (44, 54) (51, 51) (38, 48) (14, 18) (39, 49) (62, 62) (18, 22) (12, 12) (7, 7) (1, 1) (63, 65) (20, 22) (35, 39) 
(87, 101) (73, 77) (49, 63) (23, 27) (85, 93) (72, 72) (72, 96) (67, 75) (64, 84) (73, 93) (6, 6) (63, 75) (85, 89) (17, 21) (61, 75) 
(7, 7) (27, 31) (14, 16) (3, 3) (53, 71) (47, 59) (80, 104) (1, 1) (27, 27) (19, 23) (61, 71) (88, 96) (17, 21) (21, 23) (41, 55) 
(70, 80) (12, 12) (42, 50) (37, 37) (71, 73) (31, 39) (6, 6) (31, 33) (44, 56) (32, 34) (12, 16) (34, 34) (92, 94) (82, 84) (10, 12) 
(87, 87) (50, 62) (70, 70) (79, 83) (78, 82) (54, 62) (73, 77) (45, 51) (47, 63) (85, 99) (8, 10) (16, 16) (35, 47) (67, 75) (63, 63) 
(29, 29) (65, 67) (17, 19) (49, 61) (52, 54) (77, 85) (42, 52) (77, 95) (30, 36) (30, 30) (74, 76) (66, 80) (23, 31) (48, 54) (67, 67) 
(54, 66) (16, 18) (16, 20) (56, 66) (70, 94) (67, 77) (5, 5) (87, 97) (70, 80) (86, 96) (79, 99) (30, 40) (48, 58) (64, 72) (75, 95) 
(78, 86) (54, 54) (87, 105) (18, 20) (19, 21) (66, 68) (27, 27) (69, 85) (59, 59) (85, 89) (37, 43) (6, 8) (43, 49) (31, 33) (76, 92) 
(68, 70) (46, 58) (26, 26) (60, 70) (78, 100) (45, 57) (75, 83) (47, 55) (25, 29) (82, 100) (23, 23) (55, 63) (85, 113) (48, 54) (69, 71) 
(61, 63) (57, 57) (27, 33) (5, 5) (28, 32) (12, 14) (38, 40) (30, 32) (14, 18) (60, 76) (28, 36) (72, 94) (4, 4) (26, 28) (26, 28) 
TIEMPOS MAXIMOS DE FIN
(10000, 10000) (10000, 10000) (10000, 10000) (10000, 10000) (10000, 10000) (10000, 10000) (10000, 10000) (10000, 10000) (10000, 10000) (10000, 10000) (10000, 10000) (10000, 10000) (10000, 10000) (10000, 10000) (10000, 10000) (10000, 10000) (10000, 10000) (10000, 10000) (10000, 10000) (10000, 10000) (10000, 10000) (10000, 10000) (10000, 10000) (10000, 10000) (10000, 10000) (10000, 10000) (10000, 10000) (10000, 10000) (10000, 10000) (10000, 10000) 
// Desviacion Izda: min(0%), max(15%), promedio(6.48267%)
// Desviacion Dcha: min(0%), max(15%), promedio(6.48267%)
