NUMERO DE TRABAJOS
30
NUMERO DE RECURSOS
20
SECUENCIA DE MAQUINAS
5 0 6 16 2 15 19 10 12 13 4 3 9 17 18 1 7 8 14 11
17 11 16 13 1 7 4 14 10 8 2 19 3 12 6 5 0 15 9 18
15 9 18 19 1 16 17 8 0 14 13 2 7 3 12 11 5 6 10 4
13 1 19 2 10 6 8 3 0 16 9 5 14 17 15 11 12 4 18 7
13 3 2 19 1 0 15 6 18 14 5 16 17 9 11 10 12 7 4 8
6 17 14 19 7 12 3 18 5 11 8 0 1 15 16 10 13 4 2 9
0 10 15 11 17 14 5 6 8 3 9 16 12 2 1 19 18 13 7 4
9 10 8 13 16 18 15 3 6 5 1 11 14 0 7 17 2 12 4 19
4 6 19 5 2 9 16 18 7 8 12 1 15 13 17 10 0 14 3 11
17 1 12 5 2 3 8 7 6 9 19 15 14 10 4 18 11 16 13 0
17 15 11 0 7 6 5 9 4 12 10 2 14 16 19 3 13 8 1 18
13 14 2 5 0 11 16 17 15 9 18 6 19 7 12 3 4 1 10 8
3 5 13 0 14 12 11 16 2 19 8 9 15 4 7 17 6 18 10 1
15 5 18 17 6 16 13 12 3 2 9 0 1 14 8 10 11 19 4 7
10 6 19 15 4 17 8 1 12 18 0 9 3 5 13 11 2 16 7 14
3 9 16 6 7 11 14 8 18 12 5 17 19 10 2 1 0 15 13 4
13 18 5 6 8 0 4 10 7 12 1 15 3 16 19 2 11 17 9 14
5 15 1 2 19 18 12 13 16 17 14 9 0 11 10 3 8 4 6 7
8 14 6 3 11 4 12 15 1 0 17 7 5 10 19 2 18 13 16 9
10 0 14 2 16 19 17 6 3 8 12 11 7 13 15 9 1 5 4 18
17 14 1 4 7 16 0 18 19 13 15 8 2 11 10 6 3 12 9 5
14 16 17 5 4 8 10 12 3 19 2 9 18 13 15 0 7 1 6 11
1 14 2 8 13 6 12 3 5 18 17 11 10 0 7 19 15 4 16 9
7 11 3 9 8 4 18 5 14 0 10 13 1 2 15 17 19 6 12 16
19 6 9 16 17 8 14 11 7 10 18 2 3 0 1 12 4 5 15 13
2 16 17 6 3 4 11 5 18 14 15 19 0 9 7 12 13 10 1 8
13 11 16 14 6 15 1 17 0 12 5 3 2 4 7 8 10 9 18 19
10 2 6 0 19 14 7 12 18 16 5 9 15 3 11 13 1 17 4 8
15 19 11 17 18 13 4 6 8 12 3 14 1 10 16 2 5 0 7 9
0 18 19 6 11 4 5 13 2 12 17 3 1 16 8 10 9 7 14 15
DURACIONES
(45, 57) (83, 103) (47, 51) (1, 1) (51, 53) (25, 27) (70, 78) (56, 62) (38, 50) (8, 8) (79, 83) (90, 100) (64, 72) (53, 61) (49, 65) (36, 44) (16, 18) (83, 101) (85, 91) (6, 6)
(67, 83) (20, 24) (11, 11) (46, 52) (31, 31) (30, 34) (5, 5) (50, 52) (13, 15) (38, 48) (43, 43) (24, 24) (80, 86) (62, 72) (2, 2) (40, 50) (72, 78) (32, 38) (49, 51) (95, 95)
(76, 84) (13, 13) (35, 37) (48, 54) (58, 68) (54, 62) (30, 30) (68, 82) (71, 73) (85, 99) (13, 13) (13, 13) (84, 100) (11, 13) (68, 84) (28, 30) (57, 71) (56, 60) (25, 27) (21, 21)
(81, 101) (93, 97) (45, 57) (65, 85) (79, 99) (56, 56) (64, 84) (53, 67) (80, 92) (64, 76) (97, 97) (11, 11) (55, 67) (59, 77) (41, 45) (5, 5) (17, 17) (18, 18) (14, 14) (91, 95)
(35, 45) (8, 10) (74, 86) (75, 89) (64, 70) (29, 37) (79, 89) (36, 42) (47, 49) (79, 99) (90, 100) (53, 67) (4, 4) (93, 105) (88, 96) (46, 58) (72, 86) (9, 9) (87, 91) (51, 57)
(48, 62) (63, 77) (84, 106) (57, 63) (9, 9) (78, 86) (52, 52) (29, 31) (6, 6) (24, 30) (56, 58) (89, 89) (59, 67) (26, 32) (48, 62) (35, 39) (62, 70) (15, 17) (76, 98) (59, 67)
(42, 46) (43, 51) (89, 91) (32, 38) (75, 83) (51, 63) (56, 60) (86, 110) (62, 62) (7, 9) (27, 35) (87, 101) (45, 53) (88, 92) (10, 12) (55, 71) (22, 22) (39, 49) (90, 102) (80, 92)
(63, 63) (69, 91) (69, 75) (79, 87) (25, 25) (54, 56) (62, 74) (37, 47) (60, 80) (63, 65) (23, 25) (7, 7) (45, 45) (12, 12) (17, 17) (8, 8) (40, 42) (86, 90) (7, 7) (78, 88)
(68, 68) (95, 103) (36, 38) (29, 37) (71, 73) (89, 107) (90, 94) (25, 31) (13, 15) (14, 18) (90, 108) (9, 9) (84, 102) (25, 25) (8, 8) (59, 69) (4, 4) (68, 80) (34, 36) (35, 39)
(78, 80) (31, 37) (33, 39) (72, 94) (44, 52) (23, 23) (2, 2) (5, 5) (15, 17) (73, 79) (9, 11) (94, 96) (11, 13) (85, 103) (44, 48) (51, 55) (32, 38) (72, 74) (75, 81) (50, 60)
(27, 35) (73, 77) (10, 12) (84, 100) (46, 46) (84, 84) (37, 41) (16, 18) (78, 88) (87, 87) (76, 96) (80, 106) (64, 72) (66, 68) (81, 85) (4, 4) (88, 104) (3, 3) (7, 7) (51, 51)
(4, 4) (47, 53) (20, 20) (64, 84) (35, 39) (83, 107) (65, 65) (83, 83) (88, 108) (25, 25) (62, 66) (88, 92) (50, 52) (55, 67) (94, 100) (68, 72) (13, 15) (12, 14) (94, 104) (75, 91)
(37, 45) (74, 88) (80, 106) (75, 81) (47, 59) (60, 72) (37, 43) (8, 8) (54, 72) (62, 70) (2, 2) (36, 36) (22, 26) (56, 66) (69, 81) (23, 31) (65, 77) (20, 26) (16, 20) (53, 67)
(87, 87) (26, 32) (36, 36) (2, 2) (18, 18) (2, 2) (11, 11) (41, 53) (89, 99) (86, 98) (51, 65) (85, 101) (46, 48) (84, 96) (25, 31) (48, 60) (26, 30) (80, 88) (64, 72) (4, 4)
(23, 23) (73, 75) (83, 107) (64, 64) (20, 22) (45, 47) (75, 97) (8, 8) (51, 65) (58, 70) (91, 107) (28, 30) (41, 53) (62, 66) (6, 6) (25, 25) (57, 69) (52, 66) (83, 109) (17, 21)
(64, 86) (72, 78) (70, 82) (81, 85) (21, 23) (98, 98) (76, 94) (70, 80) (11, 11) (57, 71) (19, 23) (90, 98) (46, 46) (62, 64) (74, 82) (33, 37) (9, 9) (16, 16) (38, 40) (27, 29)
(50, 64) (66, 66) (43, 49) (76, 92) (15, 17) (19, 19) (1, 1) (29, 29) (57, 73) (42, 42) (87, 87) (37, 39) (80, 96) (76, 90) (76, 96) (21, 21) (34, 42) (56, 66) (29, 29) (74, 74)
(59, 73) (70, 78) (40, 46) (49, 61) (80, 92) (61, 77) (11, 11) (11, 13) (59, 63) (48, 64) (52, 60) (69, 85) (79, 81) (15, 17) (12, 14) (12, 16) (12, 16) (88, 104) (81, 95) (18, 22)
(45, 59) (1, 1) (82, 82) (51, 63) (16, 20) (82, 106) (41, 47) (78, 84) (22, 28) (68, 82) (26, 32) (71, 77) (9, 11) (23, 25) (61, 65) (40, 44) (59, 65) (85, 111) (61, 73) (72, 72)
(75, 87) (89, 101) (40, 52) (6, 6) (5, 5) (18, 18) (69, 89) (39, 47) (24, 32) (25, 29) (79, 89) (74, 92) (94, 104) (59, 61) (80, 92) (20, 22) (13, 13) (26, 30) (89, 93) (19, 21)
(61, 65) (53, 59) (22, 26) (38, 48) (30, 30) (21, 23) (30, 32) (59, 69) (51, 61) (56, 68) (25, 25) (74, 96) (12, 14) (73, 79) (59, 67) (50, 52) (79, 95) (20, 22) (61, 69) (1, 1)
(53, 55) (1, 1) (64, 78) (74, 78) (21, 25) (78, 102) (19, 19) (91, 103) (82, 86) (27, 27) (69, 71) (36, 40) (54, 70) (94, 94) (43, 51) (20, 24) (48, 56) (19, 23) (11, 11) (89, 105)
(87, 95) (65, 69) (11, 13) (71, 79) (38, 46) (33, 43) (62, 64) (85, 99) (38, 44) (14, 14) (25, 31) (79, 89) (39, 39) (47, 51) (20, 26) (50, 66) (8, 10) (17, 21) (16, 18) (43, 49)
(80, 98) (39, 49) (56, 66) (63, 63) (84, 106) (64, 76) (42, 56) (86, 112) (40, 48) (67, 69) (80, 92) (74, 98) (10, 12) (12, 14) (16, 18) (82, 88) (57, 67) (69, 91) (33, 41) (2, 2)
(37, 41) (39, 45) (17, 21) (75, 87) (43, 49) (80, 94) (7, 7) (56, 60) (27, 27) (85, 109) (49, 57) (18, 24) (60, 78) (96, 98) (61, 67) (44, 50) (10, 12) (43, 43) (63, 71) (11, 11)
(4, 4) (12, 14) (41, 47) (24, 30) (23, 23) (23, 27) (41, 47) (35, 43) (37, 39) (29, 33) (33, 43) (86, 104) (13, 13) (18, 20) (29, 29) (33, 41) (40, 48) (66, 88) (23, 25) (39, 39)
(54, 58) (79, 103) (36, 38) (32, 40) (82, 90) (2, 2) (38, 40) (17, 21) (88, 92) (39, 47) (72, 72) (86, 88) (35, 39) (37, 41) (84, 96) (29, 37) (70, 76) (76, 100) (33, 35) (60, 72)
(49, 63) (29, 35) (42, 54) (6, 6) (9, 9) (51, 63) (21, 21) (50, 62) (36, 38) (73, 77) (36, 44) (82, 104) (86, 108) (5, 5) (67, 67) (23, 25) (20, 20) (14, 16) (16, 16) (21, 21)
(28, 34) (28, 32) (81, 95) (45, 45) (37, 37) (34, 42) (3, 3) (96, 98) (38, 42) (29, 29) (22, 26) (29, 31) (28, 30) (39, 51) (47, 55) (58, 58) (77, 87) (48, 54) (82, 88) (33, 41)
(37, 39) (72, 82) (8, 8) (46, 50) (44, 48) (81, 97) (84, 108) (47, 53) (20, 22) (38, 38) (51, 63) (23, 29) (84, 110) (65, 75) (21, 25) (17, 19) (29, 37) (30, 38) (32, 38) (67, 71)
TIEMPOS MAXIMOS DE FIN
(1375, 1798) (1107, 1448) (1266, 1655) (1526, 1995) (1565, 2046) (1362, 1781) (1513, 1978) (1240, 1621) (1306, 1708) (1238, 1620) (1459, 1909) (1550, 2028) (1281, 1676) (1263, 1652) (1359, 1778) (1420, 1858) (1339, 1751) (1309, 1711) (1391, 1819) (1316, 1722) (1219, 1594) (1372, 1795) (1179, 1541) (1509, 1973) (1281, 1676) (913, 1195) (1453, 1900) (1033, 1351) (1209, 1581) (1264, 1654)
