NUMERO DE TRABAJOS
30
NUMERO DE RECURSOS
20
SECUENCIA DE MAQUINAS
6 5 15 8 13 2 10 17 11 0 9 1 19 4 16 3 12 7 18 14
2 13 11 4 18 12 16 17 19 14 5 3 1 7 9 6 15 0 8 10
18 16 14 13 0 7 1 19 3 12 15 6 5 2 8 9 4 10 17 11
9 10 5 14 18 2 8 11 12 3 4 1 6 19 13 7 0 16 15 17
8 3 7 9 5 1 17 4 14 15 13 12 16 10 11 0 19 6 2 18
6 8 9 2 13 14 1 3 15 19 4 0 18 10 12 17 5 16 11 7
16 7 12 2 13 6 5 8 3 18 9 15 17 11 14 0 19 10 1 4
9 5 2 8 10 13 4 1 11 17 19 3 14 16 0 7 15 18 12 6
16 4 15 1 11 8 3 6 9 17 0 18 10 2 12 13 19 5 14 7
3 14 15 17 8 10 6 19 0 18 9 1 16 5 4 13 11 12 7 2
2 15 4 16 7 8 1 6 18 19 10 14 5 3 17 13 0 11 12 9
13 11 5 9 17 6 7 16 0 8 15 10 18 1 2 19 4 3 14 12
16 7 13 12 2 19 10 14 15 17 5 1 4 11 0 18 3 9 6 8
2 0 19 8 18 10 17 3 13 6 14 16 12 7 4 1 11 15 5 9
5 1 14 9 8 3 11 10 0 7 13 12 2 16 19 17 4 15 18 6
17 16 4 0 15 5 3 14 12 2 10 18 8 6 1 19 11 13 9 7
10 4 3 1 17 0 5 8 7 12 19 13 15 9 14 2 16 11 6 18
3 16 15 5 13 11 19 12 8 6 18 7 17 10 0 1 14 2 4 9
14 0 11 5 4 12 18 8 10 13 16 7 6 1 3 9 15 17 2 19
7 4 11 2 15 14 5 19 16 1 9 13 3 8 10 12 0 6 17 18
8 6 10 15 5 3 18 1 17 9 19 4 16 13 0 7 11 14 2 12
10 17 6 8 7 19 2 0 3 5 4 1 14 16 9 18 12 11 15 13
7 0 14 9 1 6 11 10 2 17 15 5 19 8 18 12 4 13 16 3
18 15 16 10 12 6 2 1 17 5 13 4 7 8 9 19 11 3 0 14
0 6 12 4 8 1 5 17 15 2 7 9 11 13 16 3 10 18 14 19
18 9 6 4 11 19 8 10 3 0 13 15 12 2 16 5 17 7 1 14
5 10 1 14 11 18 16 7 9 13 17 15 2 12 6 3 8 4 0 19
5 6 8 3 15 19 4 2 16 14 13 10 1 7 18 9 0 11 12 17
18 8 1 14 4 6 15 10 7 13 17 5 11 16 3 12 2 0 9 19
6 13 5 8 2 18 17 19 14 10 7 15 0 9 11 4 1 3 16 12
DURACIONES
(52, 66) (73, 81) (70, 76) (41, 51) (92, 106) (7, 7) (10, 12) (73, 77) (27, 27) (20, 24) (29, 37) (64, 76) (9, 9) (15, 19) (33, 33) (17, 17) (40, 40) (70, 80) (15, 15) (79, 81)
(15, 17) (23, 27) (8, 8) (37, 45) (43, 53) (84, 92) (36, 40) (59, 63) (26, 28) (72, 84) (84, 84) (7, 7) (16, 16) (78, 102) (59, 73) (41, 41) (3, 3) (46, 48) (31, 35) (57, 57)
(80, 94) (14, 14) (43, 55) (87, 93) (84, 90) (26, 32) (41, 53) (61, 75) (12, 12) (67, 69) (66, 66) (50, 66) (60, 74) (85, 93) (29, 35) (86, 92) (2, 2) (54, 72) (67, 73) (69, 85)
(10, 10) (67, 81) (55, 57) (85, 91) (69, 85) (71, 87) (68, 70) (39, 45) (12, 12) (72, 80) (75, 81) (72, 76) (1, 1) (16, 16) (32, 36) (60, 60) (63, 69) (69, 73) (77, 77) (84, 84)
(81, 109) (23, 25) (75, 97) (54, 68) (62, 72) (4, 4) (24, 30) (8, 8) (13, 13) (12, 12) (40, 46) (58, 70) (6, 6) (46, 54) (35, 37) (40, 52) (71, 71) (80, 82) (38, 46) (4, 4)
(76, 88) (92, 106) (33, 35) (4, 4) (89, 89) (77, 91) (68, 86) (48, 54) (12, 12) (70, 74) (33, 41) (4, 4) (16, 20) (88, 94) (87, 111) (15, 17) (6, 6) (4, 4) (69, 85) (88, 106)
(37, 37) (39, 49) (75, 87) (63, 81) (12, 14) (57, 75) (47, 57) (68, 68) (4, 4) (14, 14) (27, 35) (81, 101) (64, 78) (76, 96) (4, 4) (51, 59) (6, 8) (8, 8) (80, 98) (80, 80)
(32, 36) (29, 35) (52, 58) (59, 73) (17, 19) (68, 84) (29, 35) (25, 31) (7, 7) (75, 75) (74, 80) (24, 24) (81, 101) (4, 4) (65, 79) (76, 92) (46, 54) (43, 47) (22, 28) (6, 6)
(6, 6) (83, 111) (66, 70) (20, 24) (81, 83) (69, 79) (12, 12) (71, 89) (78, 80) (14, 16) (43, 53) (84, 98) (47, 55) (19, 19) (63, 85) (48, 48) (59, 77) (42, 44) (13, 13) (30, 32)
(77, 87) (19, 19) (70, 90) (13, 13) (31, 39) (93, 103) (63, 73) (11, 13) (1, 1) (15, 15) (51, 65) (84, 104) (50, 58) (72, 76) (9, 9) (50, 50) (73, 91) (63, 73) (22, 24) (69, 83)
(71, 87) (19, 21) (71, 77) (39, 47) (76, 100) (88, 110) (40, 52) (74, 76) (60, 74) (78, 84) (94, 94) (6, 6) (55, 65) (93, 93) (88, 88) (38, 40) (28, 36) (86, 90) (69, 91) (27, 33)
(67, 81) (51, 55) (30, 32) (1, 1) (19, 19) (18, 18) (33, 43) (75, 83) (45, 47) (72, 76) (73, 91) (79, 89) (24, 30) (44, 48) (11, 11) (34, 40) (85, 109) (84, 92) (23, 27) (44, 58)
(55, 63) (53, 65) (54, 56) (20, 20) (90, 94) (1, 1) (31, 31) (59, 63) (81, 93) (9, 11) (36, 44) (35, 35) (15, 15) (80, 92) (18, 22) (43, 43) (37, 41) (9, 9) (34, 42) (28, 28)
(26, 26) (2, 2) (81, 81) (61, 67) (9, 9) (43, 51) (26, 30) (71, 85) (56, 72) (68, 86) (15, 17) (63, 75) (49, 51) (70, 92) (29, 33) (86, 88) (37, 47) (23, 23) (46, 46) (40, 50)
(55, 67) (7, 7) (74, 76) (71, 73) (72, 94) (8, 8) (59, 67) (24, 30) (76, 86) (75, 77) (56, 58) (7, 7) (77, 99) (58, 66) (5, 5) (32, 32) (22, 28) (51, 55) (39, 47) (72, 78)
(12, 12) (48, 48) (67, 75) (47, 61) (49, 49) (43, 51) (37, 37) (69, 75) (34, 44) (69, 85) (94, 94) (76, 88) (46, 52) (42, 42) (77, 97) (2, 2) (10, 10) (51, 65) (72, 90) (39, 43)
(78, 90) (35, 37) (95, 101) (10, 10) (20, 24) (52, 54) (50, 52) (83, 107) (54, 70) (82, 82) (44, 52) (10, 10) (28, 30) (60, 76) (59, 61) (5, 5) (41, 41) (15, 15) (77, 91) (44, 46)
(9, 9) (40, 40) (18, 22) (36, 42) (72, 94) (27, 29) (90, 98) (68, 68) (19, 19) (22, 28) (12, 14) (59, 67) (62, 76) (17, 17) (67, 81) (82, 108) (90, 92) (87, 91) (14, 18) (33, 37)
(69, 69) (80, 80) (19, 21) (91, 107) (22, 24) (8, 8) (41, 45) (33, 35) (31, 39) (82, 84) (36, 46) (5, 5) (77, 95) (15, 17) (26, 32) (81, 103) (42, 46) (52, 56) (19, 23) (81, 81)
(82, 82) (84, 110) (5, 5) (36, 36) (37, 43) (52, 64) (8, 8) (56, 62) (71, 85) (17, 19) (29, 35) (32, 36) (62, 70) (25, 25) (9, 11) (35, 37) (83, 93) (44, 56) (82, 82) (31, 39)
(63, 85) (38, 46) (81, 91) (20, 24) (36, 42) (42, 48) (25, 27) (61, 65) (64, 66) (69, 71) (32, 34) (35, 43) (71, 77) (66, 84) (8, 8) (24, 28) (22, 28) (13, 13) (65, 79) (96, 100)
(22, 28) (43, 49) (54, 68) (72, 76) (35, 45) (25, 25) (41, 43) (5, 5) (2, 2) (63, 67) (1, 1) (77, 77) (13, 13) (38, 46) (30, 32) (41, 49) (7, 7) (18, 22) (81, 109) (65, 85)
(47, 53) (71, 85) (68, 76) (48, 58) (66, 68) (43, 49) (92, 98) (28, 30) (3, 3) (31, 31) (8, 8) (24, 28) (53, 67) (46, 58) (30, 40) (56, 58) (49, 65) (89, 93) (86, 96) (31, 39)
(23, 29) (74, 86) (70, 72) (62, 66) (50, 64) (42, 44) (63, 81) (97, 101) (86, 88) (69, 93) (14, 16) (20, 26) (72, 74) (7, 7) (68, 72) (87, 109) (66, 66) (44, 50) (9, 11) (63, 83)
(20, 20) (51, 59) (79, 95) (10, 10) (16, 16) (55, 63) (88, 94) (72, 92) (53, 53) (60, 74) (58, 62) (31, 37) (67, 89) (63, 69) (90, 106) (36, 42) (14, 14) (61, 69) (50, 54) (50, 58)
(3, 3) (25, 27) (8, 8) (38, 46) (69, 71) (17, 17) (52, 60) (28, 34) (27, 31) (78, 98) (54, 66) (77, 85) (22, 24) (23, 23) (39, 47) (25, 33) (73, 75) (25, 33) (29, 31) (57, 69)
(62, 72) (59, 73) (79, 97) (73, 83) (69, 89) (34, 40) (6, 6) (33, 37) (61, 61) (3, 3) (62, 72) (46, 56) (60, 68) (68, 70) (59, 71) (87, 93) (91, 99) (11, 11) (27, 29) (46, 54)
(52, 56) (49, 55) (15, 17) (38, 40) (52, 60) (45, 57) (46, 52) (66, 74) (51, 67) (66, 66) (50, 64) (71, 77) (78, 94) (71, 95) (82, 82) (57, 73) (38, 42) (88, 90) (46, 60) (3, 3)
(65, 71) (43, 45) (54, 70) (24, 26) (65, 73) (42, 54) (59, 77) (60, 80) (61, 61) (51, 51) (68, 80) (23, 25) (52, 56) (63, 75) (62, 76) (31, 35) (61, 61) (17, 19) (32, 40) (71, 85)
(6, 8) (25, 27) (77, 81) (56, 74) (16, 16) (3, 3) (65, 77) (55, 69) (41, 43) (42, 46) (69, 77) (77, 81) (9, 9) (57, 65) (56, 70) (12, 12) (41, 53) (62, 72) (34, 34) (5, 5)
TIEMPOS MAXIMOS DE FIN
(1150, 1504) (1136, 1485) (1513, 1978) (1487, 1944) (1092, 1428) (1368, 1790) (1264, 1654) (1171, 1531) (1327, 1735) (1314, 1718) (1666, 2179) (1275, 1667) (1076, 1407) (1255, 1642) (1300, 1700) (1367, 1788) (1297, 1696) (1283, 1677) (1251, 1637) (1220, 1596) (1293, 1691) (1028, 1344) (1346, 1761) (1510, 1975) (1430, 1870) (1072, 1402) (1443, 1887) (1487, 1944) (1406, 1839) (1124, 1470)
