NUMERO DE TRABAJOS
50
NUMERO DE RECURSOS
20
SECUENCIA DE MAQUINAS
2 6 0 18 9 12 5 10 19 16 15 7 3 13 8 1 17 14 4 11 
3 0 13 12 2 18 4 11 1 16 17 10 19 5 8 15 6 9 14 7 
17 7 15 2 19 0 6 1 18 13 5 11 14 3 16 4 10 12 9 8 
3 5 11 15 7 12 8 17 18 6 16 14 9 0 1 19 4 2 13 10 
19 17 11 14 0 6 3 1 15 10 7 13 18 2 9 8 5 16 12 4 
11 16 1 14 9 7 0 6 17 5 4 8 19 2 12 18 13 10 15 3 
18 12 3 19 2 15 1 4 8 9 16 17 14 10 7 5 0 11 13 6 
6 19 1 0 16 7 17 10 12 15 14 11 8 4 18 13 2 9 3 5 
13 12 19 17 14 15 11 1 7 2 16 10 8 4 6 3 5 9 0 18 
7 18 6 13 2 16 0 3 4 15 5 11 9 1 10 19 17 12 14 8 
3 8 19 4 7 1 0 14 16 12 13 11 15 10 5 6 2 9 18 17 
4 18 3 12 14 13 1 16 10 9 11 15 2 19 8 7 5 0 17 6 
17 3 7 5 16 11 6 19 9 0 12 15 10 13 8 14 1 4 2 18 
0 13 8 14 2 11 1 16 17 7 12 9 15 5 19 4 18 6 3 10 
15 11 3 1 9 13 19 8 12 7 5 14 2 17 6 18 16 10 0 4 
7 14 3 6 18 12 19 9 0 1 11 16 15 5 2 4 17 10 8 13 
9 15 8 13 7 17 4 2 18 14 11 12 0 5 6 3 16 1 19 10 
14 3 18 7 17 5 15 0 9 19 10 4 8 11 13 6 12 1 16 2 
12 6 11 17 3 18 4 14 9 1 2 16 13 0 10 5 15 7 19 8 
11 5 19 0 13 3 7 16 10 6 9 15 2 4 17 14 1 12 8 18 
0 9 15 3 7 1 4 19 13 5 17 14 11 6 2 18 10 12 8 16 
2 15 4 17 5 10 16 18 14 3 1 0 19 12 6 11 9 13 7 8 
19 15 16 6 11 3 12 18 4 17 14 9 8 0 1 7 5 2 13 10 
6 18 4 5 17 16 3 7 9 1 19 12 14 8 10 13 15 11 2 0 
8 5 3 12 6 7 13 19 0 10 14 11 16 17 15 2 9 4 18 1 
17 12 11 19 9 5 2 6 3 16 14 1 18 10 13 15 4 7 0 8 
10 16 1 12 15 6 9 0 11 7 18 19 8 4 5 17 14 13 2 3 
17 13 5 11 15 16 10 12 1 14 3 9 19 8 0 6 2 4 18 7 
16 13 18 7 3 2 8 17 19 5 6 9 0 4 12 1 15 11 10 14 
7 6 12 9 16 0 5 18 13 2 3 10 11 15 1 4 8 17 14 19 
13 10 9 16 6 0 18 19 2 3 14 5 4 15 11 12 8 17 7 1 
11 17 15 1 4 6 13 3 12 2 7 14 5 8 16 19 10 9 0 18 
8 10 0 7 17 2 16 5 3 9 18 11 13 19 15 12 1 4 14 6 
19 17 16 3 8 6 9 10 0 5 18 4 15 7 14 12 13 11 2 1 
19 14 10 15 12 0 8 17 6 9 16 11 4 7 5 13 3 2 18 1 
10 6 3 4 0 11 12 1 8 7 2 17 16 5 15 18 19 14 9 13 
15 11 6 12 9 18 7 5 1 0 17 19 10 8 4 3 16 2 13 14 
2 11 13 10 12 3 5 1 16 14 8 18 15 6 9 4 17 0 19 7 
9 17 8 14 11 0 7 6 1 19 10 12 5 15 3 4 16 18 2 13 
11 17 4 18 12 19 9 16 6 8 1 0 15 5 7 3 13 14 2 10 
11 6 10 5 7 2 19 9 0 8 14 3 16 13 15 12 18 1 17 4 
4 5 14 12 11 8 15 7 2 16 6 19 17 18 9 0 10 1 13 3 
17 6 5 8 15 19 12 14 7 11 3 18 2 10 4 16 13 9 1 0 
9 6 15 5 14 10 19 2 3 16 0 17 12 13 7 18 1 8 4 11 
5 2 12 8 13 11 1 3 0 15 18 16 7 9 6 17 14 19 10 4 
16 14 12 7 2 5 3 13 4 10 11 17 15 6 9 0 19 8 18 1 
1 14 19 12 7 8 17 10 0 3 6 2 11 13 5 15 16 18 4 9 
10 9 3 12 2 8 19 0 15 17 5 16 4 6 11 13 1 14 7 18 
15 3 4 10 1 16 18 5 14 8 13 6 11 17 19 12 7 0 9 2 
12 6 8 11 17 1 4 15 13 5 2 14 18 16 7 9 10 0 19 3 
DURACIONES
(73, 95) (26, 26) (14, 18) (12, 16) (41, 45) (27, 29) (75, 97) (81, 103) (31, 33) (69, 77) (55, 67) (12, 14) (41, 55) (65, 75) (65, 71) (48, 64) (75, 93) (23, 23) (80, 108) (27, 33) 
(67, 87) (28, 36) (54, 56) (20, 24) (71, 95) (17, 21) (42, 56) (76, 84) (27, 27) (62, 76) (44, 48) (77, 95) (44, 58) (1, 1) (84, 92) (77, 77) (96, 100) (46, 50) (22, 26) (59, 67) 
(33, 39) (64, 72) (36, 48) (44, 46) (29, 39) (67, 79) (12, 16) (76, 88) (13, 17) (31, 39) (91, 93) (10, 10) (40, 46) (18, 18) (65, 81) (67, 71) (55, 55) (58, 68) (80, 98) (96, 100) 
(36, 48) (23, 23) (28, 30) (7, 9) (80, 106) (17, 21) (61, 67) (40, 54) (17, 21) (4, 4) (77, 91) (68, 76) (2, 2) (77, 101) (72, 82) (11, 13) (88, 96) (63, 71) (34, 42) (83, 91) 
(53, 61) (59, 75) (86, 112) (9, 9) (80, 98) (50, 66) (14, 18) (34, 36) (29, 31) (57, 59) (27, 29) (67, 73) (73, 91) (29, 31) (74, 94) (5, 5) (12, 14) (3, 3) (91, 91) (7, 9) 
(32, 36) (32, 36) (29, 35) (17, 17) (49, 49) (13, 13) (4, 4) (7, 7) (33, 43) (60, 64) (40, 52) (26, 32) (85, 89) (20, 26) (39, 49) (81, 105) (15, 15) (9, 9) (53, 59) (39, 45) 
(4, 4) (68, 74) (59, 67) (17, 21) (17, 19) (46, 50) (40, 54) (48, 52) (72, 92) (87, 101) (21, 23) (6, 8) (63, 75) (61, 75) (32, 36) (68, 82) (12, 14) (53, 57) (11, 11) (51, 69) 
(38, 50) (20, 20) (83, 89) (2, 2) (83, 97) (31, 33) (47, 61) (34, 46) (37, 43) (3, 3) (17, 23) (58, 78) (74, 94) (40, 40) (78, 104) (50, 56) (68, 86) (83, 83) (84, 110) (56, 70) 
(44, 46) (66, 78) (7, 9) (53, 69) (51, 51) (82, 110) (90, 98) (88, 108) (77, 89) (43, 53) (6, 6) (20, 24) (43, 57) (23, 25) (34, 38) (20, 22) (16, 18) (44, 52) (51, 57) (21, 21) 
(21, 27) (19, 21) (87, 97) (46, 48) (98, 100) (82, 88) (20, 20) (85, 95) (1, 1) (19, 21) (33, 39) (55, 61) (2, 2) (77, 95) (42, 42) (33, 43) (63, 75) (79, 79) (37, 49) (51, 59) 
(54, 70) (18, 24) (82, 108) (48, 58) (70, 80) (79, 101) (87, 101) (40, 46) (66, 78) (35, 41) (51, 69) (27, 33) (6, 6) (71, 79) (30, 32) (79, 95) (60, 66) (23, 25) (15, 17) (43, 49) 
(5, 5) (44, 52) (84, 92) (78, 78) (72, 96) (75, 95) (1, 1) (69, 89) (86, 104) (37, 47) (18, 24) (68, 70) (76, 102) (59, 77) (49, 63) (30, 30) (88, 104) (89, 107) (67, 83) (22, 26) 
(51, 65) (49, 49) (47, 59) (78, 92) (18, 22) (14, 16) (44, 44) (93, 101) (22, 26) (11, 13) (85, 111) (50, 56) (66, 68) (9, 11) (80, 102) (40, 54) (73, 83) (5, 5) (24, 32) (5, 5) 
(55, 55) (26, 34) (67, 69) (29, 39) (3, 3) (57, 59) (16, 20) (18, 22) (31, 35) (55, 69) (67, 73) (87, 87) (47, 63) (88, 94) (2, 2) (32, 34) (20, 24) (17, 23) (24, 28) (99, 99) 
(60, 68) (78, 98) (91, 97) (34, 34) (4, 4) (75, 81) (9, 11) (61, 73) (67, 87) (47, 59) (57, 77) (91, 91) (24, 24) (29, 31) (73, 79) (68, 72) (51, 61) (79, 99) (47, 51) (69, 79) 
(91, 99) (8, 10) (25, 33) (41, 49) (64, 64) (69, 77) (62, 62) (10, 12) (30, 32) (77, 77) (53, 69) (19, 21) (48, 60) (34, 40) (15, 19) (29, 33) (28, 36) (86, 110) (18, 22) (81, 107) 
(14, 14) (85, 95) (67, 79) (81, 87) (73, 77) (78, 100) (39, 43) (57, 61) (50, 66) (38, 50) (20, 22) (59, 63) (84, 98) (23, 27) (47, 49) (12, 12) (37, 37) (72, 88) (76, 78) (45, 57) 
(47, 47) (82, 102) (11, 11) (63, 83) (4, 4) (8, 10) (89, 101) (19, 25) (32, 32) (83, 95) (55, 73) (19, 19) (60, 78) (79, 87) (89, 93) (34, 34) (75, 85) (89, 99) (87, 99) (70, 94) 
(87, 97) (75, 83) (70, 78) (2, 2) (91, 103) (58, 78) (96, 100) (77, 79) (19, 25) (39, 43) (55, 61) (85, 113) (45, 59) (59, 75) (47, 49) (29, 37) (41, 55) (54, 62) (78, 84) (39, 39) 
(20, 20) (91, 101) (55, 73) (83, 107) (6, 6) (23, 29) (36, 42) (23, 29) (81, 103) (12, 12) (59, 71) (14, 14) (61, 81) (30, 32) (93, 101) (21, 27) (74, 96) (88, 90) (10, 12) (5, 5) 
(77, 77) (70, 94) (36, 36) (51, 53) (81, 107) (75, 99) (7, 7) (56, 74) (37, 43) (53, 69) (69, 89) (2, 2) (7, 7) (68, 74) (47, 51) (16, 20) (57, 65) (59, 79) (49, 51) (84, 86) 
(58, 68) (46, 54) (76, 100) (88, 92) (35, 35) (17, 23) (68, 70) (85, 91) (38, 48) (94, 94) (44, 58) (94, 94) (12, 12) (83, 97) (32, 40) (3, 3) (94, 104) (33, 41) (7, 9) (69, 69) 
(42, 44) (62, 70) (92, 92) (58, 64) (10, 12) (51, 55) (49, 59) (48, 60) (37, 47) (75, 99) (81, 91) (34, 34) (6, 8) (60, 60) (52, 52) (96, 96) (22, 28) (48, 62) (46, 52) (49, 63) 
(11, 11) (70, 72) (60, 60) (66, 80) (91, 91) (87, 111) (21, 23) (69, 79) (80, 80) (71, 87) (83, 111) (85, 101) (85, 85) (64, 80) (82, 110) (52, 52) (65, 75) (10, 12) (93, 97) (84, 86) 
(71, 95) (34, 44) (45, 57) (42, 56) (27, 35) (16, 20) (94, 94) (84, 92) (43, 49) (86, 110) (57, 75) (7, 7) (17, 23) (51, 55) (9, 9) (6, 8) (12, 16) (77, 93) (28, 36) (85, 91) 
(97, 99) (78, 104) (71, 85) (38, 48) (52, 58) (44, 46) (53, 65) (76, 78) (31, 31) (88, 94) (51, 69) (56, 66) (57, 67) (52, 66) (77, 101) (24, 26) (16, 20) (27, 31) (48, 50) (47, 59) 
(23, 29) (45, 55) (6, 8) (71, 85) (75, 75) (3, 3) (24, 32) (19, 21) (56, 60) (84, 106) (36, 40) (55, 61) (64, 76) (64, 86) (6, 6) (26, 26) (25, 27) (48, 60) (91, 99) (12, 12) 
(81, 81) (66, 76) (22, 22) (49, 63) (17, 17) (12, 16) (64, 66) (82, 98) (25, 33) (42, 52) (8, 8) (34, 44) (8, 10) (56, 60) (94, 96) (22, 28) (1, 1) (58, 72) (42, 46) (59, 73) 
(55, 69) (79, 79) (65, 75) (41, 45) (81, 109) (42, 42) (6, 6) (78, 98) (5, 5) (11, 13) (49, 59) (17, 19) (74, 92) (26, 28) (36, 40) (49, 49) (91, 97) (92, 98) (77, 79) (53, 61) 
(17, 19) (31, 41) (61, 79) (9, 11) (25, 25) (23, 27) (69, 75) (67, 71) (13, 17) (16, 18) (29, 33) (59, 61) (66, 72) (35, 43) (50, 58) (50, 62) (80, 90) (41, 53) (40, 40) (10, 10) 
(6, 8) (14, 14) (10, 12) (30, 36) (48, 50) (70, 94) (66, 86) (10, 12) (47, 57) (20, 20) (30, 40) (64, 82) (70, 92) (40, 44) (4, 4) (23, 31) (13, 15) (70, 76) (10, 10) (25, 25) 
(49, 59) (75, 87) (50, 54) (23, 27) (72, 84) (23, 23) (34, 42) (58, 60) (22, 22) (43, 47) (65, 67) (85, 103) (53, 61) (82, 82) (47, 55) (49, 59) (25, 25) (90, 104) (49, 61) (35, 41) 
(50, 52) (21, 21) (35, 37) (91, 99) (59, 77) (89, 91) (70, 82) (74, 94) (33, 41) (37, 39) (26, 34) (21, 23) (25, 31) (80, 100) (6, 6) (91, 91) (73, 73) (86, 100) (48, 62) (38, 38) 
(72, 84) (15, 19) (39, 43) (59, 79) (94, 94) (71, 95) (21, 27) (50, 60) (57, 67) (25, 29) (21, 27) (70, 70) (46, 54) (20, 22) (46, 56) (17, 21) (20, 20) (54, 64) (39, 51) (21, 23) 
(2, 2) (73, 97) (50, 66) (47, 47) (61, 71) (76, 86) (39, 49) (37, 45) (17, 19) (85, 85) (51, 61) (2, 2) (69, 93) (1, 1) (33, 39) (51, 51) (22, 28) (10, 12) (19, 23) (1, 1) 
(79, 95) (61, 69) (10, 12) (77, 93) (35, 39) (24, 28) (85, 93) (24, 30) (10, 10) (12, 14) (60, 64) (30, 30) (23, 25) (76, 82) (93, 103) (61, 61) (58, 72) (27, 31) (25, 29) (13, 15) 
(13, 15) (47, 47) (11, 11) (28, 30) (17, 19) (38, 40) (18, 24) (70, 90) (39, 43) (58, 66) (71, 73) (44, 54) (47, 57) (73, 93) (36, 36) (29, 33) (46, 56) (56, 58) (30, 36) (46, 48) 
(8, 10) (82, 110) (42, 42) (37, 41) (6, 6) (60, 74) (59, 59) (81, 101) (78, 84) (80, 100) (6, 8) (48, 50) (88, 104) (50, 52) (35, 41) (48, 64) (41, 53) (84, 106) (21, 25) (16, 20) 
(67, 89) (94, 98) (78, 80) (31, 39) (88, 108) (9, 11) (1, 1) (80, 84) (55, 57) (27, 35) (79, 97) (45, 59) (96, 96) (73, 77) (47, 61) (11, 13) (62, 64) (41, 47) (42, 44) (17, 21) 
(33, 37) (69, 77) (39, 41) (51, 53) (88, 96) (72, 82) (49, 65) (61, 71) (31, 41) (7, 7) (6, 6) (66, 72) (80, 88) (51, 57) (51, 55) (83, 111) (38, 38) (89, 97) (28, 28) (64, 68) 
(96, 102) (86, 90) (15, 19) (29, 37) (3, 3) (51, 65) (21, 23) (71, 79) (57, 57) (5, 5) (21, 23) (10, 12) (70, 82) (88, 98) (10, 12) (56, 70) (85, 93) (87, 105) (14, 16) (51, 69) 
(47, 49) (87, 105) (12, 14) (43, 47) (77, 77) (8, 10) (54, 66) (7, 9) (85, 89) (29, 29) (53, 59) (37, 41) (77, 87) (34, 34) (20, 20) (54, 62) (39, 43) (41, 55) (53, 59) (39, 43) 
(13, 17) (70, 84) (40, 54) (60, 60) (49, 53) (49, 53) (52, 60) (26, 34) (48, 52) (37, 41) (23, 27) (85, 95) (14, 14) (57, 77) (12, 14) (36, 48) (28, 28) (31, 41) (7, 7) (2, 2) 
(11, 13) (59, 77) (78, 104) (11, 13) (71, 75) (67, 81) (67, 85) (56, 62) (59, 61) (18, 22) (80, 86) (83, 93) (24, 26) (77, 77) (62, 68) (39, 49) (29, 31) (78, 90) (26, 30) (61, 65) 
(32, 32) (10, 12) (70, 82) (24, 30) (11, 13) (62, 72) (31, 35) (16, 18) (11, 13) (53, 63) (51, 61) (27, 35) (84, 108) (79, 99) (28, 28) (31, 35) (72, 78) (87, 111) (35, 45) (69, 79) 
(78, 102) (1, 1) (58, 78) (4, 4) (89, 101) (9, 9) (58, 64) (45, 45) (55, 71) (32, 38) (77, 85) (74, 80) (9, 9) (52, 54) (42, 46) (53, 65) (86, 106) (76, 76) (91, 97) (17, 23) 
(38, 48) (76, 82) (51, 69) (89, 107) (3, 3) (4, 4) (43, 53) (64, 80) (39, 43) (77, 103) (90, 98) (10, 12) (29, 31) (9, 11) (40, 42) (79, 79) (66, 66) (11, 11) (78, 96) (64, 72) 
(89, 93) (65, 65) (70, 90) (46, 54) (64, 68) (32, 38) (68, 72) (94, 102) (71, 89) (45, 49) (9, 9) (6, 8) (58, 76) (20, 24) (95, 95) (11, 11) (52, 60) (23, 27) (57, 71) (49, 65) 
(22, 24) (75, 75) (11, 13) (47, 55) (41, 49) (21, 25) (46, 58) (66, 88) (66, 86) (41, 55) (52, 52) (46, 60) (50, 56) (16, 20) (3, 3) (18, 18) (48, 64) (95, 101) (69, 73) (22, 28) 
(63, 65) (20, 20) (88, 90) (26, 28) (5, 5) (43, 51) (89, 95) (23, 23) (70, 86) (62, 66) (66, 88) (12, 12) (48, 50) (40, 40) (3, 3) (53, 67) (50, 58) (37, 37) (15, 15) (16, 16) 
TIEMPOS MAXIMOS DE FIN
(10000, 10000) (10000, 10000) (10000, 10000) (10000, 10000) (10000, 10000) (10000, 10000) (10000, 10000) (10000, 10000) (10000, 10000) (10000, 10000) (10000, 10000) (10000, 10000) (10000, 10000) (10000, 10000) (10000, 10000) (10000, 10000) (10000, 10000) (10000, 10000) (10000, 10000) (10000, 10000) (10000, 10000) (10000, 10000) (10000, 10000) (10000, 10000) (10000, 10000) (10000, 10000) (10000, 10000) (10000, 10000) (10000, 10000) (10000, 10000) (10000, 10000) (10000, 10000) (10000, 10000) (10000, 10000) (10000, 10000) (10000, 10000) (10000, 10000) (10000, 10000) (10000, 10000) (10000, 10000) (10000, 10000) (10000, 10000) (10000, 10000) (10000, 10000) (10000, 10000) (10000, 10000) (10000, 10000) (10000, 10000) (10000, 10000) (10000, 10000) 
// Desviacion Izda: min(0%), max(15%), promedio(6.77415%)
// Desviacion Dcha: min(0%), max(15%), promedio(6.77415%)
