NUMERO DE TRABAJOS
50
NUMERO DE RECURSOS
15
SECUENCIA DE MAQUINAS
11 3 12 0 14 9 1 6 2 13 7 4 5 8 10 
2 8 14 1 0 10 6 12 7 9 3 4 11 13 5 
13 0 5 6 14 11 4 3 7 9 12 8 2 10 1 
13 4 9 11 1 6 12 2 10 3 0 7 14 8 5 
9 3 4 7 11 0 8 10 6 5 14 12 1 2 13 
2 0 5 3 12 1 4 6 9 7 8 10 14 13 11 
6 1 9 2 7 10 4 11 0 13 14 12 3 5 8 
2 13 14 4 3 10 7 9 6 5 1 11 12 0 8 
7 14 12 2 13 8 6 0 1 5 11 9 4 3 10 
10 5 7 3 12 6 2 0 13 8 14 9 11 4 1 
13 4 14 6 3 2 5 8 9 12 7 0 11 10 1 
9 14 7 6 11 12 4 5 10 13 3 1 8 0 2 
8 10 7 11 13 1 2 3 14 12 9 4 5 6 0 
5 10 2 4 7 9 12 3 13 1 14 6 8 0 11 
13 1 11 7 3 8 5 4 2 6 0 14 9 12 10 
3 4 7 9 8 5 11 14 12 2 6 10 0 13 1 
10 3 9 14 0 7 13 12 6 11 4 8 1 2 5 
9 12 13 14 6 2 4 7 0 8 11 3 10 5 1 
7 3 6 12 13 14 0 5 8 1 11 2 10 9 4 
3 11 12 4 6 0 13 8 5 9 7 1 10 14 2 
4 2 1 3 13 10 12 8 14 5 7 6 11 0 9 
7 8 5 3 13 0 10 12 11 6 2 1 4 9 14 
8 13 14 5 12 11 10 9 2 3 7 0 6 1 4 
0 9 1 8 6 12 5 7 4 3 2 13 10 14 11 
8 5 7 2 6 11 13 4 9 0 1 14 12 10 3 
10 11 3 8 2 7 14 4 1 5 0 6 9 13 12 
11 0 5 8 9 4 1 6 2 3 14 10 13 12 7 
11 0 8 2 1 6 13 9 14 12 10 4 5 3 7 
2 12 7 4 13 8 0 9 5 11 1 3 10 6 14 
8 3 6 1 12 7 11 4 9 2 10 14 13 5 0 
2 6 7 13 8 3 1 10 14 11 9 5 12 4 0 
13 5 2 12 1 6 4 0 3 8 7 9 11 10 14 
0 13 4 10 14 7 8 1 3 9 6 5 11 12 2 
4 13 10 5 8 2 1 3 6 14 12 7 11 9 0 
9 13 3 5 12 14 6 1 4 10 2 7 8 11 0 
12 6 11 4 1 9 8 5 0 13 2 14 10 3 7 
3 10 4 13 9 7 14 12 11 8 2 1 0 5 6 
13 12 1 2 8 0 7 4 10 6 9 5 3 11 14 
13 8 2 7 11 12 10 9 6 4 1 0 3 5 14 
6 11 3 4 8 2 10 13 7 5 9 1 14 0 12 
8 2 7 13 9 3 14 12 0 1 10 6 5 11 4 
6 4 8 9 2 5 13 1 12 11 14 0 7 10 3 
13 9 12 3 14 5 8 7 10 4 11 0 1 2 6 
7 3 10 1 8 5 0 11 9 13 2 4 14 6 12 
11 13 8 1 12 4 2 10 6 9 3 14 0 7 5 
1 11 10 7 5 3 14 2 13 6 4 9 0 12 8 
14 11 1 8 5 13 0 9 4 12 6 10 3 2 7 
10 5 7 2 11 4 3 14 9 0 12 6 1 13 8 
14 12 10 6 4 13 8 7 2 11 5 3 1 0 9 
12 2 10 3 4 0 13 14 7 5 6 8 1 11 9 
DURACIONES
(26, 34) (16, 16) (62, 80) (27, 33) (75, 81) (45, 47) (16, 20) (28, 36) (33, 35) (83, 93) (84, 104) (77, 93) (71, 95) (28, 32) (70, 76) 
(12, 16) (46, 56) (6, 6) (33, 33) (15, 19) (20, 24) (55, 71) (62, 80) (14, 14) (78, 96) (50, 66) (32, 42) (47, 63) (70, 76) (77, 79) 
(35, 43) (25, 27) (71, 87) (9, 11) (46, 50) (48, 48) (95, 99) (21, 23) (79, 99) (1, 1) (3, 3) (41, 47) (8, 10) (73, 81) (34, 46) 
(76, 82) (57, 75) (36, 42) (54, 68) (53, 61) (84, 108) (88, 108) (54, 54) (84, 92) (20, 22) (91, 93) (3, 3) (35, 43) (21, 21) (73, 73) 
(5, 5) (60, 70) (84, 102) (88, 92) (55, 73) (30, 30) (89, 97) (78, 98) (78, 104) (41, 53) (25, 27) (68, 90) (3, 3) (66, 88) (36, 42) 
(6, 6) (57, 65) (80, 104) (21, 23) (16, 20) (50, 54) (77, 87) (43, 53) (31, 33) (68, 78) (43, 55) (14, 18) (71, 81) (50, 60) (33, 43) 
(14, 18) (29, 29) (89, 97) (87, 91) (58, 64) (45, 49) (22, 28) (36, 40) (25, 31) (40, 52) (93, 93) (63, 73) (93, 105) (39, 43) (54, 64) 
(49, 51) (77, 77) (11, 11) (75, 83) (85, 111) (64, 68) (20, 26) (13, 17) (24, 24) (35, 47) (7, 9) (49, 65) (66, 70) (49, 55) (28, 32) 
(24, 28) (34, 38) (74, 84) (82, 102) (87, 99) (11, 11) (16, 20) (68, 74) (23, 29) (88, 102) (14, 14) (80, 92) (38, 44) (3, 3) (42, 52) 
(13, 15) (15, 17) (52, 60) (71, 77) (89, 95) (29, 37) (80, 106) (66, 70) (68, 72) (35, 41) (62, 66) (69, 89) (7, 9) (65, 73) (64, 84) 
(74, 100) (65, 83) (84, 84) (67, 89) (46, 52) (40, 50) (44, 44) (46, 60) (73, 93) (27, 29) (3, 3) (44, 52) (6, 6) (48, 56) (47, 59) 
(70, 72) (8, 10) (71, 75) (81, 99) (54, 62) (15, 17) (80, 100) (46, 62) (45, 51) (61, 67) (16, 18) (57, 69) (59, 69) (93, 103) (96, 96) 
(50, 66) (44, 50) (90, 100) (33, 35) (14, 14) (11, 11) (2, 2) (52, 52) (28, 30) (62, 68) (79, 93) (57, 63) (12, 14) (5, 5) (16, 16) 
(55, 73) (27, 31) (35, 35) (6, 6) (77, 103) (39, 45) (31, 41) (25, 33) (49, 65) (35, 43) (49, 55) (34, 44) (87, 99) (20, 22) (70, 84) 
(78, 92) (84, 112) (39, 49) (81, 89) (43, 47) (58, 70) (32, 34) (46, 52) (22, 24) (78, 90) (49, 57) (17, 17) (48, 48) (27, 35) (10, 12) 
(29, 37) (80, 98) (43, 53) (17, 23) (94, 96) (49, 65) (7, 9) (17, 21) (21, 21) (33, 39) (59, 71) (33, 41) (85, 101) (4, 4) (2, 2) 
(45, 57) (57, 57) (61, 77) (67, 81) (84, 106) (74, 84) (37, 37) (78, 86) (68, 82) (18, 22) (43, 55) (36, 40) (76, 80) (89, 105) (65, 81) 
(59, 77) (85, 97) (5, 5) (43, 57) (32, 32) (41, 55) (39, 39) (70, 92) (32, 32) (58, 78) (83, 101) (68, 80) (24, 30) (57, 63) (59, 59) 
(70, 94) (61, 65) (18, 18) (29, 35) (60, 78) (74, 90) (76, 76) (37, 41) (64, 80) (87, 93) (4, 4) (54, 54) (76, 82) (70, 92) (66, 78) 
(86, 110) (85, 109) (32, 42) (95, 95) (91, 95) (54, 58) (45, 47) (82, 88) (6, 8) (69, 87) (68, 74) (64, 74) (45, 49) (35, 47) (55, 73) 
(59, 71) (64, 64) (27, 29) (46, 46) (25, 29) (51, 55) (6, 6) (71, 71) (11, 13) (14, 16) (54, 68) (81, 97) (48, 64) (33, 37) (8, 10) 
(76, 96) (78, 94) (63, 81) (13, 13) (65, 73) (36, 42) (95, 101) (27, 29) (29, 35) (61, 67) (20, 22) (75, 97) (43, 57) (8, 8) (88, 92) 
(88, 104) (75, 89) (2, 2) (4, 4) (27, 27) (43, 43) (35, 35) (66, 80) (95, 99) (18, 24) (78, 78) (85, 105) (74, 78) (63, 83) (81, 97) 
(18, 20) (15, 19) (55, 55) (50, 56) (77, 101) (39, 41) (3, 3) (3, 3) (12, 16) (38, 42) (67, 71) (50, 50) (19, 21) (39, 43) (28, 32) 
(8, 10) (71, 79) (63, 71) (4, 4) (8, 8) (66, 74) (33, 43) (1, 1) (97, 101) (49, 49) (38, 48) (70, 78) (30, 32) (8, 10) (1, 1) 
(74, 96) (79, 101) (92, 96) (13, 17) (63, 83) (46, 54) (78, 84) (26, 26) (90, 92) (10, 10) (50, 66) (28, 36) (67, 89) (1, 1) (6, 8) 
(50, 66) (83, 107) (31, 31) (90, 108) (89, 89) (79, 105) (18, 18) (40, 44) (83, 107) (6, 8) (80, 82) (40, 54) (53, 53) (80, 108) (52, 52) 
(13, 13) (50, 64) (39, 51) (70, 72) (14, 18) (84, 96) (22, 28) (46, 58) (69, 75) (11, 11) (20, 22) (24, 30) (32, 36) (76, 102) (27, 27) 
(40, 40) (40, 48) (16, 18) (82, 106) (38, 40) (49, 49) (46, 58) (17, 17) (76, 82) (39, 49) (70, 70) (1, 1) (58, 76) (1, 1) (8, 8) 
(98, 98) (35, 41) (48, 58) (93, 103) (36, 46) (55, 71) (2, 2) (68, 68) (27, 29) (71, 79) (14, 14) (20, 22) (7, 9) (63, 67) (1, 1) 
(5, 5) (36, 44) (24, 30) (82, 104) (57, 73) (88, 98) (7, 7) (36, 42) (42, 42) (8, 8) (29, 29) (23, 31) (50, 64) (16, 18) (68, 86) 
(39, 39) (18, 18) (17, 17) (84, 102) (8, 8) (50, 64) (62, 70) (71, 81) (28, 28) (19, 23) (2, 2) (70, 94) (61, 71) (77, 77) (83, 105) 
(64, 86) (13, 13) (45, 51) (12, 14) (38, 40) (16, 16) (59, 79) (34, 44) (30, 40) (64, 86) (74, 96) (48, 62) (45, 45) (52, 58) (79, 91) 
(75, 95) (70, 94) (13, 13) (79, 99) (33, 35) (10, 10) (83, 107) (33, 43) (4, 4) (9, 11) (73, 95) (85, 91) (64, 66) (22, 28) (45, 55) 
(66, 84) (69, 79) (82, 86) (64, 78) (54, 54) (52, 54) (83, 89) (10, 12) (67, 77) (25, 29) (78, 100) (52, 68) (24, 26) (15, 19) (80, 92) 
(16, 16) (58, 74) (21, 27) (6, 6) (73, 89) (23, 29) (62, 74) (41, 41) (2, 2) (75, 99) (83, 89) (68, 74) (29, 35) (32, 36) (65, 73) 
(20, 24) (14, 18) (45, 45) (53, 59) (7, 9) (59, 65) (20, 20) (84, 84) (81, 93) (57, 61) (46, 60) (78, 84) (37, 49) (3, 3) (22, 22) 
(25, 31) (20, 26) (59, 73) (26, 28) (42, 56) (42, 50) (47, 51) (63, 65) (37, 49) (11, 13) (90, 100) (34, 42) (28, 34) (49, 49) (17, 19) 
(19, 21) (19, 25) (89, 91) (75, 93) (12, 16) (33, 39) (5, 5) (73, 87) (89, 109) (90, 96) (63, 71) (58, 58) (36, 38) (13, 13) (54, 56) 
(91, 105) (82, 94) (33, 43) (83, 107) (79, 95) (67, 71) (91, 107) (82, 88) (73, 77) (34, 44) (72, 82) (53, 61) (80, 84) (91, 101) (46, 58) 
(9, 9) (80, 98) (77, 87) (71, 91) (16, 16) (39, 41) (67, 81) (27, 27) (29, 37) (30, 36) (15, 15) (67, 89) (51, 65) (72, 86) (25, 31) 
(63, 65) (79, 105) (7, 9) (41, 55) (71, 79) (25, 33) (64, 74) (32, 34) (80, 86) (19, 19) (88, 106) (68, 80) (93, 103) (3, 3) (36, 42) 
(63, 73) (87, 87) (78, 98) (71, 73) (83, 85) (25, 27) (11, 11) (86, 104) (86, 102) (90, 90) (7, 9) (16, 18) (53, 53) (86, 98) (6, 6) 
(87, 107) (87, 105) (29, 29) (68, 68) (93, 99) (66, 72) (82, 108) (89, 91) (62, 72) (47, 59) (20, 26) (18, 18) (46, 62) (47, 51) (16, 20) 
(70, 86) (44, 44) (69, 69) (23, 27) (42, 54) (77, 77) (1, 1) (65, 75) (12, 16) (24, 26) (82, 108) (25, 25) (46, 60) (55, 73) (36, 42) 
(3, 3) (73, 87) (65, 75) (52, 66) (43, 43) (50, 58) (50, 58) (53, 65) (26, 32) (60, 64) (81, 97) (3, 3) (51, 67) (74, 84) (7, 9) 
(33, 43) (15, 15) (17, 19) (71, 81) (18, 24) (74, 90) (78, 90) (53, 53) (17, 19) (63, 85) (55, 63) (61, 61) (10, 12) (53, 63) (9, 11) 
(20, 24) (7, 7) (81, 97) (36, 42) (41, 47) (37, 45) (39, 43) (73, 93) (54, 54) (74, 100) (83, 89) (7, 7) (67, 73) (53, 57) (70, 76) 
(5, 5) (59, 59) (19, 25) (55, 63) (62, 74) (94, 104) (39, 43) (27, 27) (58, 66) (77, 83) (29, 31) (36, 38) (51, 69) (67, 85) (4, 4) 
(23, 25) (89, 101) (66, 68) (77, 93) (7, 9) (13, 17) (73, 73) (49, 55) (11, 13) (38, 40) (15, 17) (60, 64) (56, 66) (8, 10) (53, 53) 
TIEMPOS MAXIMOS DE FIN
(10000, 10000) (10000, 10000) (10000, 10000) (10000, 10000) (10000, 10000) (10000, 10000) (10000, 10000) (10000, 10000) (10000, 10000) (10000, 10000) (10000, 10000) (10000, 10000) (10000, 10000) (10000, 10000) (10000, 10000) (10000, 10000) (10000, 10000) (10000, 10000) (10000, 10000) (10000, 10000) (10000, 10000) (10000, 10000) (10000, 10000) (10000, 10000) (10000, 10000) (10000, 10000) (10000, 10000) (10000, 10000) (10000, 10000) (10000, 10000) (10000, 10000) (10000, 10000) (10000, 10000) (10000, 10000) (10000, 10000) (10000, 10000) (10000, 10000) (10000, 10000) (10000, 10000) (10000, 10000) (10000, 10000) (10000, 10000) (10000, 10000) (10000, 10000) (10000, 10000) (10000, 10000) (10000, 10000) (10000, 10000) (10000, 10000) (10000, 10000) 
// Desviacion Izda: min(0%), max(15%), promedio(6.76168%)
// Desviacion Dcha: min(0%), max(15%), promedio(6.76168%)
