NUMERO DE TRABAJOS
50
NUMERO DE RECURSOS
15
SECUENCIA DE MAQUINAS
5 0 2 14 12 4 7 13 1 10 11 6 9 3 8 
7 2 1 8 12 9 3 11 13 14 0 6 4 10 5 
4 6 5 13 0 7 14 11 9 10 12 3 8 1 2 
9 13 3 11 14 12 6 1 0 4 10 5 2 7 8 
11 8 1 9 2 5 6 12 7 13 3 10 0 14 4 
9 3 4 7 11 2 13 5 8 12 6 10 14 0 1 
1 2 3 5 13 10 6 0 8 4 12 11 7 9 14 
1 14 10 12 4 8 7 13 6 2 9 3 5 11 0 
6 13 2 4 12 14 3 5 10 9 11 0 1 7 8 
11 13 0 10 6 9 1 2 14 3 5 8 7 4 12 
9 10 5 12 7 0 14 6 1 2 11 4 8 13 3 
12 5 1 13 2 8 6 4 7 10 0 3 14 11 9 
4 1 8 10 5 12 6 13 7 3 9 0 14 2 11 
13 12 2 5 11 7 9 14 6 0 8 10 1 3 4 
11 7 14 2 12 6 4 0 9 10 1 13 5 3 8 
14 5 9 11 3 0 12 1 4 6 10 8 7 13 2 
0 9 2 5 13 4 1 14 6 3 10 12 8 7 11 
11 6 0 5 10 12 2 14 13 1 7 8 9 3 4 
7 10 4 0 12 14 11 9 5 3 2 13 1 8 6 
4 9 12 10 14 3 7 11 2 0 8 1 6 13 5 
3 10 14 5 6 7 1 2 4 13 12 9 8 11 0 
10 12 13 2 1 0 5 6 11 8 9 3 7 14 4 
5 2 0 13 1 6 4 9 8 11 10 3 14 7 12 
11 4 6 10 12 8 2 7 9 14 1 0 13 3 5 
11 14 9 13 2 0 4 1 8 10 12 6 5 7 3 
14 0 8 1 11 12 13 2 9 4 7 6 3 10 5 
3 1 12 11 4 7 6 10 9 2 13 5 14 8 0 
12 14 10 0 5 13 1 11 4 3 6 8 2 9 7 
4 10 13 6 0 11 7 9 14 12 8 1 3 2 5 
3 5 2 9 13 11 12 6 10 4 8 0 14 1 7 
1 6 7 5 11 3 12 9 2 10 13 4 14 0 8 
5 4 10 9 0 6 3 1 7 13 12 11 14 8 2 
11 13 6 5 1 8 14 0 3 12 4 9 7 10 2 
11 9 2 1 12 0 8 13 10 5 14 6 4 7 3 
12 8 6 4 14 13 0 9 1 3 7 5 10 11 2 
0 4 12 6 14 10 5 7 3 13 1 2 9 8 11 
6 11 13 5 2 12 0 4 1 10 8 3 7 9 14 
5 6 11 0 2 12 4 8 7 9 13 10 14 3 1 
2 6 13 7 5 0 9 4 14 10 1 12 8 11 3 
7 2 8 9 0 6 4 1 11 14 10 3 5 13 12 
7 11 14 12 4 13 5 8 2 10 3 9 1 6 0 
9 7 12 4 10 1 8 13 14 3 0 2 11 6 5 
8 14 9 10 7 6 4 12 1 2 11 0 3 5 13 
14 7 9 5 10 6 4 12 2 13 8 0 1 11 3 
14 8 13 4 9 7 10 0 12 1 5 2 3 6 11 
8 11 1 4 9 14 0 3 5 12 10 7 6 2 13 
10 11 13 3 9 4 2 12 6 14 5 8 1 7 0 
14 12 6 10 4 1 13 11 2 5 7 8 3 0 9 
0 14 9 1 4 11 3 13 6 2 10 8 12 7 5 
11 3 0 13 8 14 2 7 10 12 5 6 9 4 1 
DURACIONES
(22, 28) (10, 10) (35, 45) (44, 56) (43, 47) (88, 94) (6, 6) (34, 46) (17, 21) (85, 91) (82, 92) (60, 74) (30, 38) (1, 1) (23, 29) 
(49, 57) (79, 87) (45, 59) (82, 102) (90, 94) (7, 9) (67, 83) (49, 63) (35, 45) (7, 7) (18, 22) (72, 96) (55, 73) (6, 8) (22, 24) 
(98, 100) (46, 56) (83, 89) (48, 58) (74, 98) (29, 31) (86, 88) (8, 8) (51, 55) (35, 43) (21, 23) (51, 59) (60, 68) (28, 36) (62, 66) 
(58, 78) (18, 20) (12, 14) (10, 10) (56, 72) (45, 55) (4, 4) (28, 28) (66, 72) (64, 72) (37, 37) (69, 87) (40, 42) (51, 51) (31, 37) 
(21, 25) (49, 51) (22, 28) (37, 37) (89, 97) (65, 83) (40, 54) (44, 56) (38, 42) (70, 94) (25, 33) (83, 99) (74, 84) (34, 46) (18, 20) 
(67, 87) (18, 20) (42, 46) (71, 87) (76, 82) (31, 35) (11, 13) (11, 13) (14, 16) (29, 35) (55, 73) (23, 29) (88, 92) (47, 51) (66, 68) 
(27, 29) (81, 87) (84, 106) (27, 29) (83, 103) (58, 76) (75, 75) (7, 9) (52, 60) (75, 83) (24, 30) (18, 18) (45, 45) (20, 20) (42, 46) 
(2, 2) (51, 69) (12, 12) (30, 40) (40, 50) (39, 41) (21, 27) (79, 101) (1, 1) (18, 24) (73, 77) (75, 83) (86, 96) (30, 34) (39, 43) 
(57, 65) (27, 33) (76, 86) (67, 73) (70, 94) (24, 26) (8, 10) (27, 31) (26, 28) (27, 31) (62, 74) (58, 70) (22, 24) (47, 55) (47, 55) 
(83, 91) (91, 97) (78, 104) (12, 16) (15, 15) (37, 39) (80, 92) (16, 16) (39, 49) (54, 72) (58, 66) (75, 99) (66, 88) (28, 34) (19, 19) 
(55, 73) (76, 84) (82, 102) (99, 99) (1, 1) (26, 34) (18, 24) (74, 78) (60, 70) (12, 14) (31, 41) (2, 2) (76, 78) (12, 14) (66, 70) 
(25, 31) (49, 57) (58, 70) (22, 26) (44, 58) (76, 88) (94, 104) (20, 22) (62, 74) (38, 44) (13, 15) (9, 9) (78, 104) (54, 60) (5, 5) 
(48, 54) (91, 95) (76, 78) (59, 63) (22, 22) (73, 81) (52, 58) (88, 104) (72, 80) (24, 30) (12, 12) (54, 72) (77, 91) (46, 46) (12, 16) 
(48, 54) (30, 40) (56, 72) (69, 89) (13, 17) (76, 88) (51, 65) (67, 77) (56, 64) (91, 107) (43, 51) (38, 50) (17, 21) (94, 104) (82, 90) 
(44, 54) (20, 22) (35, 39) (23, 25) (89, 103) (30, 34) (90, 98) (37, 37) (24, 32) (27, 33) (36, 46) (60, 72) (11, 13) (67, 89) (81, 83) 
(23, 31) (55, 71) (31, 39) (52, 52) (65, 77) (56, 68) (18, 22) (15, 17) (57, 71) (80, 80) (50, 64) (31, 37) (66, 82) (13, 13) (79, 81) 
(69, 75) (89, 107) (46, 54) (39, 51) (69, 77) (80, 84) (3, 3) (49, 57) (4, 4) (76, 96) (46, 62) (71, 81) (47, 63) (38, 38) (46, 60) 
(22, 22) (26, 34) (17, 17) (46, 60) (45, 55) (79, 93) (16, 20) (1, 1) (34, 36) (93, 93) (77, 103) (5, 5) (85, 91) (11, 11) (58, 72) 
(24, 32) (4, 4) (10, 12) (87, 87) (58, 66) (53, 65) (35, 37) (57, 57) (33, 35) (5, 5) (66, 86) (76, 90) (80, 102) (41, 51) (55, 73) 
(67, 67) (20, 20) (92, 98) (50, 54) (36, 38) (80, 96) (59, 73) (83, 91) (72, 82) (37, 39) (48, 64) (67, 89) (49, 61) (28, 28) (52, 58) 
(6, 6) (19, 19) (60, 70) (5, 5) (65, 71) (26, 26) (81, 105) (44, 48) (44, 54) (21, 25) (71, 95) (57, 65) (77, 99) (59, 77) (56, 68) 
(45, 59) (25, 25) (32, 34) (13, 15) (28, 30) (59, 63) (15, 19) (78, 86) (19, 19) (32, 42) (67, 87) (40, 42) (46, 48) (42, 48) (47, 55) 
(66, 70) (23, 23) (18, 18) (59, 71) (87, 91) (9, 11) (98, 98) (54, 68) (37, 39) (55, 73) (83, 99) (34, 38) (57, 75) (32, 32) (23, 25) 
(75, 97) (87, 93) (39, 49) (57, 63) (22, 22) (82, 84) (88, 100) (13, 15) (74, 86) (40, 52) (19, 21) (13, 13) (37, 41) (63, 71) (15, 19) 
(4, 4) (21, 21) (58, 60) (44, 56) (71, 79) (39, 43) (68, 90) (31, 41) (47, 61) (71, 73) (80, 108) (40, 52) (17, 19) (78, 84) (45, 45) 
(76, 78) (92, 102) (52, 70) (53, 69) (80, 106) (89, 105) (75, 97) (13, 17) (72, 74) (25, 31) (1, 1) (80, 80) (76, 102) (51, 53) (29, 31) 
(13, 17) (23, 31) (35, 35) (40, 54) (79, 79) (23, 29) (72, 72) (87, 91) (30, 40) (45, 59) (17, 17) (79, 105) (5, 5) (19, 21) (43, 55) 
(3, 3) (82, 104) (54, 58) (79, 85) (56, 60) (58, 72) (77, 87) (5, 5) (5, 5) (79, 105) (30, 30) (35, 35) (16, 18) (4, 4) (72, 84) 
(26, 34) (54, 56) (85, 85) (44, 56) (29, 29) (74, 80) (59, 75) (55, 55) (39, 51) (6, 6) (48, 48) (46, 46) (8, 10) (28, 34) (39, 43) 
(21, 25) (59, 75) (33, 33) (26, 28) (74, 82) (64, 64) (5, 5) (15, 17) (6, 6) (39, 49) (42, 44) (45, 53) (11, 13) (15, 19) (74, 96) 
(47, 53) (55, 57) (73, 87) (54, 54) (8, 8) (70, 70) (71, 95) (16, 20) (29, 33) (4, 4) (79, 101) (86, 88) (1, 1) (5, 5) (60, 62) 
(22, 22) (13, 17) (4, 4) (40, 40) (60, 78) (92, 104) (41, 47) (77, 77) (21, 25) (12, 16) (88, 104) (90, 90) (80, 100) (67, 89) (71, 71) 
(88, 100) (27, 33) (50, 52) (85, 87) (59, 79) (45, 59) (10, 12) (25, 33) (32, 42) (62, 78) (34, 34) (13, 13) (10, 10) (53, 69) (41, 55) 
(7, 7) (65, 83) (14, 14) (63, 67) (17, 21) (15, 19) (4, 4) (5, 5) (24, 30) (81, 105) (88, 94) (9, 9) (59, 79) (32, 38) (5, 5) 
(35, 45) (83, 95) (71, 75) (83, 101) (58, 58) (67, 69) (94, 100) (80, 108) (71, 83) (40, 46) (46, 58) (7, 9) (39, 43) (18, 24) (52, 60) 
(69, 73) (37, 49) (10, 12) (59, 71) (10, 12) (14, 16) (46, 46) (68, 88) (3, 3) (26, 28) (32, 34) (77, 97) (92, 102) (56, 62) (34, 40) 
(58, 78) (95, 97) (28, 32) (75, 93) (2, 2) (78, 84) (56, 58) (7, 7) (65, 75) (38, 40) (54, 70) (90, 98) (82, 110) (38, 38) (42, 50) 
(82, 110) (30, 38) (69, 73) (76, 100) (9, 11) (95, 103) (47, 49) (50, 64) (28, 34) (88, 98) (30, 36) (75, 93) (28, 28) (30, 34) (68, 76) 
(82, 110) (15, 15) (28, 34) (83, 103) (19, 23) (36, 44) (89, 109) (58, 62) (60, 66) (95, 95) (44, 46) (32, 34) (81, 85) (10, 12) (70, 80) 
(40, 54) (62, 80) (34, 40) (58, 60) (67, 77) (61, 67) (59, 63) (45, 59) (19, 21) (13, 13) (11, 11) (25, 27) (25, 31) (85, 97) (24, 30) 
(29, 33) (67, 85) (4, 4) (35, 35) (18, 18) (45, 55) (16, 16) (46, 58) (78, 92) (43, 43) (38, 50) (18, 24) (66, 78) (22, 26) (12, 12) 
(61, 81) (26, 34) (51, 65) (68, 74) (75, 99) (68, 80) (32, 34) (26, 26) (3, 3) (75, 75) (78, 96) (13, 15) (32, 34) (47, 57) (35, 41) 
(42, 42) (35, 43) (8, 8) (26, 26) (25, 27) (9, 9) (1, 1) (75, 91) (79, 91) (11, 11) (75, 87) (66, 78) (86, 88) (38, 44) (40, 48) 
(66, 80) (58, 60) (4, 4) (25, 25) (66, 70) (3, 3) (69, 75) (60, 78) (49, 51) (57, 67) (19, 25) (68, 86) (1, 1) (4, 4) (90, 98) 
(51, 67) (43, 47) (35, 43) (57, 71) (35, 35) (42, 42) (15, 17) (77, 99) (9, 9) (81, 95) (74, 96) (51, 57) (54, 72) (21, 21) (65, 87) 
(57, 75) (21, 25) (26, 30) (12, 12) (19, 25) (65, 65) (8, 10) (25, 29) (23, 27) (67, 83) (82, 88) (18, 20) (35, 47) (19, 21) (22, 28) 
(24, 32) (96, 96) (34, 40) (54, 62) (83, 105) (36, 44) (39, 45) (41, 41) (18, 22) (68, 92) (27, 31) (12, 12) (70, 92) (7, 9) (25, 31) 
(76, 90) (16, 18) (24, 28) (71, 85) (88, 102) (41, 49) (15, 17) (47, 59) (12, 12) (43, 57) (6, 6) (84, 90) (44, 44) (5, 5) (61, 65) 
(13, 13) (81, 89) (49, 49) (65, 81) (45, 51) (40, 48) (80, 88) (81, 89) (1, 1) (12, 12) (3, 3) (37, 41) (72, 78) (70, 76) (44, 46) 
(3, 3) (13, 17) (35, 45) (74, 80) (41, 45) (89, 93) (46, 56) (15, 19) (63, 79) (33, 33) (77, 89) (55, 67) (67, 69) (13, 15) (94, 100) 
TIEMPOS MAXIMOS DE FIN
(10000, 10000) (10000, 10000) (10000, 10000) (10000, 10000) (10000, 10000) (10000, 10000) (10000, 10000) (10000, 10000) (10000, 10000) (10000, 10000) (10000, 10000) (10000, 10000) (10000, 10000) (10000, 10000) (10000, 10000) (10000, 10000) (10000, 10000) (10000, 10000) (10000, 10000) (10000, 10000) (10000, 10000) (10000, 10000) (10000, 10000) (10000, 10000) (10000, 10000) (10000, 10000) (10000, 10000) (10000, 10000) (10000, 10000) (10000, 10000) (10000, 10000) (10000, 10000) (10000, 10000) (10000, 10000) (10000, 10000) (10000, 10000) (10000, 10000) (10000, 10000) (10000, 10000) (10000, 10000) (10000, 10000) (10000, 10000) (10000, 10000) (10000, 10000) (10000, 10000) (10000, 10000) (10000, 10000) (10000, 10000) (10000, 10000) (10000, 10000) 
// Desviacion Izda: min(0%), max(15%), promedio(6.70789%)
// Desviacion Dcha: min(0%), max(15%), promedio(6.70789%)
