NUMERO DE TRABAJOS
50
NUMERO DE RECURSOS
20
SECUENCIA DE MAQUINAS
7 15 11 5 9 16 0 8 1 4 14 18 13 10 3 19 6 2 17 12 
15 0 2 5 12 17 10 4 11 1 18 3 9 14 19 8 6 16 7 13 
15 11 8 17 3 7 12 13 2 16 4 19 9 14 0 5 1 18 10 6 
6 16 1 7 11 5 14 4 17 2 19 3 18 10 9 0 13 15 8 12 
13 8 2 0 19 11 9 10 7 1 17 12 6 14 16 4 15 18 5 3 
9 5 14 17 12 11 3 0 13 10 18 1 8 7 16 15 19 6 2 4 
15 12 4 2 14 5 16 18 11 8 7 10 13 17 0 19 1 6 3 9 
10 0 18 1 16 7 8 3 13 6 15 9 19 11 14 12 2 4 5 17 
7 14 0 6 12 1 11 19 8 5 3 18 2 10 13 16 4 9 15 17 
0 7 5 8 14 1 4 15 12 2 3 9 10 6 18 11 16 19 13 17 
6 10 14 7 11 0 19 15 4 9 5 16 8 2 1 3 18 13 17 12 
12 4 1 15 19 16 17 11 6 2 13 8 18 3 0 5 14 7 10 9 
1 5 10 4 9 2 16 19 7 14 3 11 17 12 13 8 15 18 0 6 
18 2 7 17 14 15 4 3 11 19 9 5 12 6 8 1 16 10 0 13 
5 15 11 14 12 13 18 9 19 2 16 6 4 3 1 0 7 8 17 10 
16 19 0 12 18 15 1 7 14 9 11 13 5 2 4 17 6 8 10 3 
10 19 16 7 6 4 15 3 13 11 8 17 18 1 14 2 9 5 0 12 
1 3 17 18 5 11 14 9 16 12 19 13 2 4 0 6 8 7 10 15 
8 11 15 2 3 10 18 6 5 17 12 19 7 16 9 1 0 4 14 13 
10 18 8 13 15 19 4 9 6 16 0 5 2 17 1 12 11 7 14 3 
13 12 7 6 15 16 11 2 9 19 18 17 14 5 0 1 4 3 8 10 
12 2 1 5 3 14 8 17 10 13 9 11 19 18 7 4 6 0 15 16 
18 5 17 1 12 14 7 10 6 19 4 9 0 16 11 15 3 8 13 2 
19 15 4 7 8 9 6 0 10 3 18 13 1 17 16 2 11 14 12 5 
5 15 16 9 17 1 7 13 6 0 18 11 12 4 10 19 14 3 8 2 
17 8 5 0 13 16 2 1 19 18 14 4 3 12 15 7 10 6 9 11 
12 14 19 2 5 9 17 7 3 0 18 1 13 16 8 10 11 4 6 15 
5 3 10 1 14 11 16 12 0 4 19 17 6 7 13 8 2 18 9 15 
3 6 13 18 2 19 5 15 11 1 14 17 10 4 16 8 9 0 7 12 
14 11 0 12 17 1 19 7 15 13 18 4 3 2 8 10 9 5 6 16 
7 6 19 12 4 0 8 14 9 10 1 15 11 17 5 18 2 3 13 16 
6 14 5 0 3 17 12 16 9 2 13 1 8 4 7 11 19 15 18 10 
16 8 4 1 13 0 11 17 12 3 15 19 18 14 6 2 9 7 5 10 
9 0 16 10 19 3 4 5 12 6 17 1 2 7 11 18 15 14 8 13 
9 5 1 8 2 0 11 14 19 4 7 18 10 15 12 17 13 16 6 3 
10 11 14 7 13 15 9 5 1 2 4 16 3 19 8 18 0 17 12 6 
12 16 9 3 13 18 1 5 10 7 17 2 8 4 11 0 15 6 19 14 
0 18 16 9 13 1 10 7 3 5 12 2 6 4 19 15 11 8 17 14 
3 11 18 12 15 17 0 19 4 13 16 7 9 2 6 14 10 5 8 1 
13 6 16 10 1 9 0 7 18 8 3 11 15 5 2 14 17 12 4 19 
3 6 12 15 14 7 10 13 17 16 1 2 4 0 8 18 5 11 9 19 
6 2 19 5 12 9 10 11 16 17 13 0 1 18 4 14 8 3 7 15 
3 19 18 10 4 5 0 17 9 13 16 1 12 8 7 6 14 15 2 11 
8 16 9 7 10 15 3 4 18 17 6 19 2 14 1 5 12 13 0 11 
9 4 7 12 6 13 15 17 1 5 11 2 14 3 19 8 0 10 18 16 
4 1 7 19 17 0 9 18 16 10 3 12 2 14 6 15 13 11 5 8 
15 2 19 14 16 9 1 13 10 18 17 5 0 4 11 7 3 8 12 6 
16 14 10 12 13 7 8 9 18 17 5 4 19 11 2 0 6 3 1 15 
11 14 0 6 2 9 15 5 12 10 16 3 7 4 19 18 13 17 8 1 
13 7 11 0 1 19 9 17 8 12 18 2 14 16 3 4 15 10 6 5 
DURACIONES
(28, 36) (13, 13) (28, 36) (45, 57) (71, 77) (71, 75) (42, 54) (12, 14) (6, 6) (57, 61) (32, 34) (16, 20) (77, 93) (12, 14) (53, 61) (78, 86) (61, 81) (29, 35) (74, 76) (43, 57) 
(6, 6) (58, 70) (29, 39) (52, 68) (49, 49) (3, 3) (53, 65) (40, 54) (13, 17) (66, 88) (23, 25) (77, 79) (64, 78) (19, 19) (59, 71) (75, 101) (22, 24) (2, 2) (32, 32) (5, 5) 
(68, 70) (25, 27) (27, 33) (84, 96) (40, 46) (16, 18) (20, 26) (60, 64) (15, 19) (4, 4) (17, 19) (62, 78) (18, 20) (13, 17) (15, 19) (83, 85) (51, 57) (16, 18) (55, 55) (71, 91) 
(23, 23) (7, 7) (45, 53) (84, 104) (73, 77) (48, 64) (91, 93) (55, 61) (29, 35) (75, 101) (35, 43) (56, 62) (12, 14) (12, 16) (45, 53) (50, 56) (16, 20) (13, 13) (49, 63) (33, 37) 
(11, 11) (53, 65) (74, 80) (19, 21) (53, 67) (29, 37) (15, 17) (12, 14) (62, 82) (31, 39) (35, 37) (88, 96) (31, 31) (88, 96) (51, 55) (79, 99) (67, 73) (18, 24) (32, 42) (12, 12) 
(64, 74) (51, 59) (22, 24) (73, 89) (42, 44) (62, 62) (17, 17) (90, 100) (34, 44) (28, 30) (18, 24) (84, 106) (61, 63) (35, 47) (64, 84) (64, 86) (7, 7) (94, 104) (55, 61) (7, 9) 
(11, 11) (79, 89) (15, 19) (81, 93) (43, 47) (58, 78) (10, 10) (9, 11) (13, 15) (83, 89) (83, 97) (86, 102) (8, 10) (71, 81) (68, 82) (57, 67) (58, 64) (22, 24) (82, 110) (85, 113) 
(86, 90) (81, 87) (38, 44) (78, 84) (4, 4) (6, 6) (63, 81) (85, 111) (66, 74) (23, 31) (8, 10) (40, 50) (51, 51) (72, 96) (87, 97) (36, 46) (20, 20) (17, 21) (55, 69) (28, 30) 
(48, 56) (23, 27) (6, 6) (79, 103) (12, 12) (68, 90) (25, 27) (71, 89) (6, 6) (15, 17) (76, 92) (30, 36) (12, 14) (60, 68) (58, 64) (39, 43) (70, 84) (29, 33) (70, 78) (67, 67) 
(51, 69) (89, 101) (19, 21) (96, 102) (30, 30) (47, 49) (11, 11) (52, 58) (7, 7) (50, 60) (16, 18) (71, 87) (18, 18) (51, 67) (20, 24) (26, 26) (30, 40) (1, 1) (24, 26) (35, 45) 
(18, 24) (12, 16) (56, 70) (59, 67) (78, 100) (18, 20) (78, 90) (78, 92) (24, 28) (67, 89) (48, 58) (93, 103) (22, 24) (76, 92) (51, 55) (44, 50) (2, 2) (91, 105) (54, 62) (57, 67) 
(17, 17) (52, 52) (11, 13) (53, 67) (18, 24) (9, 11) (16, 20) (26, 34) (57, 57) (56, 74) (27, 35) (16, 20) (95, 95) (80, 96) (37, 45) (83, 101) (69, 81) (16, 20) (87, 87) (49, 63) 
(33, 39) (6, 6) (83, 103) (54, 60) (28, 28) (9, 9) (85, 101) (17, 19) (33, 43) (50, 56) (86, 90) (91, 107) (10, 12) (75, 97) (70, 80) (74, 100) (16, 16) (25, 33) (9, 9) (47, 59) 
(69, 71) (51, 67) (30, 36) (7, 9) (70, 90) (8, 8) (58, 58) (84, 110) (92, 100) (45, 49) (32, 40) (25, 33) (1, 1) (12, 14) (17, 17) (32, 36) (30, 38) (33, 35) (65, 65) (7, 7) 
(54, 70) (31, 35) (40, 50) (4, 4) (17, 23) (12, 16) (24, 24) (82, 86) (56, 60) (87, 93) (92, 98) (42, 50) (53, 67) (11, 11) (27, 31) (38, 40) (21, 27) (19, 25) (84, 102) (58, 58) 
(29, 31) (49, 49) (86, 100) (79, 85) (67, 67) (22, 28) (60, 66) (89, 109) (5, 5) (85, 101) (62, 82) (13, 13) (15, 19) (64, 82) (5, 5) (36, 42) (17, 23) (26, 28) (48, 52) (61, 73) 
(96, 102) (22, 22) (83, 105) (67, 73) (66, 72) (35, 47) (40, 52) (85, 91) (85, 89) (10, 12) (50, 60) (50, 52) (56, 56) (32, 32) (26, 32) (6, 6) (95, 99) (47, 61) (92, 92) (75, 93) 
(89, 95) (25, 33) (53, 63) (85, 97) (16, 20) (15, 15) (21, 23) (69, 89) (18, 18) (83, 107) (13, 15) (65, 67) (47, 47) (66, 74) (85, 95) (56, 64) (68, 90) (6, 6) (57, 63) (54, 60) 
(8, 8) (60, 68) (83, 111) (20, 20) (17, 17) (2, 2) (58, 72) (87, 97) (28, 30) (23, 31) (53, 71) (43, 55) (93, 97) (5, 5) (80, 106) (33, 43) (76, 88) (40, 42) (43, 43) (16, 16) 
(14, 16) (10, 12) (29, 37) (71, 95) (72, 84) (28, 36) (17, 21) (51, 53) (78, 94) (20, 20) (7, 9) (22, 22) (40, 44) (70, 90) (53, 69) (75, 77) (13, 17) (86, 86) (13, 17) (73, 73) 
(47, 49) (24, 32) (32, 42) (12, 12) (52, 70) (83, 95) (27, 35) (79, 101) (88, 96) (50, 54) (95, 103) (46, 56) (45, 51) (84, 112) (97, 101) (47, 47) (90, 106) (16, 18) (28, 36) (68, 72) 
(78, 78) (28, 36) (65, 67) (33, 35) (51, 65) (6, 6) (93, 93) (17, 21) (97, 97) (42, 42) (25, 29) (20, 24) (15, 17) (82, 102) (36, 46) (87, 87) (31, 33) (46, 52) (1, 1) (10, 10) 
(94, 104) (50, 64) (74, 80) (44, 52) (30, 36) (52, 66) (44, 58) (86, 96) (74, 76) (22, 26) (15, 15) (16, 16) (56, 56) (68, 92) (36, 48) (65, 73) (65, 81) (85, 87) (84, 86) (58, 58) 
(65, 79) (61, 61) (23, 29) (58, 66) (14, 16) (44, 44) (3, 3) (6, 8) (67, 89) (51, 61) (90, 90) (75, 93) (29, 39) (13, 13) (89, 101) (54, 68) (51, 53) (76, 76) (19, 25) (35, 47) 
(21, 27) (14, 18) (12, 14) (77, 99) (92, 92) (16, 18) (25, 29) (20, 26) (9, 11) (85, 91) (78, 98) (41, 45) (68, 72) (64, 84) (72, 96) (5, 5) (33, 39) (62, 80) (66, 70) (68, 70) 
(50, 66) (63, 77) (23, 29) (56, 62) (19, 19) (78, 96) (55, 55) (12, 12) (48, 50) (35, 47) (80, 94) (48, 56) (74, 96) (34, 44) (37, 39) (18, 24) (46, 52) (16, 16) (7, 9) (75, 95) 
(43, 53) (35, 45) (60, 70) (92, 92) (10, 12) (28, 30) (65, 71) (62, 78) (20, 22) (47, 51) (38, 46) (57, 77) (40, 40) (6, 6) (37, 41) (26, 32) (39, 43) (81, 83) (93, 93) (18, 20) 
(52, 56) (58, 74) (18, 18) (46, 62) (84, 86) (38, 46) (30, 40) (49, 61) (56, 60) (29, 37) (47, 57) (27, 29) (31, 31) (85, 109) (45, 57) (13, 15) (89, 109) (45, 55) (14, 14) (29, 33) 
(73, 81) (10, 12) (60, 62) (39, 49) (18, 22) (36, 42) (19, 23) (71, 89) (3, 3) (43, 45) (13, 13) (73, 73) (93, 99) (67, 71) (5, 5) (2, 2) (72, 74) (68, 80) (28, 32) (36, 48) 
(82, 104) (78, 92) (71, 75) (70, 82) (32, 34) (90, 96) (84, 112) (79, 89) (78, 88) (53, 55) (14, 16) (15, 19) (31, 35) (73, 91) (49, 55) (64, 80) (37, 37) (92, 98) (41, 49) (50, 50) 
(72, 92) (43, 51) (92, 94) (35, 47) (20, 26) (89, 107) (11, 13) (51, 53) (67, 89) (10, 12) (2, 2) (22, 28) (2, 2) (37, 41) (68, 90) (88, 104) (32, 34) (78, 84) (74, 74) (36, 44) 
(61, 71) (34, 38) (11, 13) (81, 95) (83, 83) (4, 4) (74, 94) (67, 69) (27, 27) (62, 68) (88, 92) (67, 79) (1, 1) (41, 47) (27, 27) (89, 103) (67, 79) (12, 12) (25, 29) (20, 24) 
(1, 1) (37, 45) (52, 54) (29, 29) (73, 77) (17, 17) (46, 60) (82, 84) (57, 67) (82, 104) (5, 5) (83, 105) (24, 26) (56, 74) (65, 71) (40, 48) (14, 18) (48, 48) (58, 58) (6, 8) 
(8, 10) (15, 15) (39, 45) (28, 36) (48, 54) (63, 85) (58, 58) (23, 29) (44, 58) (23, 27) (8, 10) (49, 55) (76, 98) (23, 23) (65, 75) (54, 62) (12, 16) (44, 54) (50, 52) (49, 59) 
(73, 97) (13, 15) (7, 9) (7, 9) (50, 50) (86, 102) (11, 11) (77, 97) (40, 48) (33, 37) (69, 69) (57, 67) (30, 40) (51, 59) (77, 77) (80, 104) (80, 98) (18, 22) (60, 70) (13, 13) 
(73, 87) (72, 86) (30, 34) (32, 38) (64, 70) (39, 49) (37, 37) (6, 8) (90, 96) (72, 74) (6, 6) (74, 80) (74, 80) (80, 88) (12, 12) (42, 54) (48, 54) (67, 79) (84, 94) (26, 28) 
(65, 65) (1, 1) (27, 31) (57, 63) (52, 58) (46, 48) (59, 79) (77, 99) (59, 65) (21, 23) (43, 45) (3, 3) (50, 62) (67, 83) (70, 90) (1, 1) (65, 65) (71, 81) (4, 4) (60, 72) 
(3, 3) (6, 6) (60, 62) (56, 68) (53, 55) (78, 92) (23, 29) (4, 4) (27, 27) (51, 57) (76, 92) (3, 3) (2, 2) (12, 12) (39, 49) (86, 92) (72, 90) (15, 17) (77, 81) (62, 74) 
(15, 15) (31, 37) (60, 80) (79, 101) (41, 53) (65, 79) (22, 28) (49, 65) (20, 20) (78, 82) (77, 99) (39, 49) (70, 86) (78, 80) (52, 54) (36, 48) (58, 70) (72, 96) (15, 15) (41, 43) 
(25, 33) (47, 61) (11, 11) (87, 99) (2, 2) (84, 88) (71, 91) (22, 24) (94, 104) (48, 50) (96, 100) (75, 81) (13, 15) (22, 28) (68, 80) (82, 106) (91, 91) (31, 33) (5, 5) (66, 72) 
(22, 24) (90, 98) (52, 70) (39, 39) (8, 8) (70, 72) (90, 96) (70, 74) (54, 56) (83, 107) (11, 13) (52, 68) (77, 87) (44, 48) (82, 82) (7, 7) (49, 61) (35, 41) (81, 91) (30, 40) 
(40, 50) (54, 58) (9, 11) (45, 53) (67, 87) (42, 44) (7, 9) (61, 71) (30, 32) (74, 74) (80, 106) (44, 54) (53, 61) (23, 23) (26, 26) (92, 102) (88, 100) (67, 75) (23, 23) (94, 100) 
(52, 60) (86, 94) (61, 81) (47, 53) (27, 31) (55, 71) (1, 1) (62, 76) (83, 111) (84, 86) (40, 44) (19, 21) (19, 21) (3, 3) (37, 49) (82, 90) (91, 103) (20, 24) (49, 55) (21, 21) 
(70, 92) (11, 13) (62, 80) (39, 39) (85, 113) (66, 74) (32, 38) (73, 95) (19, 25) (40, 54) (63, 65) (89, 107) (6, 8) (12, 12) (74, 76) (58, 70) (83, 89) (25, 29) (37, 39) (10, 10) 
(34, 36) (6, 6) (80, 102) (15, 17) (43, 49) (74, 84) (53, 57) (95, 97) (79, 93) (42, 48) (38, 48) (5, 5) (88, 102) (13, 15) (28, 32) (4, 4) (36, 40) (78, 104) (8, 10) (40, 48) 
(17, 23) (57, 73) (16, 20) (21, 21) (13, 13) (71, 77) (38, 50) (35, 43) (90, 104) (21, 27) (29, 37) (13, 15) (43, 43) (16, 18) (80, 80) (64, 82) (36, 42) (6, 6) (13, 15) (42, 44) 
(57, 65) (81, 85) (44, 48) (64, 78) (23, 27) (8, 8) (79, 83) (52, 68) (12, 16) (29, 31) (9, 11) (1, 1) (55, 67) (48, 58) (17, 23) (19, 19) (13, 17) (12, 12) (9, 11) (34, 36) 
(31, 41) (8, 8) (78, 78) (32, 32) (93, 93) (28, 34) (11, 11) (40, 42) (12, 12) (9, 11) (45, 53) (19, 19) (91, 107) (71, 75) (91, 99) (34, 42) (80, 86) (11, 11) (22, 28) (32, 42) 
(34, 40) (90, 90) (79, 81) (25, 27) (39, 45) (30, 38) (57, 77) (56, 62) (81, 81) (66, 82) (16, 18) (37, 45) (24, 30) (63, 81) (32, 42) (71, 93) (67, 89) (75, 77) (51, 67) (13, 15) 
(41, 53) (1, 1) (10, 10) (76, 100) (37, 39) (80, 86) (73, 93) (97, 101) (1, 1) (28, 28) (60, 62) (59, 65) (70, 82) (42, 44) (29, 29) (74, 92) (94, 100) (51, 69) (28, 30) (71, 75) 
TIEMPOS MAXIMOS DE FIN
(10000, 10000) (10000, 10000) (10000, 10000) (10000, 10000) (10000, 10000) (10000, 10000) (10000, 10000) (10000, 10000) (10000, 10000) (10000, 10000) (10000, 10000) (10000, 10000) (10000, 10000) (10000, 10000) (10000, 10000) (10000, 10000) (10000, 10000) (10000, 10000) (10000, 10000) (10000, 10000) (10000, 10000) (10000, 10000) (10000, 10000) (10000, 10000) (10000, 10000) (10000, 10000) (10000, 10000) (10000, 10000) (10000, 10000) (10000, 10000) (10000, 10000) (10000, 10000) (10000, 10000) (10000, 10000) (10000, 10000) (10000, 10000) (10000, 10000) (10000, 10000) (10000, 10000) (10000, 10000) (10000, 10000) (10000, 10000) (10000, 10000) (10000, 10000) (10000, 10000) (10000, 10000) (10000, 10000) (10000, 10000) (10000, 10000) (10000, 10000) 
// Desviacion Izda: min(0%), max(15%), promedio(6.65325%)
// Desviacion Dcha: min(0%), max(15%), promedio(6.65325%)
