NUMERO DE TRABAJOS
50
NUMERO DE RECURSOS
15
SECUENCIA DE MAQUINAS
11 14 9 1 5 13 6 8 10 7 4 12 0 2 3 
12 11 10 4 6 14 2 0 5 3 1 13 9 8 7 
4 0 13 14 7 9 12 11 10 2 6 1 5 3 8 
4 12 14 3 8 9 0 6 1 7 11 13 2 10 5 
10 4 5 14 9 12 6 13 0 3 8 2 11 1 7 
8 0 12 1 7 4 5 3 2 14 10 9 13 6 11 
9 4 13 2 14 10 12 6 1 11 5 8 7 0 3 
9 4 12 11 6 7 0 2 10 3 14 13 1 8 5 
8 12 3 5 7 14 1 11 10 4 0 9 6 13 2 
8 11 9 13 3 12 5 7 10 2 1 14 6 4 0 
4 9 2 10 12 6 8 0 13 5 11 14 7 1 3 
10 6 5 4 12 3 9 13 14 8 2 7 11 1 0 
5 9 0 12 8 10 13 11 3 7 14 6 1 4 2 
4 5 12 2 6 14 0 7 1 11 13 10 8 9 3 
14 10 8 5 4 9 7 13 3 1 2 6 11 12 0 
8 12 11 7 10 2 3 6 4 1 9 5 13 14 0 
1 4 5 6 9 13 3 7 2 14 11 0 10 12 8 
12 8 3 10 9 1 7 6 2 4 0 13 5 14 11 
5 12 1 2 3 0 7 13 6 11 4 8 10 9 14 
12 1 8 11 2 7 6 10 4 13 14 9 5 3 0 
3 9 8 0 11 1 14 10 4 13 5 2 12 7 6 
11 1 9 4 3 8 12 0 6 7 14 10 13 2 5 
1 7 6 5 9 14 2 4 3 0 13 12 11 8 10 
2 14 9 13 7 8 6 5 4 0 12 11 3 1 10 
9 4 12 1 6 10 8 7 2 11 13 14 3 0 5 
4 1 9 0 8 2 14 3 5 6 7 13 11 12 10 
7 8 6 4 13 1 5 14 2 10 12 0 3 9 11 
5 12 10 9 1 4 13 11 14 2 7 0 3 8 6 
1 13 0 5 4 6 8 11 14 12 9 10 7 3 2 
3 6 10 5 7 8 9 0 14 1 12 2 11 13 4 
4 8 6 9 3 2 0 5 13 7 1 12 10 14 11 
4 0 12 6 1 3 14 11 7 2 5 8 10 13 9 
7 10 1 14 6 11 8 4 12 5 0 13 2 9 3 
12 13 1 10 7 2 9 14 4 11 5 3 6 0 8 
0 2 10 1 12 4 5 11 9 3 8 7 6 13 14 
0 10 13 12 6 1 8 2 3 14 9 4 7 5 11 
12 2 10 4 9 6 0 1 7 13 11 8 3 14 5 
3 1 12 5 6 2 8 14 0 11 7 10 13 9 4 
11 6 14 5 4 3 1 0 7 12 2 13 8 10 9 
3 2 10 9 1 5 13 8 7 4 6 0 11 12 14 
6 2 9 7 13 8 1 11 12 5 10 3 14 4 0 
2 4 7 14 11 8 9 13 0 1 5 12 10 3 6 
10 12 7 11 0 14 2 1 4 6 13 5 8 3 9 
0 9 11 1 14 4 3 7 2 5 12 10 8 13 6 
10 0 12 9 5 4 7 2 8 13 1 6 11 14 3 
2 8 6 5 7 11 3 14 10 1 0 4 9 13 12 
2 5 3 13 0 10 12 14 6 7 1 8 9 4 11 
2 5 14 1 7 13 12 10 3 6 9 8 11 4 0 
12 1 8 3 10 4 5 11 6 14 7 9 2 13 0 
5 2 14 10 11 3 6 1 9 8 12 7 0 13 4 
DURACIONES
(20, 26) (58, 58) (52, 68) (38, 48) (17, 17) (66, 70) (36, 48) (47, 59) (18, 18) (40, 44) (86, 106) (17, 21) (43, 57) (57, 67) (92, 102) 
(25, 33) (55, 69) (55, 57) (29, 37) (65, 79) (70, 90) (56, 72) (79, 81) (4, 4) (36, 44) (75, 101) (67, 89) (81, 109) (29, 31) (21, 21) 
(30, 38) (58, 62) (70, 86) (47, 63) (39, 43) (3, 3) (98, 100) (32, 32) (82, 90) (24, 28) (83, 95) (4, 4) (45, 53) (40, 44) (67, 89) 
(84, 90) (3, 3) (23, 31) (63, 75) (7, 9) (26, 30) (35, 45) (66, 80) (2, 2) (70, 72) (48, 52) (89, 101) (14, 14) (57, 73) (62, 64) 
(46, 46) (37, 43) (39, 47) (47, 49) (24, 32) (15, 15) (56, 62) (51, 65) (29, 39) (51, 63) (28, 30) (39, 51) (38, 50) (25, 29) (56, 64) 
(58, 76) (29, 33) (7, 9) (20, 22) (17, 19) (41, 51) (61, 67) (25, 29) (33, 41) (82, 108) (70, 80) (18, 20) (33, 43) (80, 102) (24, 24) 
(32, 34) (45, 47) (57, 61) (68, 74) (17, 21) (72, 80) (54, 68) (28, 36) (29, 29) (24, 28) (29, 33) (25, 29) (64, 78) (44, 46) (42, 42) 
(64, 66) (26, 28) (53, 71) (72, 76) (2, 2) (64, 82) (35, 45) (35, 37) (84, 112) (6, 6) (43, 55) (59, 79) (49, 51) (55, 61) (49, 55) 
(86, 102) (69, 75) (45, 51) (21, 25) (91, 103) (83, 91) (63, 83) (24, 26) (4, 4) (35, 45) (55, 65) (11, 11) (12, 14) (61, 71) (27, 33) 
(65, 73) (49, 59) (13, 15) (58, 64) (12, 12) (64, 86) (22, 28) (40, 42) (92, 100) (21, 25) (25, 27) (59, 77) (80, 104) (70, 80) (12, 14) 
(48, 64) (38, 48) (10, 10) (57, 77) (94, 104) (44, 56) (87, 87) (4, 4) (24, 32) (25, 31) (4, 4) (55, 57) (50, 60) (77, 89) (52, 66) 
(46, 46) (63, 85) (12, 12) (86, 106) (69, 81) (15, 17) (80, 100) (75, 101) (12, 12) (77, 85) (8, 8) (25, 31) (83, 97) (19, 21) (40, 40) 
(31, 41) (82, 92) (91, 101) (22, 22) (90, 92) (37, 39) (92, 92) (15, 17) (27, 29) (42, 50) (70, 78) (31, 39) (15, 15) (52, 70) (46, 54) 
(70, 70) (45, 59) (5, 5) (45, 51) (51, 65) (44, 58) (28, 36) (53, 65) (83, 95) (62, 80) (55, 63) (11, 11) (72, 86) (29, 33) (6, 6) 
(80, 108) (33, 41) (48, 52) (83, 93) (79, 95) (61, 67) (8, 8) (16, 18) (84, 96) (13, 15) (54, 58) (25, 25) (36, 48) (16, 20) (5, 5) 
(58, 74) (55, 67) (65, 79) (22, 28) (32, 32) (40, 52) (34, 44) (81, 103) (33, 33) (49, 59) (53, 63) (25, 31) (72, 84) (54, 68) (79, 79) 
(85, 109) (31, 37) (42, 52) (67, 75) (83, 85) (75, 81) (56, 68) (90, 106) (56, 72) (83, 95) (54, 56) (85, 101) (76, 96) (80, 104) (87, 101) 
(62, 82) (40, 40) (49, 63) (31, 31) (8, 10) (13, 13) (53, 71) (55, 69) (51, 59) (2, 2) (26, 32) (64, 70) (92, 92) (27, 35) (49, 53) 
(34, 36) (35, 45) (28, 36) (37, 45) (64, 64) (86, 96) (2, 2) (8, 10) (46, 50) (76, 76) (43, 47) (11, 13) (72, 84) (7, 9) (78, 100) 
(46, 60) (93, 93) (78, 80) (92, 98) (19, 19) (28, 30) (79, 93) (57, 71) (4, 4) (63, 67) (74, 86) (39, 43) (78, 104) (33, 43) (48, 60) 
(75, 75) (70, 78) (38, 38) (92, 106) (43, 45) (58, 58) (76, 100) (32, 34) (6, 8) (39, 47) (49, 65) (40, 46) (6, 6) (13, 17) (19, 25) 
(77, 93) (39, 51) (3, 3) (15, 15) (48, 52) (24, 28) (89, 95) (60, 64) (5, 5) (68, 86) (91, 101) (57, 61) (41, 55) (11, 13) (42, 44) 
(25, 25) (13, 15) (31, 37) (33, 33) (18, 18) (89, 89) (44, 54) (72, 74) (77, 101) (68, 68) (64, 80) (96, 102) (42, 56) (67, 79) (58, 66) 
(8, 10) (39, 39) (58, 66) (68, 88) (10, 10) (87, 111) (51, 57) (53, 55) (28, 28) (21, 23) (85, 95) (8, 8) (45, 59) (48, 52) (10, 10) 
(83, 93) (85, 95) (57, 75) (10, 10) (75, 77) (61, 77) (89, 99) (54, 60) (27, 35) (2, 2) (51, 67) (16, 20) (1, 1) (68, 70) (84, 112) 
(71, 95) (23, 27) (36, 38) (24, 24) (48, 48) (52, 58) (57, 75) (29, 39) (32, 42) (73, 87) (17, 23) (68, 86) (26, 26) (66, 78) (31, 31) 
(19, 25) (30, 32) (43, 47) (11, 13) (75, 99) (17, 17) (53, 71) (14, 14) (78, 104) (7, 7) (81, 85) (51, 65) (75, 99) (30, 30) (84, 110) 
(34, 38) (59, 77) (9, 11) (16, 16) (66, 72) (75, 81) (41, 51) (29, 33) (60, 80) (91, 95) (95, 97) (31, 35) (42, 48) (70, 92) (76, 80) 
(13, 13) (18, 24) (14, 14) (72, 78) (77, 99) (14, 14) (24, 32) (81, 81) (16, 16) (76, 88) (84, 104) (52, 58) (57, 71) (69, 87) (23, 23) 
(89, 95) (12, 12) (46, 46) (2, 2) (5, 5) (52, 58) (67, 85) (4, 4) (5, 5) (43, 45) (36, 44) (85, 107) (54, 70) (31, 41) (24, 26) 
(17, 17) (79, 93) (36, 36) (10, 10) (94, 94) (56, 74) (4, 4) (34, 46) (3, 3) (12, 12) (65, 83) (98, 100) (5, 5) (67, 69) (38, 38) 
(47, 57) (44, 44) (63, 81) (23, 25) (86, 98) (88, 88) (6, 8) (80, 106) (11, 13) (63, 63) (63, 79) (75, 101) (75, 75) (17, 19) (34, 42) 
(36, 38) (64, 64) (64, 86) (34, 46) (12, 16) (43, 57) (17, 23) (20, 26) (32, 32) (17, 19) (27, 31) (55, 71) (78, 104) (62, 66) (27, 33) 
(66, 72) (15, 15) (34, 44) (20, 26) (46, 56) (56, 72) (53, 55) (29, 29) (78, 104) (15, 17) (83, 107) (14, 16) (20, 20) (22, 26) (6, 6) 
(10, 10) (47, 49) (61, 65) (70, 94) (43, 51) (51, 61) (7, 9) (49, 63) (26, 28) (73, 91) (11, 11) (10, 10) (58, 76) (78, 100) (17, 19) 
(43, 55) (10, 12) (50, 50) (22, 28) (34, 36) (73, 79) (68, 84) (1, 1) (33, 37) (65, 73) (18, 20) (4, 4) (23, 29) (47, 47) (11, 11) 
(9, 11) (15, 15) (81, 83) (50, 50) (46, 52) (54, 58) (54, 70) (55, 59) (73, 97) (26, 26) (16, 18) (31, 41) (75, 93) (8, 8) (58, 78) 
(23, 27) (19, 19) (66, 68) (24, 32) (78, 98) (64, 72) (26, 32) (56, 70) (8, 8) (5, 5) (5, 5) (44, 50) (6, 6) (2, 2) (92, 102) 
(25, 33) (61, 63) (17, 23) (50, 62) (58, 70) (75, 89) (18, 22) (11, 11) (62, 68) (66, 66) (44, 46) (56, 60) (82, 86) (68, 78) (65, 75) 
(45, 59) (58, 74) (8, 10) (81, 85) (20, 24) (74, 80) (58, 62) (24, 32) (29, 33) (12, 12) (85, 89) (81, 89) (7, 9) (82, 94) (66, 82) 
(36, 40) (31, 39) (29, 29) (65, 69) (75, 91) (57, 57) (52, 68) (4, 4) (12, 14) (50, 52) (16, 20) (75, 99) (17, 19) (77, 97) (37, 37) 
(51, 69) (18, 24) (85, 111) (73, 81) (57, 75) (75, 87) (8, 8) (52, 56) (62, 62) (37, 45) (33, 39) (70, 76) (45, 55) (1, 1) (3, 3) 
(16, 18) (23, 23) (39, 49) (61, 63) (43, 43) (48, 52) (51, 53) (17, 19) (25, 29) (16, 16) (86, 100) (88, 106) (46, 46) (74, 86) (81, 99) 
(85, 103) (39, 41) (46, 46) (18, 18) (38, 40) (48, 62) (51, 53) (17, 19) (41, 51) (5, 5) (23, 29) (38, 40) (42, 56) (90, 98) (84, 102) 
(50, 62) (44, 44) (91, 91) (58, 68) (46, 58) (54, 54) (29, 33) (86, 112) (40, 44) (6, 6) (1, 1) (81, 107) (32, 32) (80, 106) (84, 110) 
(32, 38) (25, 29) (50, 58) (59, 75) (72, 72) (90, 104) (74, 84) (12, 14) (15, 19) (54, 58) (57, 69) (85, 111) (14, 16) (16, 20) (3, 3) 
(17, 23) (47, 47) (70, 82) (54, 62) (37, 47) (68, 84) (36, 40) (7, 7) (4, 4) (23, 27) (52, 70) (3, 3) (57, 67) (8, 8) (86, 112) 
(64, 78) (84, 104) (22, 26) (69, 79) (70, 84) (82, 98) (64, 74) (42, 50) (60, 66) (71, 91) (33, 33) (60, 80) (39, 41) (90, 92) (21, 23) 
(24, 26) (57, 63) (40, 40) (72, 92) (1, 1) (83, 95) (1, 1) (12, 14) (59, 65) (91, 101) (10, 10) (78, 88) (31, 33) (52, 58) (85, 89) 
(27, 35) (59, 75) (56, 60) (44, 50) (36, 38) (47, 57) (80, 98) (14, 18) (36, 36) (74, 86) (72, 88) (85, 89) (22, 26) (39, 41) (86, 102) 
TIEMPOS MAXIMOS DE FIN
(10000, 10000) (10000, 10000) (10000, 10000) (10000, 10000) (10000, 10000) (10000, 10000) (10000, 10000) (10000, 10000) (10000, 10000) (10000, 10000) (10000, 10000) (10000, 10000) (10000, 10000) (10000, 10000) (10000, 10000) (10000, 10000) (10000, 10000) (10000, 10000) (10000, 10000) (10000, 10000) (10000, 10000) (10000, 10000) (10000, 10000) (10000, 10000) (10000, 10000) (10000, 10000) (10000, 10000) (10000, 10000) (10000, 10000) (10000, 10000) (10000, 10000) (10000, 10000) (10000, 10000) (10000, 10000) (10000, 10000) (10000, 10000) (10000, 10000) (10000, 10000) (10000, 10000) (10000, 10000) (10000, 10000) (10000, 10000) (10000, 10000) (10000, 10000) (10000, 10000) (10000, 10000) (10000, 10000) (10000, 10000) (10000, 10000) (10000, 10000) 
// Desviacion Izda: min(0%), max(15%), promedio(6.68804%)
// Desviacion Dcha: min(0%), max(15%), promedio(6.68804%)
