NUMERO DE TRABAJOS
50
NUMERO DE RECURSOS
20
SECUENCIA DE MAQUINAS
4 3 18 17 12 13 14 6 7 11 1 5 16 8 9 15 10 0 19 2 
13 5 14 18 1 19 11 6 3 7 2 8 4 10 15 12 17 9 0 16 
5 3 18 15 11 19 12 1 6 17 4 13 14 0 9 8 10 7 2 16 
13 9 6 0 7 8 1 3 15 10 5 18 2 16 4 19 11 12 17 14 
1 11 19 18 0 8 4 7 5 2 6 13 15 16 9 17 10 14 12 3 
5 9 6 13 8 17 10 19 18 4 14 11 3 12 2 16 15 1 0 7 
8 0 4 15 2 14 18 16 11 17 6 7 5 3 13 9 10 1 19 12 
5 13 1 6 17 8 0 7 10 16 15 12 2 19 14 18 11 9 4 3 
16 15 18 2 14 0 12 6 3 11 9 17 19 13 5 8 7 1 4 10 
18 12 9 5 11 6 19 14 1 4 17 16 3 8 13 15 10 2 7 0 
2 3 13 0 9 7 19 17 8 1 14 18 6 16 5 15 12 10 4 11 
7 14 16 5 19 8 1 3 11 0 17 15 2 9 18 13 10 12 6 4 
10 17 11 9 19 1 15 4 18 14 7 16 12 2 5 0 13 8 6 3 
8 2 17 19 10 14 13 16 12 11 6 18 3 9 5 0 4 7 1 15 
10 11 7 18 17 14 16 1 9 8 2 12 3 19 15 5 4 0 13 6 
5 11 9 18 12 8 2 14 1 15 7 6 16 0 4 10 19 17 3 13 
12 7 16 5 6 15 17 0 13 8 19 10 2 4 18 14 9 3 1 11 
9 4 17 14 10 0 18 2 13 16 6 19 12 8 3 7 11 1 15 5 
5 13 1 14 0 6 19 3 7 10 9 4 11 18 17 2 15 16 8 12 
4 0 13 2 1 3 15 12 11 6 9 18 5 8 19 16 17 14 7 10 
10 1 15 17 9 6 18 4 19 7 13 5 3 11 0 14 8 12 2 16 
10 11 13 7 4 17 3 9 19 14 6 2 15 16 12 18 8 5 1 0 
7 4 5 12 9 13 3 17 11 16 8 19 10 14 18 6 15 0 2 1 
18 6 19 9 17 10 14 15 16 0 11 5 13 7 2 3 12 1 8 4 
6 15 7 14 5 8 2 9 17 11 19 12 10 1 18 16 13 3 0 4 
9 4 7 18 5 1 13 10 15 3 2 19 12 11 17 14 0 6 16 8 
16 19 13 18 1 3 9 8 12 11 10 0 15 7 2 5 4 6 17 14 
7 4 17 12 15 1 3 5 11 14 8 13 19 10 18 6 9 16 2 0 
16 8 12 19 18 7 4 13 6 14 17 3 10 1 9 11 0 2 15 5 
14 4 12 19 17 9 18 8 5 13 6 2 10 15 1 11 3 0 7 16 
15 8 17 9 19 18 10 0 5 7 6 13 12 3 4 11 1 14 16 2 
16 9 12 13 6 5 11 18 17 4 10 0 3 15 1 7 8 14 19 2 
16 10 7 15 9 3 14 5 1 11 12 18 2 19 4 0 17 6 8 13 
10 6 18 14 2 7 17 8 5 1 4 15 12 3 11 13 9 0 19 16 
16 3 2 11 7 14 9 15 1 6 10 18 0 19 5 13 8 17 12 4 
4 13 3 15 19 10 18 11 14 16 1 2 9 6 5 7 8 12 17 0 
4 3 18 2 0 17 14 8 15 13 9 16 1 5 19 11 10 7 12 6 
12 14 5 2 3 9 7 11 13 10 4 18 0 15 1 16 8 17 19 6 
13 0 11 8 18 17 10 19 16 15 6 1 5 4 14 2 12 9 3 7 
3 0 13 8 5 1 7 4 17 11 10 12 2 19 16 9 14 6 15 18 
7 19 15 5 3 1 12 11 4 0 8 16 17 2 10 18 9 6 14 13 
9 19 8 3 17 10 16 13 11 14 0 15 1 12 7 4 2 6 18 5 
19 13 11 6 2 12 7 14 0 15 8 17 16 18 1 3 5 9 10 4 
8 10 17 16 18 9 15 1 5 6 2 3 7 0 19 12 11 13 4 14 
11 8 10 7 0 15 5 17 19 18 16 2 3 14 6 9 1 13 4 12 
11 14 13 1 9 5 7 18 4 2 19 15 0 17 12 6 16 10 3 8 
6 15 19 16 5 12 11 4 0 2 3 8 10 7 1 17 14 18 9 13 
12 15 14 3 1 2 9 11 16 6 10 17 8 18 4 13 0 5 19 7 
6 9 10 11 12 18 0 4 1 2 13 8 16 7 3 14 5 19 15 17 
3 2 8 19 15 13 6 4 14 16 10 5 17 7 11 18 1 9 12 0 
DURACIONES
(7, 9) (41, 41) (4, 4) (46, 58) (41, 53) (64, 70) (63, 67) (16, 20) (64, 82) (10, 10) (66, 74) (60, 72) (58, 70) (46, 60) (31, 37) (27, 29) (63, 85) (35, 45) (8, 8) (26, 34) 
(33, 41) (80, 102) (85, 109) (6, 6) (48, 48) (81, 99) (28, 36) (11, 13) (80, 106) (14, 16) (33, 33) (5, 5) (2, 2) (10, 12) (92, 100) (14, 18) (70, 94) (47, 51) (48, 48) (80, 82) 
(11, 11) (62, 78) (4, 4) (86, 98) (17, 19) (39, 43) (66, 88) (5, 5) (47, 51) (80, 108) (30, 34) (59, 75) (2, 2) (15, 17) (18, 24) (62, 76) (88, 90) (31, 33) (6, 6) (31, 35) 
(86, 88) (3, 3) (72, 92) (43, 45) (16, 16) (49, 59) (8, 10) (48, 50) (24, 32) (69, 71) (81, 89) (30, 38) (46, 60) (33, 41) (56, 62) (57, 75) (35, 47) (88, 104) (79, 89) (47, 61) 
(1, 1) (29, 33) (64, 82) (33, 37) (76, 86) (75, 93) (33, 35) (50, 56) (65, 81) (26, 34) (59, 67) (69, 83) (53, 71) (12, 16) (30, 30) (30, 32) (87, 91) (27, 29) (88, 96) (3, 3) 
(57, 71) (44, 48) (71, 91) (33, 43) (46, 46) (64, 74) (10, 10) (25, 29) (33, 39) (92, 96) (53, 53) (31, 31) (14, 16) (51, 67) (30, 32) (6, 6) (1, 1) (24, 32) (38, 48) (90, 94) 
(23, 31) (68, 88) (9, 11) (19, 19) (84, 94) (86, 96) (39, 45) (13, 13) (70, 80) (2, 2) (32, 40) (13, 15) (57, 61) (12, 16) (9, 9) (30, 38) (3, 3) (79, 91) (43, 45) (87, 101) 
(7, 9) (82, 98) (36, 40) (21, 25) (63, 75) (33, 35) (13, 13) (53, 71) (33, 43) (72, 76) (65, 69) (42, 48) (60, 64) (28, 36) (75, 97) (56, 62) (73, 95) (57, 75) (33, 41) (52, 52) 
(39, 51) (29, 31) (20, 26) (7, 7) (80, 104) (64, 80) (33, 35) (58, 68) (63, 73) (31, 41) (74, 76) (9, 11) (26, 28) (80, 98) (29, 33) (80, 96) (41, 51) (31, 41) (66, 76) (22, 24) 
(68, 76) (33, 39) (5, 5) (91, 105) (36, 40) (99, 99) (79, 105) (87, 97) (60, 66) (20, 20) (42, 42) (75, 79) (71, 71) (3, 3) (75, 85) (90, 100) (77, 91) (31, 33) (29, 35) (66, 66) 
(54, 72) (14, 16) (66, 66) (14, 18) (48, 54) (23, 29) (21, 27) (68, 88) (48, 60) (62, 70) (45, 57) (28, 32) (35, 39) (66, 78) (70, 84) (10, 12) (30, 36) (29, 31) (34, 38) (22, 26) 
(74, 82) (71, 79) (33, 37) (10, 10) (74, 88) (1, 1) (27, 29) (58, 58) (68, 92) (54, 68) (46, 58) (67, 81) (15, 19) (10, 12) (63, 65) (59, 79) (23, 31) (81, 103) (79, 79) (81, 97) 
(23, 27) (17, 21) (49, 57) (32, 40) (53, 53) (23, 31) (7, 9) (21, 25) (81, 91) (31, 31) (2, 2) (91, 99) (49, 57) (27, 31) (30, 40) (26, 30) (1, 1) (70, 72) (52, 62) (49, 63) 
(10, 12) (52, 60) (55, 73) (45, 45) (83, 109) (92, 96) (42, 54) (78, 80) (41, 55) (52, 64) (30, 34) (51, 65) (13, 13) (95, 95) (34, 44) (20, 22) (18, 18) (74, 92) (40, 50) (63, 75) 
(88, 88) (24, 26) (8, 10) (80, 86) (12, 12) (76, 82) (35, 47) (82, 96) (82, 104) (41, 51) (21, 27) (41, 41) (58, 60) (54, 58) (19, 19) (12, 12) (31, 37) (70, 90) (78, 84) (48, 54) 
(21, 23) (42, 56) (63, 83) (53, 65) (48, 48) (72, 80) (78, 78) (64, 74) (64, 68) (27, 27) (64, 82) (44, 48) (37, 47) (49, 57) (53, 71) (37, 41) (13, 17) (4, 4) (66, 86) (48, 58) 
(83, 109) (88, 94) (67, 75) (54, 66) (58, 62) (58, 62) (39, 49) (17, 19) (78, 86) (78, 102) (67, 87) (90, 96) (24, 24) (6, 6) (71, 83) (51, 61) (80, 84) (15, 15) (85, 85) (37, 45) 
(4, 4) (8, 8) (9, 11) (4, 4) (23, 23) (15, 19) (32, 34) (43, 57) (22, 26) (12, 12) (25, 33) (65, 65) (40, 46) (59, 77) (64, 68) (71, 93) (21, 23) (87, 91) (57, 59) (24, 26) 
(4, 4) (13, 15) (58, 66) (37, 49) (47, 51) (17, 19) (86, 96) (78, 88) (46, 60) (35, 35) (78, 80) (55, 69) (40, 44) (16, 18) (53, 71) (34, 44) (67, 85) (42, 44) (8, 10) (34, 44) 
(1, 1) (91, 105) (75, 79) (28, 28) (3, 3) (8, 8) (41, 45) (46, 60) (4, 4) (70, 90) (69, 93) (90, 106) (53, 69) (80, 102) (32, 32) (59, 71) (52, 52) (25, 33) (48, 50) (1, 1) 
(38, 42) (78, 100) (57, 73) (30, 30) (20, 26) (47, 47) (83, 111) (28, 28) (3, 3) (5, 5) (4, 4) (83, 87) (29, 39) (21, 27) (86, 88) (54, 72) (51, 57) (47, 61) (23, 31) (91, 99) 
(48, 52) (23, 25) (33, 41) (93, 105) (12, 16) (97, 101) (25, 25) (59, 69) (68, 78) (56, 72) (24, 24) (86, 86) (9, 11) (75, 77) (54, 58) (71, 91) (62, 62) (42, 56) (19, 19) (78, 78) 
(68, 78) (68, 84) (30, 32) (4, 4) (9, 11) (21, 27) (67, 67) (55, 59) (24, 26) (72, 72) (29, 31) (27, 35) (76, 82) (12, 14) (36, 46) (74, 96) (69, 89) (58, 64) (45, 45) (3, 3) 
(67, 77) (49, 49) (50, 50) (95, 95) (69, 93) (69, 91) (47, 53) (36, 46) (47, 49) (67, 69) (15, 15) (26, 32) (68, 68) (73, 93) (68, 76) (24, 26) (56, 56) (17, 21) (68, 92) (55, 65) 
(68, 68) (27, 33) (33, 43) (23, 23) (5, 5) (61, 69) (1, 1) (16, 20) (60, 62) (51, 51) (38, 50) (55, 73) (86, 110) (85, 113) (55, 73) (76, 98) (90, 90) (63, 69) (92, 106) (6, 8) 
(80, 108) (58, 62) (17, 21) (38, 42) (45, 47) (6, 8) (6, 8) (78, 94) (28, 36) (3, 3) (25, 25) (88, 90) (51, 67) (62, 76) (78, 100) (61, 69) (9, 9) (69, 85) (35, 35) (41, 43) 
(90, 96) (71, 95) (73, 85) (33, 39) (13, 17) (38, 50) (43, 47) (10, 12) (44, 50) (2, 2) (82, 86) (45, 57) (23, 29) (56, 68) (47, 61) (65, 77) (86, 86) (55, 73) (59, 63) (37, 39) 
(78, 98) (35, 39) (35, 39) (33, 39) (51, 67) (14, 14) (84, 94) (84, 102) (6, 6) (45, 49) (44, 44) (1, 1) (82, 82) (78, 90) (49, 51) (18, 24) (4, 4) (19, 21) (84, 112) (37, 37) 
(59, 71) (4, 4) (84, 112) (26, 32) (22, 22) (1, 1) (60, 80) (80, 98) (70, 76) (5, 5) (15, 15) (29, 37) (20, 26) (60, 66) (18, 22) (25, 31) (31, 31) (58, 66) (85, 95) (46, 60) 
(5, 5) (50, 52) (80, 100) (81, 101) (22, 26) (90, 106) (28, 34) (87, 93) (3, 3) (53, 59) (5, 5) (41, 41) (73, 77) (55, 59) (48, 50) (69, 81) (1, 1) (62, 70) (56, 74) (51, 65) 
(78, 92) (42, 44) (87, 103) (40, 44) (49, 51) (28, 36) (35, 39) (8, 8) (67, 69) (78, 86) (69, 87) (11, 11) (41, 49) (30, 34) (58, 74) (41, 41) (52, 54) (82, 100) (65, 65) (77, 99) 
(79, 95) (16, 16) (37, 49) (75, 97) (61, 73) (73, 91) (69, 71) (56, 74) (48, 64) (46, 60) (21, 23) (15, 19) (86, 102) (58, 64) (67, 71) (73, 73) (30, 36) (64, 74) (34, 38) (58, 70) 
(79, 91) (6, 6) (31, 31) (20, 26) (33, 33) (4, 4) (68, 70) (58, 64) (49, 51) (24, 30) (23, 27) (10, 10) (24, 28) (24, 28) (42, 42) (9, 9) (65, 79) (27, 33) (89, 93) (83, 83) 
(43, 45) (74, 80) (44, 58) (48, 50) (34, 40) (17, 23) (61, 77) (91, 99) (72, 96) (41, 45) (77, 95) (77, 95) (57, 57) (29, 29) (65, 75) (82, 106) (38, 38) (36, 42) (52, 70) (57, 63) 
(32, 42) (22, 22) (48, 64) (75, 101) (86, 104) (18, 20) (86, 98) (56, 72) (25, 25) (64, 74) (35, 39) (8, 10) (73, 91) (65, 69) (82, 98) (45, 59) (60, 68) (22, 28) (53, 71) (39, 39) 
(62, 74) (34, 38) (76, 94) (33, 41) (62, 70) (31, 31) (32, 38) (83, 111) (70, 82) (22, 22) (39, 51) (72, 88) (81, 99) (44, 52) (5, 5) (52, 60) (46, 54) (60, 72) (50, 58) (49, 57) 
(82, 90) (18, 24) (36, 36) (36, 48) (65, 69) (38, 38) (27, 29) (56, 60) (39, 43) (1, 1) (67, 67) (40, 50) (24, 26) (17, 19) (12, 12) (67, 75) (49, 49) (26, 30) (20, 22) (50, 54) 
(91, 95) (83, 111) (31, 39) (68, 74) (58, 66) (48, 50) (73, 89) (54, 66) (57, 71) (50, 50) (31, 35) (36, 42) (7, 7) (40, 48) (52, 54) (18, 22) (82, 110) (49, 49) (22, 24) (63, 77) 
(15, 15) (20, 24) (39, 41) (11, 13) (18, 20) (5, 5) (31, 33) (78, 92) (47, 49) (43, 49) (84, 110) (4, 4) (85, 109) (84, 106) (82, 98) (2, 2) (59, 79) (81, 109) (67, 69) (18, 18) 
(46, 58) (51, 63) (60, 74) (66, 68) (88, 94) (71, 93) (77, 95) (25, 33) (8, 8) (34, 36) (57, 73) (12, 14) (90, 94) (26, 30) (75, 79) (87, 111) (28, 32) (15, 17) (31, 31) (34, 36) 
(81, 89) (23, 25) (51, 69) (55, 65) (77, 101) (99, 99) (84, 92) (14, 16) (43, 47) (58, 62) (33, 43) (43, 45) (37, 39) (4, 4) (93, 97) (26, 28) (26, 28) (15, 15) (66, 86) (46, 60) 
(13, 17) (61, 67) (27, 31) (72, 72) (94, 102) (65, 81) (26, 30) (24, 26) (30, 40) (51, 63) (25, 27) (35, 41) (39, 45) (17, 21) (73, 77) (2, 2) (79, 93) (43, 49) (80, 88) (5, 5) 
(57, 57) (4, 4) (71, 95) (12, 14) (74, 86) (44, 46) (6, 6) (46, 46) (60, 66) (88, 100) (51, 57) (68, 70) (67, 71) (40, 46) (59, 65) (6, 6) (13, 17) (33, 37) (58, 66) (39, 49) 
(52, 62) (57, 77) (79, 81) (77, 83) (59, 63) (78, 90) (78, 102) (60, 66) (25, 27) (90, 106) (88, 100) (92, 92) (73, 95) (14, 18) (21, 27) (66, 68) (40, 54) (33, 37) (72, 86) (87, 111) 
(54, 72) (39, 51) (48, 50) (35, 41) (29, 35) (82, 92) (41, 41) (30, 36) (18, 18) (38, 42) (48, 52) (83, 85) (35, 37) (87, 111) (73, 81) (15, 17) (49, 55) (19, 21) (59, 61) (61, 71) 
(1, 1) (22, 26) (33, 41) (50, 58) (36, 42) (47, 53) (36, 40) (68, 90) (80, 96) (32, 38) (51, 65) (67, 87) (38, 48) (96, 100) (49, 55) (70, 76) (39, 51) (40, 50) (78, 90) (69, 91) 
(23, 29) (9, 9) (92, 92) (67, 73) (87, 87) (29, 37) (13, 15) (79, 87) (33, 35) (92, 104) (5, 5) (97, 101) (88, 98) (84, 104) (38, 48) (36, 36) (26, 26) (10, 12) (25, 31) (16, 16) 
(17, 21) (53, 63) (27, 33) (64, 80) (38, 40) (23, 31) (18, 18) (39, 49) (19, 21) (74, 100) (80, 84) (51, 51) (77, 79) (20, 20) (18, 20) (34, 38) (41, 43) (75, 75) (75, 95) (88, 102) 
(40, 42) (42, 50) (79, 83) (17, 17) (23, 27) (77, 83) (40, 42) (25, 33) (86, 112) (13, 15) (28, 28) (25, 25) (54, 62) (22, 26) (53, 65) (39, 51) (16, 18) (53, 53) (14, 18) (79, 93) 
(27, 33) (3, 3) (25, 31) (81, 103) (74, 100) (24, 32) (26, 34) (68, 70) (17, 23) (87, 101) (85, 109) (88, 94) (5, 5) (14, 18) (85, 91) (46, 48) (58, 74) (66, 68) (15, 15) (29, 29) 
TIEMPOS MAXIMOS DE FIN
(10000, 10000) (10000, 10000) (10000, 10000) (10000, 10000) (10000, 10000) (10000, 10000) (10000, 10000) (10000, 10000) (10000, 10000) (10000, 10000) (10000, 10000) (10000, 10000) (10000, 10000) (10000, 10000) (10000, 10000) (10000, 10000) (10000, 10000) (10000, 10000) (10000, 10000) (10000, 10000) (10000, 10000) (10000, 10000) (10000, 10000) (10000, 10000) (10000, 10000) (10000, 10000) (10000, 10000) (10000, 10000) (10000, 10000) (10000, 10000) (10000, 10000) (10000, 10000) (10000, 10000) (10000, 10000) (10000, 10000) (10000, 10000) (10000, 10000) (10000, 10000) (10000, 10000) (10000, 10000) (10000, 10000) (10000, 10000) (10000, 10000) (10000, 10000) (10000, 10000) (10000, 10000) (10000, 10000) (10000, 10000) (10000, 10000) (10000, 10000) 
// Desviacion Izda: min(0%), max(15%), promedio(6.62182%)
// Desviacion Dcha: min(0%), max(15%), promedio(6.62182%)
