NUMERO DE TRABAJOS
50
NUMERO DE RECURSOS
15
SECUENCIA DE MAQUINAS
10 4 0 6 2 3 12 1 5 11 8 7 14 13 9 
14 5 2 6 3 7 9 8 0 1 13 10 12 11 4 
11 14 2 5 7 13 12 0 3 9 10 4 6 1 8 
6 3 4 9 2 0 12 7 5 11 10 13 1 8 14 
1 10 0 9 5 4 7 12 11 3 13 14 6 8 2 
2 0 8 4 12 9 6 14 13 5 3 1 7 10 11 
0 11 2 13 8 4 10 12 14 7 1 6 3 5 9 
3 2 4 10 6 12 5 13 8 9 14 11 0 1 7 
12 10 1 4 7 9 6 2 3 11 14 5 13 0 8 
12 5 14 7 10 9 6 4 3 8 11 2 13 0 1 
10 5 14 3 2 13 7 4 9 12 11 6 8 0 1 
5 0 14 10 9 6 11 12 8 2 1 13 7 3 4 
1 12 3 5 0 8 11 9 2 4 13 14 7 6 10 
8 11 10 6 5 0 4 1 14 7 12 2 3 13 9 
6 7 1 2 10 14 12 8 9 0 13 4 3 5 11 
1 8 10 4 6 7 13 14 12 5 3 0 2 9 11 
1 0 8 3 12 2 6 4 14 11 10 13 7 9 5 
2 7 14 4 9 10 3 5 6 13 12 11 8 1 0 
6 4 1 12 0 14 3 8 2 7 13 10 11 5 9 
8 0 14 3 7 6 1 13 5 11 12 2 9 4 10 
11 13 7 14 1 12 4 5 3 9 8 10 0 2 6 
12 4 1 13 6 0 5 8 3 10 11 14 7 2 9 
2 9 10 7 11 4 8 0 5 3 6 12 13 14 1 
5 9 3 1 2 12 0 7 14 4 10 11 6 13 8 
5 12 4 11 9 14 8 1 3 2 10 0 7 6 13 
14 10 2 3 0 9 11 12 7 6 1 5 13 8 4 
14 2 9 1 7 5 8 3 4 12 0 6 11 13 10 
8 14 11 7 6 9 12 10 0 4 1 5 3 13 2 
2 12 4 13 14 6 9 3 5 1 0 8 7 11 10 
13 3 1 6 10 11 9 14 0 7 5 12 4 2 8 
3 1 11 6 12 7 10 14 5 13 8 0 2 4 9 
0 2 4 13 5 10 3 11 7 1 14 9 12 6 8 
9 10 12 5 6 14 2 0 7 3 4 1 13 11 8 
4 8 0 11 2 9 7 12 1 10 3 5 13 14 6 
2 14 1 11 0 6 4 3 10 5 12 7 9 8 13 
2 6 9 4 1 0 14 7 3 8 13 10 5 12 11 
7 3 8 13 9 10 11 4 5 1 14 2 6 12 0 
9 7 3 6 4 8 1 11 14 13 12 5 0 2 10 
2 10 0 5 1 3 14 4 12 13 8 7 6 11 9 
4 14 13 0 5 2 10 7 9 1 11 12 3 8 6 
14 3 1 13 5 6 8 4 0 9 2 10 12 7 11 
1 9 5 12 7 0 11 3 14 6 10 2 4 8 13 
2 10 1 11 6 13 12 7 3 8 5 14 9 4 0 
7 12 14 11 9 1 5 13 3 8 4 6 2 10 0 
4 0 2 5 11 13 10 14 6 8 9 7 3 12 1 
9 7 6 10 13 1 8 5 11 14 12 0 3 4 2 
7 5 9 14 4 2 1 0 12 13 6 10 8 11 3 
11 1 0 4 9 2 3 10 5 6 13 14 12 8 7 
7 8 4 14 5 2 10 0 12 6 13 9 11 1 3 
11 6 9 13 7 2 0 3 12 4 14 5 10 1 8 
DURACIONES
(40, 52) (43, 43) (22, 28) (88, 110) (86, 94) (21, 21) (23, 31) (15, 19) (16, 16) (83, 93) (58, 70) (8, 10) (43, 57) (51, 59) (21, 23) 
(8, 10) (35, 43) (57, 59) (14, 18) (88, 108) (51, 65) (71, 91) (51, 51) (9, 11) (27, 35) (42, 56) (56, 74) (46, 50) (61, 63) (46, 56) 
(52, 56) (42, 50) (82, 110) (44, 48) (16, 16) (17, 17) (69, 75) (46, 56) (31, 35) (84, 98) (17, 19) (73, 95) (84, 90) (27, 35) (47, 55) 
(3, 3) (83, 105) (85, 97) (2, 2) (44, 56) (80, 98) (77, 79) (5, 5) (29, 31) (10, 10) (22, 22) (67, 85) (49, 51) (45, 45) (26, 30) 
(5, 5) (48, 58) (56, 58) (12, 16) (89, 91) (8, 8) (46, 58) (65, 87) (53, 65) (14, 16) (34, 44) (34, 46) (49, 59) (53, 61) (45, 59) 
(29, 33) (2, 2) (49, 63) (61, 67) (52, 58) (86, 106) (6, 6) (35, 37) (27, 31) (50, 64) (75, 97) (65, 73) (49, 59) (65, 87) (78, 100) 
(38, 40) (7, 7) (32, 32) (71, 77) (86, 94) (59, 73) (72, 80) (47, 59) (40, 52) (27, 27) (77, 89) (46, 52) (68, 76) (20, 24) (52, 54) 
(83, 83) (18, 18) (82, 90) (77, 101) (90, 96) (54, 72) (30, 38) (95, 99) (72, 96) (53, 69) (28, 36) (47, 49) (22, 24) (76, 86) (56, 66) 
(31, 33) (11, 11) (16, 20) (51, 57) (92, 100) (57, 77) (70, 76) (53, 69) (14, 16) (65, 69) (31, 37) (34, 40) (59, 71) (41, 47) (29, 35) 
(73, 85) (22, 24) (49, 53) (51, 69) (8, 10) (53, 55) (82, 88) (81, 95) (80, 86) (48, 62) (75, 99) (87, 99) (69, 91) (62, 82) (5, 5) 
(47, 61) (54, 54) (46, 62) (56, 62) (43, 55) (68, 68) (48, 64) (8, 10) (23, 23) (53, 63) (81, 95) (71, 93) (10, 10) (74, 100) (52, 56) 
(65, 79) (78, 90) (26, 32) (53, 65) (51, 69) (91, 105) (39, 43) (82, 92) (24, 30) (29, 33) (75, 83) (69, 69) (55, 73) (81, 91) (73, 81) 
(69, 73) (61, 61) (32, 34) (55, 55) (78, 88) (9, 9) (79, 95) (18, 20) (44, 54) (68, 68) (4, 4) (21, 27) (37, 45) (49, 49) (66, 88) 
(34, 38) (20, 26) (31, 41) (35, 47) (50, 62) (63, 73) (71, 91) (46, 52) (42, 48) (61, 73) (81, 97) (51, 69) (1, 1) (52, 64) (27, 29) 
(41, 45) (69, 83) (40, 44) (56, 62) (47, 53) (3, 3) (25, 27) (37, 45) (63, 69) (52, 52) (7, 9) (30, 36) (35, 45) (36, 42) (45, 55) 
(56, 74) (30, 30) (42, 56) (12, 16) (57, 71) (34, 34) (32, 38) (60, 72) (14, 18) (41, 49) (32, 40) (80, 80) (5, 5) (2, 2) (55, 71) 
(49, 57) (6, 8) (32, 36) (53, 53) (41, 45) (78, 92) (8, 10) (56, 72) (86, 98) (64, 66) (14, 16) (1, 1) (6, 6) (83, 107) (71, 93) 
(11, 11) (3, 3) (29, 37) (62, 62) (61, 79) (6, 6) (3, 3) (35, 35) (50, 64) (75, 77) (33, 43) (25, 31) (72, 84) (6, 8) (17, 17) 
(40, 40) (47, 63) (20, 22) (11, 11) (52, 64) (7, 9) (35, 41) (19, 19) (24, 26) (49, 61) (38, 40) (91, 93) (29, 31) (82, 106) (36, 42) 
(29, 39) (16, 20) (85, 113) (28, 28) (2, 2) (40, 42) (34, 36) (6, 6) (68, 72) (4, 4) (92, 98) (54, 64) (6, 8) (84, 92) (66, 76) 
(38, 40) (41, 55) (23, 31) (24, 30) (23, 23) (76, 84) (35, 35) (62, 72) (21, 23) (85, 85) (61, 79) (34, 38) (38, 48) (73, 87) (51, 69) 
(14, 16) (19, 25) (82, 104) (77, 93) (8, 10) (37, 39) (93, 103) (23, 27) (62, 66) (44, 46) (85, 107) (34, 38) (36, 38) (40, 52) (77, 101) 
(22, 24) (20, 20) (43, 49) (83, 99) (44, 46) (67, 67) (6, 6) (69, 69) (74, 90) (75, 77) (5, 5) (62, 80) (82, 82) (62, 78) (70, 74) 
(31, 41) (85, 101) (22, 24) (12, 14) (80, 80) (41, 47) (82, 108) (78, 84) (39, 49) (42, 46) (83, 87) (57, 59) (58, 66) (17, 19) (87, 101) 
(51, 69) (64, 72) (80, 88) (33, 37) (87, 97) (53, 71) (92, 96) (88, 90) (1, 1) (42, 54) (34, 38) (33, 37) (24, 32) (32, 42) (36, 46) 
(61, 63) (30, 40) (53, 71) (14, 16) (8, 8) (18, 18) (21, 21) (27, 29) (62, 82) (57, 73) (70, 94) (15, 17) (34, 46) (82, 104) (41, 41) 
(11, 13) (14, 14) (46, 60) (20, 20) (95, 103) (26, 34) (41, 55) (9, 9) (44, 58) (12, 12) (51, 69) (51, 51) (78, 82) (70, 92) (8, 10) 
(60, 62) (53, 71) (31, 35) (53, 69) (64, 82) (3, 3) (1, 1) (19, 19) (77, 83) (38, 42) (14, 18) (22, 24) (6, 8) (81, 83) (4, 4) 
(12, 12) (70, 82) (87, 103) (55, 71) (51, 53) (60, 60) (76, 96) (66, 68) (25, 27) (22, 28) (85, 85) (11, 13) (86, 86) (92, 92) (68, 78) 
(51, 63) (53, 59) (42, 52) (86, 110) (55, 55) (3, 3) (28, 30) (31, 35) (24, 24) (87, 97) (45, 57) (64, 68) (35, 41) (17, 21) (52, 66) 
(11, 13) (51, 57) (72, 74) (31, 35) (23, 23) (74, 76) (69, 69) (80, 106) (56, 72) (44, 48) (39, 49) (80, 82) (1, 1) (77, 79) (98, 98) 
(20, 24) (95, 95) (24, 32) (8, 8) (55, 63) (63, 63) (77, 97) (72, 96) (20, 24) (43, 43) (76, 94) (85, 113) (9, 9) (11, 11) (70, 88) 
(2, 2) (20, 20) (49, 49) (28, 36) (42, 56) (15, 19) (61, 81) (69, 89) (22, 28) (78, 78) (32, 34) (19, 21) (74, 94) (51, 69) (65, 69) 
(11, 13) (43, 47) (78, 84) (25, 33) (35, 47) (79, 95) (50, 64) (66, 70) (78, 80) (83, 111) (15, 17) (53, 69) (59, 67) (25, 25) (46, 56) 
(41, 41) (33, 33) (77, 83) (65, 87) (68, 80) (3, 3) (50, 60) (28, 36) (17, 23) (74, 80) (53, 67) (58, 66) (68, 72) (59, 77) (80, 102) 
(87, 105) (12, 14) (67, 79) (16, 16) (6, 6) (20, 26) (85, 91) (69, 75) (33, 41) (32, 34) (93, 103) (13, 15) (69, 93) (83, 85) (89, 101) 
(75, 93) (45, 49) (17, 17) (38, 38) (11, 11) (32, 34) (42, 56) (9, 9) (44, 58) (26, 26) (90, 108) (16, 20) (36, 46) (27, 29) (6, 8) 
(1, 1) (12, 16) (33, 35) (48, 50) (10, 12) (69, 87) (8, 8) (7, 9) (61, 75) (38, 38) (67, 77) (66, 74) (28, 36) (80, 82) (77, 95) 
(83, 103) (31, 37) (6, 6) (91, 107) (4, 4) (26, 32) (24, 24) (80, 88) (53, 53) (17, 17) (48, 52) (52, 54) (22, 26) (55, 63) (53, 71) 
(58, 76) (68, 82) (87, 91) (75, 89) (38, 40) (79, 85) (30, 40) (55, 61) (59, 67) (4, 4) (63, 65) (8, 8) (27, 33) (50, 56) (66, 82) 
(42, 46) (15, 19) (26, 26) (71, 75) (31, 37) (38, 38) (40, 50) (65, 77) (16, 16) (82, 110) (75, 97) (27, 33) (41, 51) (26, 26) (6, 8) 
(39, 51) (14, 18) (91, 101) (58, 78) (44, 52) (29, 31) (77, 81) (90, 90) (76, 92) (44, 52) (75, 83) (13, 15) (39, 45) (82, 82) (23, 29) 
(1, 1) (61, 63) (45, 45) (3, 3) (7, 7) (15, 15) (20, 24) (66, 76) (19, 19) (80, 94) (50, 60) (12, 12) (47, 53) (9, 11) (33, 39) 
(69, 73) (3, 3) (61, 61) (33, 35) (57, 63) (63, 81) (34, 34) (31, 35) (60, 78) (32, 40) (85, 91) (1, 1) (3, 3) (85, 111) (86, 94) 
(75, 93) (45, 55) (74, 74) (16, 16) (80, 92) (28, 36) (2, 2) (22, 22) (20, 24) (63, 83) (15, 17) (7, 9) (64, 64) (60, 80) (71, 95) 
(52, 62) (20, 24) (40, 46) (2, 2) (9, 11) (37, 37) (43, 49) (83, 95) (28, 34) (24, 30) (46, 48) (77, 93) (74, 98) (75, 87) (33, 43) 
(34, 44) (14, 14) (59, 69) (81, 93) (30, 38) (30, 36) (35, 39) (78, 78) (77, 91) (23, 31) (43, 49) (93, 93) (65, 85) (63, 77) (8, 10) 
(23, 27) (78, 90) (14, 16) (54, 64) (79, 91) (49, 57) (28, 30) (62, 78) (50, 50) (80, 106) (23, 23) (96, 100) (2, 2) (17, 17) (83, 91) 
(11, 11) (7, 7) (62, 78) (18, 20) (12, 14) (22, 24) (89, 99) (2, 2) (55, 55) (88, 98) (74, 80) (88, 96) (38, 40) (29, 37) (66, 84) 
(28, 30) (56, 64) (27, 27) (51, 63) (71, 87) (59, 75) (66, 66) (21, 23) (24, 30) (20, 20) (5, 5) (39, 47) (77, 81) (8, 10) (73, 97) 
TIEMPOS MAXIMOS DE FIN
(10000, 10000) (10000, 10000) (10000, 10000) (10000, 10000) (10000, 10000) (10000, 10000) (10000, 10000) (10000, 10000) (10000, 10000) (10000, 10000) (10000, 10000) (10000, 10000) (10000, 10000) (10000, 10000) (10000, 10000) (10000, 10000) (10000, 10000) (10000, 10000) (10000, 10000) (10000, 10000) (10000, 10000) (10000, 10000) (10000, 10000) (10000, 10000) (10000, 10000) (10000, 10000) (10000, 10000) (10000, 10000) (10000, 10000) (10000, 10000) (10000, 10000) (10000, 10000) (10000, 10000) (10000, 10000) (10000, 10000) (10000, 10000) (10000, 10000) (10000, 10000) (10000, 10000) (10000, 10000) (10000, 10000) (10000, 10000) (10000, 10000) (10000, 10000) (10000, 10000) (10000, 10000) (10000, 10000) (10000, 10000) (10000, 10000) (10000, 10000) 
// Desviacion Izda: min(0%), max(15%), promedio(6.71832%)
// Desviacion Dcha: min(0%), max(15%), promedio(6.71832%)
