NUMERO DE TRABAJOS
50
NUMERO DE RECURSOS
15
SECUENCIA DE MAQUINAS
2 10 12 8 9 0 14 13 6 7 4 11 3 5 1 
3 1 10 12 0 2 9 8 13 11 6 14 5 4 7 
8 0 2 1 3 7 13 6 4 10 12 11 5 9 14 
10 4 1 6 12 3 5 11 14 2 13 9 8 0 7 
2 1 14 8 11 13 12 6 5 3 7 4 9 0 10 
11 12 9 7 14 6 2 1 4 0 3 8 10 13 5 
0 8 12 1 5 4 7 14 10 2 11 9 13 3 6 
3 7 13 9 12 8 10 11 4 2 0 5 1 6 14 
13 12 9 6 3 14 2 8 10 11 4 1 5 7 0 
9 10 8 12 13 11 1 5 2 7 14 6 3 0 4 
7 3 2 8 6 10 5 1 13 0 12 11 14 4 9 
8 12 1 2 14 4 10 5 6 9 0 13 11 7 3 
9 13 3 14 5 2 11 0 6 8 4 12 10 7 1 
12 3 5 8 7 13 6 1 14 0 11 2 4 10 9 
6 4 1 5 3 9 0 7 14 11 10 8 13 12 2 
1 8 0 9 10 13 7 5 4 6 14 11 12 3 2 
7 13 1 9 6 10 2 8 12 4 11 14 5 3 0 
13 3 2 4 0 8 12 11 7 6 10 1 14 9 5 
4 9 1 6 0 5 13 2 12 3 10 14 7 8 11 
0 3 2 13 12 10 5 14 1 6 11 8 9 4 7 
4 1 13 9 10 0 7 8 14 6 3 11 5 12 2 
12 6 10 0 5 3 13 1 11 8 14 9 2 7 4 
9 6 3 0 12 2 5 7 8 13 14 4 10 11 1 
0 3 8 13 11 12 14 7 9 6 10 1 2 4 5 
2 5 0 12 13 9 3 11 10 8 4 7 6 1 14 
13 2 4 6 12 9 7 1 11 3 8 14 5 10 0 
0 11 8 4 7 6 13 1 5 3 9 10 2 14 12 
10 5 0 9 1 13 3 7 4 6 12 8 14 11 2 
1 8 4 10 13 3 12 0 14 9 6 11 7 2 5 
8 13 6 3 1 7 9 0 12 14 2 4 10 5 11 
4 3 12 1 13 0 6 8 14 2 7 9 11 10 5 
0 8 1 7 14 5 4 10 9 12 6 2 13 3 11 
3 6 12 11 0 2 5 1 14 8 13 4 9 10 7 
5 4 14 7 0 8 13 2 12 9 1 6 11 10 3 
6 9 12 11 2 1 8 5 14 10 4 7 13 3 0 
10 2 4 0 14 12 13 1 8 5 9 6 7 11 3 
11 4 8 6 2 7 14 12 5 3 0 1 9 13 10 
14 7 2 11 0 4 9 8 5 6 10 3 13 12 1 
0 14 11 4 2 6 5 13 12 1 10 7 8 9 3 
2 5 13 8 11 12 6 4 9 10 14 7 0 1 3 
1 9 4 5 2 0 13 7 6 11 3 12 8 10 14 
6 4 11 8 10 7 5 13 3 1 12 2 9 14 0 
12 2 6 5 14 10 8 0 9 7 1 4 11 13 3 
14 9 5 1 0 3 6 7 2 13 12 10 11 4 8 
9 4 1 14 7 6 0 10 12 5 13 8 11 3 2 
2 5 8 12 0 10 6 9 4 3 1 7 14 13 11 
10 3 9 14 13 5 2 0 4 6 12 7 11 8 1 
7 10 9 14 5 12 8 11 3 2 13 0 6 4 1 
7 0 2 3 11 14 5 12 4 9 1 13 8 10 6 
9 2 6 8 7 12 0 3 14 13 10 11 1 5 4 
DURACIONES
(66, 86) (34, 34) (24, 32) (7, 9) (10, 10) (72, 76) (80, 104) (26, 34) (10, 10) (78, 86) (41, 49) (66, 82) (21, 27) (80, 94) (36, 40) 
(77, 103) (49, 61) (16, 16) (66, 88) (78, 94) (73, 93) (23, 29) (91, 93) (21, 25) (43, 57) (63, 85) (69, 93) (14, 16) (14, 14) (28, 34) 
(34, 36) (50, 62) (28, 36) (62, 66) (70, 70) (77, 79) (22, 24) (41, 51) (8, 8) (69, 81) (43, 47) (5, 5) (6, 8) (60, 64) (63, 83) 
(68, 80) (12, 14) (73, 83) (77, 99) (29, 35) (26, 26) (8, 8) (2, 2) (25, 29) (29, 29) (54, 70) (47, 49) (25, 25) (72, 84) (7, 9) 
(93, 97) (59, 77) (64, 66) (89, 97) (60, 76) (64, 86) (48, 60) (2, 2) (57, 63) (85, 113) (12, 14) (3, 3) (61, 71) (53, 61) (52, 68) 
(40, 46) (73, 95) (7, 7) (66, 74) (38, 48) (36, 38) (39, 45) (82, 102) (61, 79) (85, 97) (27, 33) (5, 5) (49, 65) (62, 78) (78, 82) 
(79, 87) (95, 99) (12, 12) (19, 19) (44, 56) (17, 19) (36, 46) (57, 75) (24, 24) (91, 105) (11, 11) (20, 22) (26, 32) (6, 6) (84, 88) 
(86, 86) (4, 4) (92, 96) (49, 55) (19, 25) (74, 78) (70, 92) (41, 53) (90, 94) (81, 109) (13, 17) (29, 37) (82, 88) (36, 40) (51, 57) 
(73, 87) (53, 59) (51, 57) (77, 97) (21, 23) (89, 97) (31, 41) (79, 87) (87, 111) (25, 29) (15, 15) (6, 8) (63, 75) (70, 84) (47, 53) 
(39, 47) (45, 53) (13, 13) (26, 28) (80, 108) (78, 104) (77, 81) (77, 83) (12, 14) (78, 84) (29, 39) (17, 21) (63, 71) (3, 3) (58, 76) 
(54, 72) (49, 63) (77, 77) (15, 19) (16, 18) (45, 57) (3, 3) (9, 9) (6, 8) (56, 70) (84, 90) (61, 71) (85, 99) (56, 72) (59, 61) 
(29, 37) (83, 89) (31, 39) (64, 74) (29, 35) (77, 95) (23, 29) (91, 105) (90, 100) (30, 32) (10, 12) (76, 88) (81, 89) (71, 71) (52, 70) 
(76, 86) (81, 91) (1, 1) (18, 18) (16, 16) (91, 97) (84, 84) (11, 11) (17, 19) (37, 45) (68, 76) (13, 17) (50, 50) (69, 89) (71, 83) 
(67, 67) (35, 47) (92, 106) (25, 33) (54, 70) (69, 91) (35, 43) (1, 1) (20, 22) (33, 43) (63, 73) (82, 94) (80, 96) (87, 103) (2, 2) 
(65, 87) (71, 89) (40, 44) (62, 68) (4, 4) (56, 68) (48, 52) (88, 98) (69, 79) (71, 81) (9, 11) (73, 79) (55, 55) (81, 109) (83, 105) 
(66, 86) (36, 44) (86, 106) (76, 102) (22, 22) (1, 1) (19, 25) (43, 55) (11, 13) (27, 27) (16, 18) (31, 37) (43, 53) (26, 30) (29, 35) 
(90, 90) (44, 56) (30, 36) (48, 58) (20, 22) (35, 35) (11, 11) (49, 57) (40, 48) (51, 65) (71, 81) (32, 32) (57, 67) (52, 68) (20, 26) 
(89, 103) (12, 16) (67, 67) (32, 42) (7, 7) (20, 26) (75, 77) (71, 93) (46, 56) (63, 73) (51, 65) (63, 69) (13, 13) (34, 46) (42, 44) 
(31, 33) (85, 105) (61, 79) (24, 30) (79, 79) (35, 39) (88, 108) (83, 89) (84, 86) (51, 55) (22, 28) (81, 95) (28, 36) (27, 35) (23, 29) 
(18, 18) (31, 31) (94, 100) (91, 97) (71, 77) (67, 79) (35, 45) (33, 35) (82, 94) (50, 54) (41, 55) (62, 82) (45, 55) (20, 20) (6, 6) 
(81, 89) (90, 90) (80, 94) (55, 59) (87, 87) (10, 12) (91, 101) (62, 76) (70, 84) (82, 108) (56, 64) (33, 41) (76, 98) (75, 91) (34, 46) 
(74, 78) (1, 1) (44, 48) (28, 34) (21, 21) (55, 59) (61, 77) (91, 101) (81, 89) (34, 46) (26, 34) (4, 4) (59, 63) (43, 45) (27, 31) 
(30, 36) (47, 49) (71, 71) (27, 27) (60, 74) (11, 11) (20, 26) (97, 97) (63, 79) (23, 23) (46, 62) (83, 99) (52, 58) (11, 13) (62, 62) 
(61, 69) (17, 21) (6, 6) (44, 46) (82, 106) (4, 4) (44, 48) (51, 53) (92, 94) (13, 15) (47, 51) (65, 75) (1, 1) (3, 3) (20, 26) 
(13, 15) (3, 3) (32, 36) (13, 13) (44, 48) (68, 90) (81, 83) (75, 77) (12, 16) (6, 6) (26, 28) (32, 36) (56, 74) (44, 58) (75, 95) 
(8, 8) (35, 47) (63, 85) (8, 10) (41, 43) (98, 98) (64, 66) (89, 99) (21, 27) (73, 93) (18, 24) (69, 81) (23, 29) (26, 34) (66, 68) 
(78, 94) (96, 96) (51, 69) (6, 6) (76, 80) (83, 91) (5, 5) (23, 29) (41, 55) (80, 82) (55, 73) (20, 20) (38, 50) (91, 91) (12, 12) 
(65, 85) (21, 27) (27, 27) (12, 16) (31, 35) (15, 19) (82, 104) (5, 5) (5, 5) (85, 93) (51, 55) (63, 69) (76, 94) (48, 54) (82, 110) 
(31, 31) (63, 63) (19, 23) (34, 40) (59, 77) (76, 80) (48, 48) (58, 74) (85, 87) (18, 18) (68, 86) (22, 22) (27, 35) (87, 87) (18, 18) 
(21, 25) (23, 27) (21, 23) (35, 45) (5, 5) (8, 10) (29, 29) (50, 52) (57, 65) (84, 84) (47, 53) (4, 4) (76, 98) (35, 37) (29, 33) 
(14, 18) (70, 92) (16, 20) (69, 77) (26, 26) (18, 20) (54, 54) (44, 44) (92, 92) (7, 9) (6, 6) (77, 101) (2, 2) (44, 48) (18, 24) 
(56, 58) (48, 48) (31, 31) (51, 63) (11, 11) (70, 88) (64, 72) (92, 106) (44, 44) (63, 79) (51, 67) (12, 14) (10, 10) (42, 54) (28, 36) 
(42, 42) (32, 36) (83, 103) (62, 64) (13, 13) (33, 43) (80, 106) (29, 39) (57, 75) (53, 71) (35, 43) (68, 68) (41, 45) (67, 77) (32, 42) 
(74, 98) (11, 11) (30, 36) (81, 89) (9, 9) (29, 37) (68, 92) (84, 100) (52, 66) (21, 21) (64, 66) (17, 21) (87, 105) (15, 19) (31, 35) 
(43, 45) (39, 47) (77, 79) (35, 37) (8, 8) (11, 13) (4, 4) (7, 9) (2, 2) (72, 84) (38, 48) (23, 31) (9, 9) (14, 18) (16, 18) 
(79, 83) (28, 36) (34, 42) (75, 91) (28, 36) (67, 81) (76, 76) (6, 6) (15, 19) (27, 29) (73, 79) (59, 73) (18, 20) (26, 28) (70, 84) 
(42, 56) (73, 75) (33, 37) (10, 12) (78, 84) (71, 73) (76, 76) (46, 52) (65, 69) (25, 33) (50, 54) (29, 37) (71, 73) (49, 59) (17, 21) 
(86, 106) (71, 75) (34, 44) (62, 76) (40, 44) (76, 78) (83, 107) (5, 5) (33, 41) (53, 59) (19, 23) (58, 72) (5, 5) (40, 40) (8, 8) 
(11, 11) (38, 50) (32, 32) (38, 48) (9, 11) (5, 5) (56, 68) (14, 16) (82, 102) (77, 81) (29, 31) (29, 29) (21, 21) (56, 60) (29, 29) 
(20, 24) (77, 89) (47, 63) (83, 107) (38, 46) (41, 43) (57, 67) (12, 12) (79, 85) (45, 59) (39, 43) (37, 43) (84, 88) (27, 29) (42, 54) 
(60, 68) (61, 75) (13, 15) (62, 78) (62, 64) (32, 34) (74, 90) (55, 55) (15, 19) (47, 55) (94, 98) (23, 31) (69, 89) (57, 69) (25, 31) 
(87, 91) (68, 92) (85, 111) (47, 61) (71, 79) (84, 110) (37, 43) (59, 65) (95, 101) (38, 38) (63, 77) (36, 42) (22, 24) (11, 13) (87, 101) 
(21, 21) (7, 9) (79, 81) (2, 2) (65, 67) (32, 34) (22, 22) (19, 23) (65, 75) (14, 14) (30, 34) (64, 76) (78, 78) (43, 49) (34, 42) 
(16, 18) (22, 22) (57, 57) (58, 62) (65, 71) (75, 97) (31, 31) (15, 17) (66, 84) (58, 72) (45, 47) (48, 64) (72, 78) (89, 109) (6, 6) 
(4, 4) (67, 83) (8, 8) (35, 35) (62, 72) (77, 99) (40, 40) (83, 97) (8, 10) (94, 104) (80, 106) (39, 39) (51, 67) (77, 103) (62, 76) 
(31, 37) (57, 65) (77, 99) (54, 54) (88, 102) (21, 23) (42, 52) (81, 101) (52, 54) (6, 8) (81, 107) (13, 15) (60, 80) (34, 46) (31, 31) 
(26, 30) (84, 96) (5, 5) (76, 94) (75, 91) (6, 6) (64, 74) (6, 6) (57, 57) (79, 95) (80, 106) (69, 81) (70, 70) (75, 97) (61, 75) 
(23, 27) (40, 48) (50, 58) (86, 102) (32, 38) (58, 66) (58, 68) (49, 53) (52, 66) (68, 68) (73, 97) (47, 49) (63, 65) (38, 42) (72, 78) 
(28, 30) (42, 42) (50, 62) (87, 101) (8, 10) (30, 32) (76, 84) (52, 52) (50, 56) (79, 85) (8, 8) (32, 32) (80, 108) (82, 106) (31, 33) 
(37, 41) (12, 12) (30, 38) (22, 26) (36, 46) (85, 85) (69, 79) (42, 50) (30, 30) (81, 97) (2, 2) (85, 89) (53, 61) (72, 96) (34, 34) 
TIEMPOS MAXIMOS DE FIN
(10000, 10000) (10000, 10000) (10000, 10000) (10000, 10000) (10000, 10000) (10000, 10000) (10000, 10000) (10000, 10000) (10000, 10000) (10000, 10000) (10000, 10000) (10000, 10000) (10000, 10000) (10000, 10000) (10000, 10000) (10000, 10000) (10000, 10000) (10000, 10000) (10000, 10000) (10000, 10000) (10000, 10000) (10000, 10000) (10000, 10000) (10000, 10000) (10000, 10000) (10000, 10000) (10000, 10000) (10000, 10000) (10000, 10000) (10000, 10000) (10000, 10000) (10000, 10000) (10000, 10000) (10000, 10000) (10000, 10000) (10000, 10000) (10000, 10000) (10000, 10000) (10000, 10000) (10000, 10000) (10000, 10000) (10000, 10000) (10000, 10000) (10000, 10000) (10000, 10000) (10000, 10000) (10000, 10000) (10000, 10000) (10000, 10000) (10000, 10000) 
// Desviacion Izda: min(0%), max(15%), promedio(6.73646%)
// Desviacion Dcha: min(0%), max(15%), promedio(6.73646%)
