NUMERO DE TRABAJOS
50
NUMERO DE RECURSOS
15
SECUENCIA DE MAQUINAS
1 12 2 6 10 0 11 9 4 7 5 13 14 3 8 
7 1 0 11 4 9 10 2 5 6 13 12 8 3 14 
9 3 5 10 8 6 12 4 7 0 13 14 11 2 1 
10 7 3 12 8 0 5 6 11 1 14 9 2 4 13 
11 0 9 3 7 13 8 6 5 1 2 12 14 10 4 
2 4 14 7 1 8 0 6 5 10 13 3 9 12 11 
4 3 7 10 9 8 2 13 14 11 1 6 5 0 12 
13 14 2 12 5 8 10 4 0 3 7 11 1 9 6 
14 6 1 3 0 7 4 9 10 8 12 2 11 13 5 
4 3 7 6 0 8 10 1 11 12 13 9 5 14 2 
1 3 14 8 2 5 9 6 12 0 7 10 11 4 13 
12 2 4 6 11 9 3 7 8 5 10 14 1 13 0 
6 14 2 11 0 3 12 5 1 8 13 9 7 10 4 
5 11 4 0 9 10 14 12 3 7 1 8 2 13 6 
8 3 14 12 9 10 4 5 13 7 2 11 1 6 0 
11 4 13 0 14 5 9 10 12 6 3 2 8 1 7 
14 0 5 4 10 1 8 9 12 11 3 13 7 6 2 
14 13 1 9 8 12 6 10 0 11 7 4 3 2 5 
10 0 12 4 7 1 6 5 3 2 9 8 11 13 14 
2 8 10 0 11 14 6 1 4 7 13 12 5 3 9 
3 14 11 7 0 9 12 13 4 8 1 10 5 6 2 
9 8 7 1 0 3 6 14 2 4 5 10 13 11 12 
10 14 6 9 13 5 7 0 12 11 8 2 3 1 4 
12 2 0 5 13 9 6 14 1 8 3 7 4 10 11 
4 1 14 7 6 2 10 0 11 5 13 3 8 12 9 
0 14 11 4 6 1 10 8 3 13 9 12 7 2 5 
4 3 0 10 6 9 5 14 7 1 12 2 11 13 8 
7 9 2 4 14 10 8 1 3 13 11 0 5 12 6 
6 10 11 14 9 0 1 2 7 8 5 3 12 4 13 
8 12 14 7 11 0 10 13 2 6 3 9 5 4 1 
9 5 12 7 14 1 0 6 3 4 2 8 13 10 11 
4 5 10 1 0 2 8 9 14 12 6 13 11 3 7 
9 7 0 10 13 14 8 12 1 2 4 6 11 3 5 
1 8 0 12 5 11 2 4 7 14 9 6 10 3 13 
14 8 5 9 6 0 13 3 2 12 7 4 1 11 10 
5 12 8 14 0 1 10 3 9 4 7 2 13 6 11 
4 0 11 14 5 1 6 7 9 12 8 3 10 2 13 
7 2 10 14 6 3 8 0 1 13 4 12 5 11 9 
8 6 5 2 7 3 0 13 14 9 1 10 12 11 4 
2 11 14 0 6 7 13 5 12 8 10 1 4 9 3 
9 12 7 8 11 14 5 10 13 1 2 0 4 6 3 
12 10 0 13 4 8 3 1 7 9 6 14 11 2 5 
14 7 8 4 6 13 5 9 3 0 1 2 12 10 11 
14 6 3 11 1 2 10 5 8 9 12 7 4 13 0 
12 3 0 11 4 2 7 1 6 10 8 5 13 14 9 
2 7 0 4 5 10 13 1 11 3 9 12 8 14 6 
6 3 0 8 10 9 4 7 2 13 14 11 1 12 5 
8 2 5 10 6 7 0 11 1 9 4 14 3 13 12 
5 11 3 12 7 6 2 0 13 9 14 1 4 10 8 
3 11 5 6 1 2 10 8 13 14 12 9 4 0 7 
DURACIONES
(15, 19) (55, 55) (54, 70) (65, 83) (37, 39) (43, 45) (25, 33) (41, 53) (90, 98) (36, 40) (58, 70) (67, 83) (51, 69) (72, 84) (10, 10) 
(16, 20) (53, 65) (85, 89) (34, 46) (48, 58) (33, 43) (39, 49) (38, 38) (6, 8) (8, 10) (82, 110) (57, 77) (55, 61) (28, 28) (57, 71) 
(40, 44) (10, 12) (80, 106) (69, 75) (58, 58) (48, 50) (44, 48) (19, 23) (87, 99) (47, 55) (13, 13) (62, 82) (75, 81) (37, 49) (50, 60) 
(83, 103) (44, 50) (71, 93) (58, 70) (38, 38) (23, 25) (16, 18) (7, 7) (43, 55) (4, 4) (67, 71) (39, 39) (23, 27) (77, 93) (51, 53) 
(41, 55) (79, 81) (46, 50) (3, 3) (6, 8) (59, 79) (47, 59) (44, 48) (1, 1) (45, 59) (32, 42) (23, 27) (79, 89) (74, 96) (13, 15) 
(43, 55) (40, 44) (59, 65) (77, 95) (14, 14) (24, 26) (55, 69) (55, 71) (81, 91) (6, 8) (71, 95) (74, 94) (53, 55) (22, 24) (16, 16) 
(54, 58) (76, 82) (86, 108) (32, 36) (3, 3) (73, 93) (34, 44) (44, 44) (40, 46) (92, 104) (93, 105) (2, 2) (42, 52) (95, 99) (8, 8) 
(60, 62) (80, 88) (83, 109) (62, 66) (50, 66) (57, 71) (14, 14) (34, 46) (82, 106) (12, 14) (24, 24) (61, 67) (59, 67) (54, 62) (70, 78) 
(87, 99) (4, 4) (25, 31) (40, 46) (88, 96) (47, 63) (83, 91) (17, 21) (21, 25) (22, 24) (92, 106) (82, 96) (38, 46) (67, 75) (87, 105) 
(52, 60) (30, 32) (70, 74) (75, 101) (6, 6) (43, 57) (65, 67) (90, 96) (24, 28) (17, 17) (54, 70) (4, 4) (12, 14) (43, 49) (30, 40) 
(6, 8) (71, 91) (97, 97) (45, 59) (88, 98) (25, 31) (74, 74) (15, 19) (42, 54) (44, 46) (47, 55) (60, 70) (64, 84) (2, 2) (10, 10) 
(73, 97) (82, 88) (84, 102) (32, 38) (46, 56) (6, 6) (81, 101) (85, 113) (9, 9) (36, 40) (3, 3) (14, 16) (36, 42) (51, 59) (33, 37) 
(14, 14) (24, 32) (46, 52) (50, 56) (91, 97) (7, 7) (14, 14) (29, 29) (29, 31) (44, 50) (46, 54) (51, 57) (23, 27) (89, 91) (73, 95) 
(15, 17) (43, 43) (70, 94) (2, 2) (80, 92) (61, 79) (42, 56) (23, 29) (56, 70) (32, 36) (76, 96) (1, 1) (25, 27) (8, 8) (10, 12) 
(82, 98) (17, 21) (48, 60) (26, 28) (36, 40) (52, 62) (65, 71) (66, 74) (71, 81) (28, 32) (50, 60) (94, 102) (9, 9) (49, 65) (71, 91) 
(21, 27) (86, 104) (81, 101) (49, 65) (70, 72) (61, 81) (73, 95) (43, 55) (94, 94) (67, 81) (17, 19) (20, 24) (31, 35) (65, 81) (81, 81) 
(76, 96) (5, 5) (85, 103) (1, 1) (60, 76) (47, 53) (53, 53) (14, 14) (75, 89) (73, 87) (36, 48) (1, 1) (68, 76) (47, 49) (59, 69) 
(17, 21) (39, 51) (47, 53) (12, 16) (3, 3) (81, 83) (4, 4) (48, 62) (92, 96) (66, 86) (63, 65) (59, 79) (29, 35) (18, 22) (42, 54) 
(51, 55) (33, 33) (77, 103) (13, 13) (70, 76) (43, 53) (46, 58) (52, 62) (71, 71) (13, 13) (49, 61) (92, 98) (49, 49) (31, 33) (7, 9) 
(66, 78) (1, 1) (7, 9) (55, 71) (6, 8) (5, 5) (30, 30) (70, 72) (72, 76) (76, 82) (35, 37) (65, 77) (28, 34) (76, 82) (40, 46) 
(89, 97) (82, 110) (80, 106) (79, 97) (4, 4) (12, 12) (32, 36) (11, 11) (16, 18) (19, 21) (74, 74) (61, 79) (13, 13) (47, 57) (76, 90) 
(74, 100) (37, 41) (74, 94) (60, 78) (59, 71) (17, 21) (79, 85) (46, 50) (79, 95) (84, 90) (1, 1) (56, 60) (79, 101) (21, 23) (77, 85) 
(49, 65) (15, 19) (56, 60) (26, 28) (44, 52) (35, 41) (75, 79) (91, 93) (11, 11) (19, 23) (69, 71) (60, 78) (47, 47) (81, 101) (68, 72) 
(79, 105) (16, 18) (6, 6) (55, 61) (40, 54) (90, 90) (31, 35) (22, 28) (21, 23) (85, 109) (38, 42) (62, 64) (94, 96) (16, 18) (19, 21) 
(81, 93) (68, 92) (3, 3) (92, 102) (50, 56) (36, 40) (26, 30) (27, 35) (46, 48) (4, 4) (46, 46) (10, 12) (66, 74) (51, 57) (38, 50) 
(71, 93) (44, 56) (59, 61) (13, 17) (57, 75) (51, 59) (25, 25) (44, 44) (93, 95) (70, 76) (67, 89) (84, 108) (19, 25) (17, 19) (4, 4) 
(79, 103) (9, 11) (86, 88) (59, 71) (12, 12) (63, 83) (17, 17) (6, 6) (82, 88) (25, 33) (47, 61) (71, 73) (37, 49) (48, 48) (25, 33) 
(48, 48) (40, 42) (38, 50) (86, 112) (14, 14) (8, 10) (20, 22) (61, 79) (76, 98) (64, 68) (36, 38) (78, 86) (26, 32) (53, 59) (9, 11) 
(28, 28) (64, 64) (79, 95) (47, 55) (46, 58) (83, 87) (85, 85) (52, 66) (43, 45) (77, 83) (45, 57) (11, 11) (55, 71) (68, 68) (85, 85) 
(30, 34) (34, 42) (85, 95) (16, 20) (8, 10) (33, 33) (42, 44) (56, 62) (52, 52) (86, 96) (50, 64) (37, 39) (14, 16) (16, 20) (69, 89) 
(12, 16) (30, 32) (94, 98) (87, 103) (82, 84) (68, 68) (7, 7) (78, 104) (42, 56) (30, 34) (82, 104) (87, 89) (11, 11) (2, 2) (2, 2) 
(22, 22) (35, 43) (25, 25) (22, 28) (79, 89) (46, 52) (68, 68) (16, 20) (17, 23) (6, 8) (93, 93) (83, 103) (55, 73) (56, 56) (57, 65) 
(85, 107) (13, 13) (58, 58) (17, 23) (5, 5) (23, 29) (23, 29) (6, 6) (17, 23) (4, 4) (51, 69) (33, 41) (2, 2) (45, 45) (50, 54) 
(46, 52) (31, 41) (22, 28) (27, 29) (41, 51) (22, 24) (34, 36) (7, 9) (57, 77) (41, 49) (40, 52) (13, 13) (4, 4) (16, 16) (6, 6) 
(11, 13) (76, 92) (54, 70) (74, 84) (95, 101) (40, 48) (25, 25) (25, 25) (28, 30) (15, 19) (11, 13) (36, 42) (51, 65) (22, 28) (55, 59) 
(3, 3) (38, 48) (4, 4) (81, 93) (63, 65) (31, 41) (70, 90) (20, 24) (17, 23) (54, 64) (26, 26) (39, 51) (38, 40) (95, 103) (64, 80) 
(37, 41) (46, 50) (50, 60) (64, 86) (64, 64) (21, 23) (39, 47) (87, 95) (7, 7) (66, 66) (21, 23) (42, 44) (52, 66) (37, 39) (68, 92) 
(50, 50) (68, 82) (43, 57) (61, 75) (32, 34) (86, 112) (29, 35) (44, 48) (10, 10) (70, 92) (83, 103) (28, 30) (12, 14) (88, 108) (13, 13) 
(56, 64) (13, 15) (46, 62) (11, 11) (87, 109) (4, 4) (50, 62) (16, 18) (17, 19) (25, 31) (82, 88) (54, 60) (82, 82) (96, 102) (4, 4) 
(76, 82) (89, 93) (21, 25) (20, 22) (78, 104) (46, 58) (44, 52) (1, 1) (23, 23) (81, 95) (6, 6) (70, 76) (12, 12) (1, 1) (3, 3) 
(31, 41) (38, 42) (37, 41) (14, 14) (76, 84) (21, 27) (46, 52) (24, 30) (84, 94) (4, 4) (60, 76) (76, 78) (95, 101) (13, 15) (74, 74) 
(53, 69) (44, 52) (55, 57) (7, 9) (66, 86) (23, 27) (38, 48) (66, 68) (9, 11) (80, 104) (58, 76) (32, 34) (44, 58) (42, 48) (93, 103) 
(44, 46) (38, 38) (72, 86) (32, 38) (23, 25) (1, 1) (46, 56) (81, 95) (94, 94) (81, 101) (47, 49) (2, 2) (49, 49) (8, 8) (84, 88) 
(40, 48) (6, 6) (29, 33) (49, 49) (10, 12) (40, 48) (97, 99) (75, 87) (38, 46) (89, 107) (75, 79) (9, 9) (53, 57) (28, 30) (8, 10) 
(46, 48) (80, 94) (44, 56) (35, 45) (82, 88) (74, 98) (18, 18) (43, 53) (81, 101) (94, 94) (98, 98) (80, 92) (49, 63) (75, 75) (43, 49) 
(38, 50) (50, 56) (86, 112) (95, 95) (28, 36) (29, 37) (61, 75) (20, 24) (46, 52) (84, 108) (8, 8) (80, 94) (73, 83) (6, 6) (55, 69) 
(77, 95) (94, 100) (15, 17) (29, 37) (44, 50) (80, 106) (10, 12) (82, 82) (6, 8) (17, 19) (26, 32) (15, 19) (52, 60) (80, 80) (75, 89) 
(15, 19) (8, 10) (17, 17) (57, 73) (79, 97) (33, 41) (49, 57) (37, 43) (32, 38) (22, 26) (66, 76) (48, 56) (29, 31) (71, 91) (2, 2) 
(65, 65) (77, 103) (37, 39) (95, 99) (92, 100) (14, 14) (81, 89) (73, 73) (84, 106) (81, 93) (9, 11) (17, 19) (16, 18) (4, 4) (58, 58) 
(65, 73) (61, 67) (73, 81) (3, 3) (73, 77) (85, 113) (65, 83) (54, 58) (27, 31) (94, 98) (75, 91) (58, 70) (17, 21) (18, 18) (36, 40) 
TIEMPOS MAXIMOS DE FIN
(10000, 10000) (10000, 10000) (10000, 10000) (10000, 10000) (10000, 10000) (10000, 10000) (10000, 10000) (10000, 10000) (10000, 10000) (10000, 10000) (10000, 10000) (10000, 10000) (10000, 10000) (10000, 10000) (10000, 10000) (10000, 10000) (10000, 10000) (10000, 10000) (10000, 10000) (10000, 10000) (10000, 10000) (10000, 10000) (10000, 10000) (10000, 10000) (10000, 10000) (10000, 10000) (10000, 10000) (10000, 10000) (10000, 10000) (10000, 10000) (10000, 10000) (10000, 10000) (10000, 10000) (10000, 10000) (10000, 10000) (10000, 10000) (10000, 10000) (10000, 10000) (10000, 10000) (10000, 10000) (10000, 10000) (10000, 10000) (10000, 10000) (10000, 10000) (10000, 10000) (10000, 10000) (10000, 10000) (10000, 10000) (10000, 10000) (10000, 10000) 
// Desviacion Izda: min(0%), max(15%), promedio(6.67485%)
// Desviacion Dcha: min(0%), max(15%), promedio(6.67485%)
