NUMERO DE TRABAJOS
50
NUMERO DE RECURSOS
20
SECUENCIA DE MAQUINAS
10 5 2 17 14 19 1 4 8 16 11 3 0 6 7 12 13 18 15 9 
5 13 4 3 19 18 16 2 0 10 11 7 1 15 12 14 9 8 17 6 
10 15 19 9 16 12 7 17 8 1 18 13 6 5 4 0 14 11 2 3 
12 10 8 4 15 18 11 16 6 9 0 1 19 5 3 17 2 14 7 13 
5 15 6 7 3 17 9 11 1 18 12 13 4 19 0 10 14 8 2 16 
17 9 8 14 10 16 13 12 11 15 2 3 5 0 1 4 6 7 18 19 
15 19 18 12 2 3 5 0 14 4 8 1 7 17 10 9 11 13 16 6 
6 5 16 4 13 1 9 7 14 11 0 3 2 10 18 15 19 17 8 12 
17 1 3 6 0 9 12 19 16 7 8 4 2 13 5 18 15 11 14 10 
12 17 5 16 7 1 8 0 19 6 3 14 2 10 15 4 18 13 9 11 
2 18 0 19 10 17 1 8 7 16 15 14 5 4 6 13 3 12 11 9 
7 2 12 0 16 14 3 15 17 5 19 4 10 8 18 1 13 9 11 6 
17 0 12 4 5 1 10 8 11 15 3 16 7 6 19 13 9 14 18 2 
9 15 4 3 18 1 16 14 13 5 19 0 8 7 10 12 17 11 2 6 
8 5 3 19 1 2 17 13 6 10 12 15 11 0 9 14 4 7 16 18 
1 15 8 13 4 12 17 19 6 9 0 2 18 14 11 5 3 16 10 7 
14 9 18 6 17 10 19 16 4 5 12 15 0 13 1 11 3 8 7 2 
8 17 5 13 9 14 7 18 0 10 1 2 15 16 6 11 3 12 4 19 
14 6 8 13 16 0 2 3 9 18 15 10 11 4 5 19 1 7 12 17 
14 8 2 7 19 5 16 6 1 13 18 11 0 4 15 12 10 9 3 17 
9 5 19 3 11 4 12 2 8 1 13 6 0 18 10 17 14 15 16 7 
18 12 0 8 2 1 16 15 13 14 11 4 7 5 9 3 10 17 6 19 
19 15 0 7 12 4 3 6 10 17 14 16 8 2 9 13 18 11 1 5 
17 9 10 8 11 16 19 12 14 6 1 15 0 7 4 2 3 5 13 18 
1 17 5 18 2 7 16 11 15 4 0 10 8 3 12 19 14 13 9 6 
0 17 9 15 16 1 6 3 12 10 8 5 13 2 19 7 4 11 14 18 
4 12 2 1 17 14 6 15 0 9 5 11 7 18 3 10 16 13 8 19 
1 6 13 19 18 11 17 7 10 15 4 3 9 0 16 12 8 2 14 5 
2 4 16 12 14 15 9 8 19 10 13 0 1 11 5 6 7 17 3 18 
15 4 6 13 14 19 5 1 17 16 12 11 10 18 8 2 0 3 7 9 
8 2 15 12 10 3 18 13 9 0 5 7 19 16 17 1 11 4 6 14 
19 8 10 16 18 6 14 13 11 9 2 7 3 4 0 1 5 15 17 12 
15 9 16 10 18 13 11 14 6 3 1 4 8 19 17 7 0 2 5 12 
1 12 17 2 9 10 15 19 4 16 18 11 7 8 13 0 14 5 3 6 
6 19 2 17 15 12 14 16 4 7 1 11 5 13 9 0 18 3 8 10 
3 0 6 2 12 16 5 8 18 1 13 9 11 14 19 10 17 7 15 4 
14 7 3 6 9 8 16 1 15 2 17 13 5 12 19 10 18 11 4 0 
18 13 19 2 10 6 4 14 15 9 7 16 1 0 12 5 11 17 8 3 
12 1 10 3 0 13 2 18 15 16 9 8 4 7 19 5 11 14 6 17 
7 12 2 13 6 4 17 0 15 19 16 3 1 5 14 11 10 18 8 9 
2 18 5 12 0 6 19 9 1 15 13 14 3 16 8 17 11 10 4 7 
4 2 8 11 3 14 19 10 9 18 6 1 5 13 17 0 15 16 7 12 
3 16 14 15 12 19 18 6 7 5 10 2 4 0 11 1 13 17 8 9 
14 3 9 16 4 17 6 10 0 18 1 15 5 12 11 2 7 19 13 8 
9 12 1 14 15 7 8 2 6 10 18 3 19 11 17 13 4 16 5 0 
0 19 12 15 13 7 17 6 5 18 9 2 14 3 16 11 1 8 4 10 
14 11 6 8 7 12 5 4 19 18 15 16 2 0 10 13 17 9 3 1 
12 11 13 19 9 18 5 6 2 15 14 0 8 1 3 7 16 17 10 4 
6 1 9 5 15 11 10 7 0 12 2 8 14 17 13 3 16 18 19 4 
2 13 8 10 18 4 6 7 5 11 16 3 17 19 0 14 15 12 1 9 
DURACIONES
(65, 85) (50, 50) (4, 4) (29, 39) (32, 40) (66, 72) (51, 53) (38, 50) (37, 47) (12, 12) (47, 53) (11, 13) (64, 78) (76, 102) (29, 33) (13, 15) (12, 14) (48, 58) (42, 44) (37, 49) 
(24, 30) (16, 20) (61, 79) (83, 85) (7, 9) (53, 71) (78, 104) (21, 27) (89, 99) (97, 99) (70, 86) (86, 94) (1, 1) (22, 26) (82, 110) (59, 63) (89, 91) (66, 68) (7, 7) (64, 80) 
(52, 60) (78, 90) (89, 101) (28, 36) (8, 8) (37, 49) (34, 40) (22, 28) (10, 10) (74, 96) (70, 86) (75, 77) (89, 99) (56, 64) (37, 37) (60, 76) (11, 11) (66, 66) (61, 71) (75, 91) 
(64, 66) (82, 108) (65, 67) (4, 4) (32, 36) (48, 62) (30, 40) (29, 35) (74, 82) (45, 59) (9, 11) (53, 63) (9, 9) (64, 82) (17, 19) (46, 58) (54, 60) (56, 62) (24, 30) (85, 93) 
(29, 33) (71, 91) (39, 51) (20, 22) (67, 81) (6, 8) (38, 48) (34, 36) (22, 24) (62, 64) (12, 12) (88, 96) (69, 87) (9, 9) (27, 33) (19, 25) (19, 19) (65, 75) (4, 4) (16, 18) 
(50, 56) (46, 56) (34, 36) (11, 11) (54, 56) (17, 19) (77, 101) (88, 94) (14, 18) (72, 92) (82, 86) (4, 4) (2, 2) (81, 109) (15, 19) (80, 104) (78, 84) (21, 23) (7, 7) (54, 62) 
(88, 96) (44, 50) (9, 11) (44, 50) (4, 4) (72, 78) (35, 47) (49, 53) (2, 2) (65, 81) (48, 56) (37, 39) (41, 47) (21, 25) (28, 34) (84, 96) (82, 98) (74, 88) (72, 78) (81, 87) 
(27, 35) (17, 23) (32, 32) (52, 56) (9, 11) (93, 99) (6, 6) (71, 91) (64, 82) (70, 80) (82, 108) (69, 93) (28, 34) (81, 81) (77, 103) (32, 34) (57, 71) (96, 96) (18, 24) (1, 1) 
(59, 75) (59, 63) (17, 19) (75, 87) (67, 87) (35, 35) (11, 13) (27, 29) (73, 91) (9, 11) (64, 78) (83, 105) (44, 58) (50, 58) (24, 26) (35, 39) (31, 37) (2, 2) (66, 76) (57, 63) 
(29, 29) (67, 89) (31, 35) (51, 57) (20, 20) (74, 76) (85, 91) (35, 35) (66, 74) (33, 37) (49, 57) (34, 38) (73, 91) (26, 26) (21, 27) (26, 30) (10, 10) (84, 112) (80, 92) (2, 2) 
(26, 34) (2, 2) (83, 109) (57, 75) (3, 3) (72, 90) (4, 4) (50, 56) (11, 13) (34, 38) (57, 65) (71, 85) (23, 27) (64, 86) (39, 49) (12, 12) (77, 85) (21, 25) (39, 43) (82, 92) 
(91, 105) (44, 50) (78, 92) (86, 94) (74, 74) (80, 108) (21, 27) (16, 20) (7, 9) (80, 100) (47, 63) (66, 68) (45, 59) (3, 3) (24, 32) (26, 32) (73, 73) (88, 104) (52, 62) (49, 61) 
(17, 19) (64, 80) (88, 88) (51, 65) (5, 5) (74, 88) (83, 103) (89, 101) (36, 36) (49, 53) (49, 57) (56, 66) (63, 81) (59, 67) (35, 37) (44, 52) (84, 108) (80, 104) (20, 22) (52, 70) 
(55, 55) (39, 51) (89, 93) (21, 27) (76, 78) (61, 81) (11, 13) (84, 98) (60, 76) (53, 57) (88, 88) (65, 87) (86, 92) (14, 14) (82, 102) (56, 72) (60, 72) (13, 13) (45, 51) (51, 63) 
(89, 95) (18, 18) (54, 58) (60, 78) (79, 93) (20, 26) (29, 37) (74, 98) (52, 52) (70, 72) (94, 100) (9, 9) (16, 16) (35, 41) (61, 77) (33, 35) (40, 46) (1, 1) (68, 74) (72, 96) 
(51, 67) (45, 55) (11, 11) (20, 22) (47, 47) (48, 56) (75, 81) (72, 72) (75, 97) (27, 29) (72, 90) (5, 5) (27, 31) (31, 41) (7, 7) (59, 77) (24, 32) (88, 106) (42, 56) (90, 96) 
(32, 36) (18, 22) (31, 33) (87, 93) (52, 66) (51, 55) (88, 96) (1, 1) (7, 9) (9, 11) (10, 10) (25, 25) (7, 9) (49, 57) (25, 25) (79, 79) (85, 85) (25, 31) (10, 10) (29, 37) 
(37, 37) (46, 56) (77, 81) (6, 6) (24, 32) (36, 44) (18, 20) (51, 69) (14, 14) (12, 12) (27, 35) (24, 26) (13, 17) (80, 88) (81, 85) (84, 86) (81, 93) (32, 36) (39, 45) (79, 105) 
(23, 25) (3, 3) (12, 12) (37, 41) (5, 5) (26, 30) (44, 58) (67, 69) (36, 36) (6, 6) (11, 13) (51, 57) (58, 64) (10, 12) (86, 112) (35, 43) (52, 54) (3, 3) (29, 37) (41, 55) 
(35, 41) (78, 84) (84, 84) (12, 12) (34, 38) (82, 110) (58, 76) (40, 52) (83, 97) (68, 88) (19, 25) (82, 84) (77, 93) (97, 97) (43, 57) (76, 80) (87, 95) (73, 93) (42, 56) (31, 31) 
(9, 11) (42, 42) (25, 33) (1, 1) (88, 88) (7, 7) (10, 12) (35, 47) (51, 51) (34, 46) (84, 96) (17, 23) (37, 47) (38, 42) (24, 26) (30, 32) (7, 9) (81, 91) (72, 96) (25, 25) 
(12, 12) (64, 76) (86, 100) (67, 87) (18, 18) (13, 13) (61, 79) (35, 35) (93, 101) (44, 56) (32, 32) (76, 100) (98, 98) (37, 37) (76, 88) (48, 58) (20, 22) (83, 103) (52, 68) (93, 93) 
(14, 14) (80, 90) (21, 21) (24, 26) (64, 80) (37, 39) (39, 47) (60, 76) (33, 43) (16, 20) (33, 37) (48, 50) (91, 107) (48, 48) (86, 88) (11, 11) (14, 18) (83, 109) (34, 38) (74, 94) 
(6, 6) (23, 23) (96, 98) (72, 72) (29, 35) (77, 77) (31, 39) (58, 66) (14, 16) (72, 72) (43, 53) (29, 39) (47, 55) (24, 24) (63, 79) (16, 20) (5, 5) (37, 37) (52, 60) (12, 14) 
(10, 10) (38, 38) (69, 93) (66, 88) (72, 94) (34, 46) (37, 49) (57, 71) (91, 91) (1, 1) (46, 50) (74, 86) (13, 17) (18, 24) (26, 28) (14, 18) (57, 63) (44, 46) (57, 73) (75, 101) 
(18, 22) (4, 4) (69, 89) (84, 90) (27, 27) (72, 96) (18, 22) (41, 51) (85, 97) (9, 9) (22, 26) (97, 99) (28, 28) (2, 2) (74, 78) (19, 25) (81, 95) (61, 73) (28, 36) (32, 42) 
(22, 24) (6, 8) (58, 66) (48, 50) (85, 111) (53, 69) (54, 64) (34, 42) (12, 14) (5, 5) (75, 75) (64, 84) (63, 67) (63, 69) (53, 67) (13, 15) (75, 83) (41, 49) (40, 54) (51, 51) 
(22, 24) (41, 49) (92, 100) (35, 35) (37, 37) (32, 36) (28, 30) (11, 13) (85, 93) (59, 79) (73, 75) (47, 57) (84, 112) (15, 19) (83, 89) (65, 87) (86, 106) (63, 69) (85, 87) (32, 42) 
(65, 83) (94, 104) (8, 10) (8, 10) (74, 74) (77, 89) (3, 3) (91, 101) (38, 50) (23, 23) (3, 3) (16, 20) (3, 3) (40, 50) (35, 41) (22, 26) (81, 101) (35, 37) (21, 23) (15, 15) 
(33, 35) (22, 24) (67, 69) (10, 12) (50, 56) (66, 88) (62, 80) (59, 71) (75, 79) (44, 52) (41, 45) (44, 46) (71, 95) (7, 7) (87, 99) (64, 66) (79, 87) (7, 9) (5, 5) (69, 79) 
(36, 44) (14, 16) (26, 34) (89, 91) (60, 64) (14, 16) (13, 13) (3, 3) (43, 55) (82, 98) (54, 56) (56, 74) (74, 96) (79, 95) (22, 26) (60, 62) (43, 57) (41, 55) (67, 87) (20, 22) 
(36, 48) (84, 98) (67, 73) (8, 8) (45, 45) (22, 26) (58, 68) (82, 90) (15, 17) (63, 73) (57, 57) (16, 20) (59, 61) (80, 82) (3, 3) (16, 18) (67, 69) (88, 106) (39, 45) (54, 54) 
(80, 94) (86, 104) (25, 25) (57, 65) (8, 10) (27, 33) (82, 86) (21, 21) (85, 91) (79, 87) (63, 81) (85, 87) (18, 22) (64, 82) (35, 43) (69, 73) (45, 59) (36, 38) (65, 79) (35, 45) 
(46, 46) (45, 45) (80, 94) (39, 49) (27, 27) (41, 47) (17, 21) (48, 54) (71, 95) (2, 2) (21, 21) (12, 14) (43, 57) (16, 18) (87, 103) (78, 88) (29, 37) (29, 29) (85, 99) (58, 66) 
(20, 24) (65, 81) (34, 36) (4, 4) (20, 24) (86, 112) (92, 106) (56, 74) (46, 62) (72, 72) (54, 64) (92, 104) (39, 49) (17, 21) (22, 24) (95, 95) (79, 95) (59, 79) (63, 73) (57, 57) 
(17, 23) (72, 86) (85, 105) (6, 6) (35, 41) (34, 38) (34, 40) (19, 23) (58, 66) (44, 52) (74, 82) (16, 20) (70, 70) (67, 89) (1, 1) (21, 21) (84, 86) (38, 40) (33, 35) (93, 103) 
(56, 56) (53, 67) (31, 35) (73, 87) (64, 72) (57, 63) (41, 41) (77, 87) (17, 17) (85, 93) (58, 60) (61, 81) (43, 55) (72, 78) (43, 47) (22, 22) (54, 66) (75, 91) (63, 79) (22, 22) 
(67, 77) (65, 79) (11, 11) (14, 16) (70, 74) (60, 70) (48, 64) (77, 77) (64, 72) (16, 18) (59, 59) (15, 19) (66, 70) (61, 77) (65, 77) (58, 62) (36, 42) (41, 43) (72, 84) (53, 71) 
(11, 13) (24, 30) (15, 17) (20, 26) (11, 13) (72, 76) (71, 73) (42, 54) (31, 39) (48, 58) (9, 9) (78, 82) (58, 78) (13, 17) (53, 71) (23, 23) (14, 14) (78, 100) (11, 13) (66, 68) 
(69, 79) (52, 54) (67, 85) (91, 103) (67, 75) (79, 83) (28, 28) (67, 73) (62, 72) (23, 29) (90, 104) (10, 12) (77, 77) (54, 58) (59, 65) (39, 43) (48, 52) (34, 46) (35, 35) (76, 82) 
(74, 76) (3, 3) (31, 33) (10, 10) (91, 95) (2, 2) (55, 71) (4, 4) (4, 4) (16, 20) (75, 95) (27, 29) (52, 58) (80, 80) (57, 61) (66, 82) (47, 55) (69, 79) (17, 23) (41, 51) 
(31, 33) (70, 84) (45, 53) (66, 86) (6, 6) (90, 96) (52, 62) (10, 12) (65, 73) (35, 35) (51, 67) (18, 22) (20, 24) (13, 13) (35, 35) (94, 104) (89, 101) (94, 104) (73, 75) (93, 99) 
(51, 59) (37, 39) (68, 92) (24, 26) (69, 77) (49, 63) (78, 96) (14, 18) (2, 2) (79, 81) (41, 45) (48, 52) (63, 73) (11, 13) (18, 20) (24, 26) (16, 18) (49, 55) (31, 31) (27, 35) 
(48, 58) (60, 78) (57, 57) (84, 112) (45, 51) (24, 28) (26, 34) (17, 23) (63, 85) (46, 48) (90, 108) (69, 87) (91, 103) (92, 96) (72, 88) (72, 76) (40, 44) (2, 2) (44, 48) (32, 32) 
(52, 56) (12, 16) (91, 101) (36, 42) (1, 1) (92, 104) (42, 44) (57, 57) (27, 31) (70, 82) (32, 40) (54, 62) (86, 100) (16, 18) (36, 40) (69, 93) (68, 80) (18, 22) (34, 44) (86, 110) 
(71, 89) (92, 96) (65, 73) (66, 72) (47, 61) (27, 33) (80, 92) (69, 91) (6, 6) (62, 82) (61, 69) (45, 45) (85, 93) (67, 67) (6, 6) (24, 32) (70, 82) (27, 29) (28, 30) (26, 30) 
(1, 1) (73, 75) (8, 8) (86, 106) (18, 22) (7, 7) (26, 26) (22, 28) (16, 20) (81, 87) (25, 33) (84, 100) (17, 19) (34, 42) (89, 97) (7, 9) (31, 33) (59, 75) (77, 85) (15, 19) 
(36, 36) (41, 41) (72, 72) (31, 31) (25, 31) (49, 55) (14, 14) (59, 59) (86, 108) (66, 76) (89, 95) (46, 54) (4, 4) (93, 99) (6, 6) (95, 103) (1, 1) (63, 77) (56, 60) (90, 94) 
(21, 27) (70, 92) (78, 90) (57, 57) (58, 60) (87, 101) (29, 33) (88, 108) (32, 42) (61, 67) (69, 69) (50, 62) (65, 77) (21, 25) (27, 33) (85, 109) (74, 98) (25, 33) (14, 18) (74, 76) 
(29, 37) (75, 87) (51, 65) (78, 84) (2, 2) (22, 28) (17, 17) (1, 1) (70, 74) (29, 37) (18, 18) (22, 22) (44, 44) (27, 29) (63, 75) (89, 95) (90, 90) (38, 48) (51, 55) (65, 87) 
TIEMPOS MAXIMOS DE FIN
(10000, 10000) (10000, 10000) (10000, 10000) (10000, 10000) (10000, 10000) (10000, 10000) (10000, 10000) (10000, 10000) (10000, 10000) (10000, 10000) (10000, 10000) (10000, 10000) (10000, 10000) (10000, 10000) (10000, 10000) (10000, 10000) (10000, 10000) (10000, 10000) (10000, 10000) (10000, 10000) (10000, 10000) (10000, 10000) (10000, 10000) (10000, 10000) (10000, 10000) (10000, 10000) (10000, 10000) (10000, 10000) (10000, 10000) (10000, 10000) (10000, 10000) (10000, 10000) (10000, 10000) (10000, 10000) (10000, 10000) (10000, 10000) (10000, 10000) (10000, 10000) (10000, 10000) (10000, 10000) (10000, 10000) (10000, 10000) (10000, 10000) (10000, 10000) (10000, 10000) (10000, 10000) (10000, 10000) (10000, 10000) (10000, 10000) (10000, 10000) 
// Desviacion Izda: min(0%), max(15%), promedio(6.65145%)
// Desviacion Dcha: min(0%), max(15%), promedio(6.65145%)
