NUMERO DE TRABAJOS
50
NUMERO DE RECURSOS
20
SECUENCIA DE MAQUINAS
10 1 2 7 17 4 3 18 0 14 6 19 15 16 13 12 5 11 9 8 
11 3 7 18 12 5 13 6 4 14 10 2 1 16 19 0 15 9 8 17 
14 19 5 11 16 12 1 8 6 4 2 9 18 10 17 0 13 3 7 15 
10 16 15 2 14 1 11 7 5 18 12 0 4 8 17 6 9 3 19 13 
19 8 4 14 12 13 2 9 3 0 1 10 17 6 18 11 16 7 5 15 
0 9 11 18 3 15 2 17 10 8 13 12 14 4 5 1 6 16 7 19 
0 8 12 5 11 16 7 2 15 3 10 18 6 13 14 19 17 1 4 9 
10 15 19 17 6 1 14 0 16 7 4 18 13 3 2 12 11 9 8 5 
11 6 7 1 17 9 12 18 0 8 4 15 14 5 3 10 19 16 2 13 
13 18 8 14 11 16 10 15 0 9 1 4 19 7 3 2 5 12 17 6 
18 8 14 2 5 1 6 13 0 17 15 3 16 11 10 19 7 4 9 12 
6 18 16 12 0 17 1 11 15 7 4 2 10 8 19 13 14 5 9 3 
19 13 18 11 6 3 5 14 16 4 7 15 10 17 12 8 1 9 0 2 
1 15 17 14 10 13 4 9 0 18 11 12 16 19 8 2 7 5 6 3 
5 15 3 14 0 4 12 1 9 6 8 11 10 17 2 19 7 13 18 16 
13 19 18 12 11 14 17 1 2 6 0 15 7 10 3 9 5 8 4 16 
16 5 14 7 17 0 3 1 6 2 12 8 9 11 13 19 10 4 18 15 
15 1 11 17 19 0 8 18 2 6 14 16 9 5 7 3 12 4 10 13 
5 1 17 3 18 10 12 19 7 15 0 2 6 11 9 14 8 13 4 16 
12 19 6 13 11 5 14 8 7 2 18 0 4 17 1 15 10 9 16 3 
12 13 11 0 10 15 8 7 3 9 5 14 18 1 6 19 17 4 16 2 
12 18 13 6 2 14 7 10 3 17 19 15 8 11 1 0 9 4 16 5 
9 14 5 17 7 10 16 1 8 6 11 12 2 0 4 19 3 15 18 13 
6 19 14 13 11 8 5 4 12 2 9 0 10 16 18 17 7 1 3 15 
4 2 11 12 14 8 17 0 9 18 19 3 5 13 16 6 1 10 15 7 
8 9 17 2 19 14 13 4 0 11 15 6 5 3 1 16 7 12 18 10 
16 12 2 0 1 3 13 4 14 9 5 11 15 8 19 17 18 6 10 7 
19 14 2 16 17 5 8 12 6 3 13 10 7 11 9 1 0 15 4 18 
17 18 7 1 3 9 6 16 14 12 11 0 5 2 4 8 13 15 19 10 
4 9 13 6 5 8 2 16 7 0 12 11 18 17 19 1 3 14 10 15 
4 6 9 11 8 10 13 7 5 2 0 3 14 12 19 1 16 17 18 15 
6 0 4 12 19 11 2 16 1 17 8 15 18 14 9 7 5 10 3 13 
9 14 2 18 15 8 17 0 5 16 11 4 10 13 3 6 7 12 19 1 
2 9 7 6 14 17 11 12 18 8 1 10 4 16 13 15 19 5 0 3 
7 18 0 10 17 2 12 4 3 19 8 13 1 11 14 6 9 16 15 5 
1 16 17 8 9 11 3 2 6 7 18 5 19 15 4 12 14 10 0 13 
3 10 14 19 12 11 0 4 8 13 7 9 15 1 16 5 17 6 2 18 
15 1 8 5 17 2 11 18 16 19 12 6 3 14 10 9 4 13 7 0 
5 2 13 14 15 10 16 8 19 17 1 0 7 4 6 12 11 9 18 3 
15 0 7 16 9 19 5 12 2 1 17 13 18 6 3 10 8 11 4 14 
15 6 3 2 8 18 5 19 11 9 0 13 16 1 17 10 14 12 4 7 
10 12 19 18 8 2 1 0 6 4 5 16 15 14 13 9 7 17 3 11 
11 16 17 1 0 9 4 3 6 10 18 14 7 5 8 12 15 2 13 19 
4 13 17 6 8 19 12 0 5 16 1 10 7 9 18 2 3 15 14 11 
6 18 10 19 2 0 15 11 4 12 8 1 7 14 17 9 5 3 16 13 
7 19 0 1 3 13 17 2 8 14 4 16 12 5 9 10 11 6 18 15 
2 18 19 0 14 11 13 4 7 5 15 12 17 10 9 3 1 8 16 6 
2 12 17 18 16 5 6 8 15 9 19 13 10 7 4 3 11 14 0 1 
10 7 16 5 12 0 14 3 1 11 13 18 15 17 9 4 19 8 2 6 
14 8 12 11 19 17 3 10 2 9 0 13 16 18 5 7 6 1 15 4 
DURACIONES
(17, 23) (22, 22) (33, 43) (30, 36) (23, 25) (70, 74) (65, 85) (53, 69) (2, 2) (17, 17) (63, 71) (45, 55) (59, 71) (66, 88) (60, 70) (33, 37) (58, 78) (68, 84) (96, 100) (69, 93) 
(66, 80) (76, 96) (23, 29) (42, 42) (45, 55) (12, 14) (79, 105) (13, 17) (73, 81) (73, 75) (43, 53) (52, 56) (42, 50) (51, 69) (80, 86) (78, 78) (1, 1) (89, 93) (32, 34) (53, 67) 
(62, 72) (58, 68) (51, 57) (56, 74) (28, 30) (44, 58) (68, 80) (14, 18) (11, 11) (85, 109) (78, 96) (65, 67) (4, 4) (10, 10) (49, 55) (84, 86) (52, 68) (63, 65) (40, 40) (45, 53) 
(28, 34) (72, 74) (2, 2) (4, 4) (75, 99) (80, 82) (86, 94) (82, 102) (23, 31) (45, 57) (4, 4) (40, 44) (18, 24) (66, 88) (65, 77) (5, 5) (72, 82) (70, 92) (37, 41) (28, 36) 
(17, 19) (13, 13) (79, 99) (43, 47) (55, 63) (80, 100) (75, 97) (67, 75) (5, 5) (49, 59) (36, 48) (52, 68) (32, 32) (15, 17) (84, 88) (67, 73) (7, 7) (14, 18) (77, 85) (4, 4) 
(52, 66) (47, 63) (3, 3) (43, 43) (24, 28) (18, 20) (54, 60) (68, 82) (34, 36) (40, 40) (17, 17) (3, 3) (91, 101) (71, 93) (26, 26) (20, 26) (86, 108) (23, 23) (56, 74) (24, 32) 
(72, 94) (78, 84) (18, 20) (51, 57) (79, 93) (89, 99) (46, 52) (34, 42) (36, 40) (32, 34) (80, 106) (60, 66) (45, 57) (42, 48) (66, 70) (4, 4) (27, 31) (49, 57) (77, 93) (20, 22) 
(42, 50) (7, 9) (5, 5) (28, 30) (31, 33) (29, 39) (3, 3) (9, 11) (44, 46) (68, 72) (71, 83) (1, 1) (60, 64) (69, 89) (43, 57) (2, 2) (17, 19) (77, 101) (74, 98) (18, 24) 
(17, 17) (40, 54) (7, 7) (17, 23) (9, 9) (80, 104) (20, 26) (74, 78) (65, 77) (18, 22) (18, 24) (71, 73) (61, 81) (89, 95) (83, 101) (16, 18) (8, 10) (34, 42) (20, 26) (32, 36) 
(6, 6) (70, 78) (28, 30) (90, 108) (74, 86) (26, 28) (43, 43) (31, 41) (29, 33) (60, 66) (33, 35) (26, 26) (95, 101) (47, 47) (65, 73) (5, 5) (52, 58) (20, 24) (14, 16) (17, 21) 
(77, 77) (11, 13) (88, 104) (84, 84) (19, 25) (15, 17) (52, 66) (81, 107) (59, 79) (60, 76) (75, 87) (12, 14) (42, 48) (57, 65) (25, 29) (24, 28) (11, 13) (77, 95) (78, 86) (81, 89) 
(24, 30) (77, 85) (2, 2) (27, 31) (57, 65) (2, 2) (37, 43) (71, 85) (62, 68) (68, 68) (34, 44) (60, 76) (34, 44) (57, 69) (53, 65) (68, 90) (95, 97) (10, 12) (66, 86) (42, 54) 
(95, 95) (57, 67) (9, 11) (61, 75) (38, 46) (54, 68) (73, 73) (45, 57) (74, 88) (67, 83) (35, 39) (95, 97) (62, 68) (41, 49) (40, 48) (37, 49) (18, 20) (43, 45) (86, 102) (49, 63) 
(20, 26) (65, 75) (21, 27) (4, 4) (85, 87) (78, 102) (84, 88) (72, 94) (74, 76) (40, 52) (83, 101) (86, 102) (20, 26) (28, 30) (6, 6) (3, 3) (33, 33) (11, 13) (49, 53) (15, 15) 
(6, 8) (48, 62) (24, 28) (30, 30) (75, 83) (52, 64) (83, 89) (70, 70) (65, 71) (86, 110) (24, 28) (28, 36) (86, 110) (30, 40) (37, 37) (13, 13) (82, 88) (82, 88) (14, 14) (31, 37) 
(18, 24) (65, 71) (1, 1) (71, 81) (42, 46) (4, 4) (41, 55) (34, 44) (66, 80) (81, 81) (48, 52) (97, 97) (38, 44) (76, 82) (10, 10) (64, 82) (34, 38) (25, 31) (59, 69) (27, 35) 
(71, 81) (48, 62) (36, 46) (42, 50) (69, 91) (96, 102) (94, 104) (54, 64) (14, 14) (84, 88) (61, 77) (23, 25) (52, 56) (29, 39) (28, 36) (94, 102) (72, 76) (62, 72) (22, 26) (55, 57) 
(14, 14) (32, 32) (69, 85) (80, 82) (30, 40) (38, 38) (34, 42) (37, 39) (52, 70) (79, 95) (66, 74) (68, 90) (25, 25) (43, 49) (76, 100) (18, 18) (66, 86) (93, 103) (73, 77) (23, 23) 
(57, 65) (87, 97) (6, 6) (54, 62) (23, 29) (25, 27) (34, 38) (84, 94) (9, 9) (30, 40) (53, 55) (5, 5) (71, 73) (81, 101) (4, 4) (58, 64) (71, 79) (36, 48) (74, 96) (40, 50) 
(45, 47) (76, 102) (42, 56) (80, 92) (14, 14) (62, 62) (53, 53) (56, 62) (23, 31) (76, 96) (9, 11) (80, 94) (86, 112) (4, 4) (74, 94) (61, 63) (67, 81) (30, 30) (58, 78) (84, 88) 
(1, 1) (3, 3) (81, 87) (69, 87) (36, 48) (72, 74) (85, 111) (91, 91) (60, 80) (53, 53) (56, 58) (31, 41) (66, 86) (4, 4) (75, 77) (19, 25) (66, 74) (58, 76) (6, 6) (14, 18) 
(77, 83) (87, 95) (23, 25) (32, 40) (42, 46) (69, 93) (77, 79) (65, 65) (2, 2) (83, 99) (57, 67) (35, 47) (39, 41) (95, 97) (56, 72) (5, 5) (80, 82) (69, 73) (28, 34) (71, 71) 
(3, 3) (59, 77) (55, 55) (13, 13) (77, 89) (12, 14) (12, 12) (87, 109) (76, 96) (10, 10) (68, 72) (56, 62) (89, 89) (70, 78) (73, 93) (29, 31) (51, 61) (88, 110) (59, 77) (58, 76) 
(33, 37) (73, 75) (55, 63) (17, 17) (56, 56) (64, 64) (57, 77) (67, 87) (79, 89) (9, 11) (35, 35) (78, 80) (12, 12) (82, 100) (36, 36) (74, 94) (1, 1) (38, 44) (91, 105) (81, 81) 
(29, 35) (9, 11) (36, 42) (58, 58) (21, 27) (48, 64) (83, 83) (72, 82) (69, 87) (97, 101) (94, 96) (57, 77) (69, 93) (13, 17) (5, 5) (30, 40) (9, 11) (21, 27) (97, 97) (42, 46) 
(51, 59) (36, 46) (85, 113) (26, 28) (83, 105) (12, 12) (32, 34) (3, 3) (62, 80) (5, 5) (75, 101) (23, 27) (58, 74) (78, 82) (39, 39) (77, 103) (72, 86) (49, 63) (56, 64) (5, 5) 
(67, 71) (37, 45) (25, 25) (80, 84) (31, 33) (60, 80) (35, 41) (20, 24) (83, 107) (85, 111) (6, 6) (61, 67) (46, 58) (43, 49) (69, 73) (35, 47) (35, 45) (32, 38) (19, 25) (31, 35) 
(14, 14) (33, 43) (31, 33) (37, 39) (57, 71) (64, 70) (13, 13) (67, 81) (63, 85) (66, 68) (37, 41) (48, 58) (53, 57) (15, 15) (93, 93) (35, 39) (7, 7) (46, 60) (52, 56) (34, 44) 
(83, 85) (70, 84) (6, 6) (39, 51) (81, 101) (75, 79) (11, 13) (86, 106) (23, 25) (89, 91) (47, 61) (46, 58) (46, 52) (87, 107) (71, 89) (84, 84) (41, 47) (35, 39) (68, 90) (5, 5) 
(68, 70) (25, 31) (29, 35) (61, 75) (54, 64) (21, 25) (83, 89) (51, 57) (41, 41) (77, 83) (55, 59) (44, 46) (18, 20) (36, 40) (76, 102) (18, 24) (5, 5) (58, 70) (64, 66) (15, 17) 
(55, 59) (46, 48) (1, 1) (68, 90) (9, 9) (62, 70) (82, 86) (20, 22) (31, 39) (90, 104) (74, 92) (43, 47) (16, 20) (21, 21) (19, 19) (34, 40) (93, 93) (73, 93) (42, 50) (53, 55) 
(40, 52) (11, 13) (40, 48) (67, 83) (32, 32) (13, 17) (42, 56) (4, 4) (25, 33) (72, 80) (56, 74) (36, 42) (70, 76) (52, 56) (63, 63) (71, 85) (17, 19) (87, 95) (3, 3) (84, 102) 
(91, 105) (7, 7) (41, 53) (55, 57) (37, 37) (3, 3) (16, 18) (92, 96) (8, 10) (18, 20) (91, 91) (54, 62) (7, 9) (32, 32) (56, 64) (5, 5) (58, 70) (3, 3) (51, 61) (96, 100) 
(93, 93) (61, 65) (38, 42) (76, 100) (20, 20) (10, 12) (14, 18) (49, 61) (59, 63) (69, 93) (17, 17) (14, 18) (40, 50) (46, 46) (85, 85) (82, 96) (1, 1) (19, 25) (59, 59) (51, 59) 
(65, 87) (81, 91) (71, 95) (26, 26) (4, 4) (52, 70) (62, 82) (73, 89) (41, 47) (45, 51) (15, 19) (72, 72) (13, 15) (43, 49) (41, 51) (71, 89) (72, 76) (10, 12) (49, 65) (2, 2) 
(13, 13) (42, 56) (65, 87) (41, 41) (3, 3) (12, 14) (89, 101) (87, 109) (26, 32) (45, 51) (60, 60) (61, 73) (24, 32) (59, 69) (36, 36) (40, 54) (71, 85) (75, 91) (30, 34) (82, 94) 
(53, 63) (67, 81) (38, 44) (68, 82) (43, 47) (17, 21) (51, 51) (34, 44) (91, 97) (41, 41) (60, 64) (72, 78) (34, 38) (5, 5) (80, 80) (41, 53) (34, 38) (21, 25) (6, 6) (3, 3) 
(87, 97) (61, 67) (1, 1) (65, 65) (2, 2) (82, 92) (43, 47) (70, 76) (30, 30) (57, 77) (60, 76) (32, 34) (33, 37) (64, 66) (45, 55) (84, 102) (32, 40) (18, 18) (37, 41) (49, 59) 
(39, 41) (10, 12) (8, 8) (27, 31) (23, 29) (65, 65) (25, 27) (16, 18) (52, 52) (22, 26) (84, 90) (59, 75) (80, 96) (81, 85) (33, 39) (29, 31) (90, 104) (17, 21) (85, 109) (60, 76) 
(58, 70) (52, 70) (51, 67) (64, 66) (91, 95) (70, 90) (74, 92) (5, 5) (45, 55) (41, 43) (48, 50) (59, 79) (77, 95) (12, 16) (84, 84) (40, 42) (27, 35) (59, 75) (86, 90) (19, 21) 
(44, 46) (19, 25) (2, 2) (78, 88) (58, 64) (54, 56) (83, 87) (69, 75) (35, 39) (48, 64) (68, 78) (57, 73) (19, 19) (40, 44) (49, 53) (83, 93) (2, 2) (1, 1) (1, 1) (29, 31) 
(63, 85) (28, 28) (83, 91) (89, 93) (66, 70) (26, 28) (41, 43) (87, 111) (6, 8) (20, 26) (26, 28) (15, 17) (86, 86) (59, 63) (25, 31) (57, 67) (82, 92) (62, 82) (83, 103) (64, 70) 
(70, 84) (18, 22) (46, 60) (51, 53) (13, 15) (52, 62) (2, 2) (74, 82) (63, 63) (11, 13) (9, 11) (1, 1) (55, 63) (1, 1) (66, 68) (52, 54) (72, 80) (16, 18) (75, 85) (12, 12) 
(72, 76) (80, 92) (75, 81) (47, 63) (70, 80) (35, 39) (31, 41) (44, 54) (43, 57) (92, 94) (50, 54) (74, 80) (77, 89) (25, 33) (80, 88) (56, 64) (84, 100) (57, 65) (31, 31) (3, 3) 
(65, 87) (24, 28) (33, 43) (61, 61) (57, 77) (57, 63) (36, 44) (6, 8) (17, 23) (6, 8) (95, 99) (69, 83) (16, 20) (78, 88) (39, 39) (58, 70) (42, 44) (37, 41) (76, 82) (79, 79) 
(58, 64) (65, 81) (86, 96) (39, 45) (65, 75) (70, 76) (34, 34) (74, 88) (18, 20) (57, 71) (50, 58) (88, 104) (83, 95) (3, 3) (52, 58) (80, 108) (85, 101) (22, 26) (9, 11) (87, 111) 
(65, 81) (10, 10) (6, 6) (63, 71) (21, 23) (44, 56) (4, 4) (26, 32) (32, 36) (13, 17) (40, 52) (30, 34) (66, 66) (27, 29) (67, 67) (55, 71) (55, 65) (37, 41) (63, 67) (18, 20) 
(92, 96) (73, 81) (32, 40) (87, 107) (38, 38) (8, 8) (63, 79) (74, 92) (41, 45) (74, 98) (30, 36) (85, 103) (26, 34) (32, 34) (76, 102) (36, 38) (1, 1) (31, 39) (90, 98) (28, 36) 
(24, 24) (67, 67) (61, 61) (41, 41) (17, 19) (4, 4) (85, 97) (72, 74) (33, 33) (85, 107) (55, 63) (61, 65) (36, 44) (5, 5) (10, 10) (44, 46) (24, 30) (51, 55) (24, 24) (69, 93) 
(27, 35) (92, 106) (14, 14) (63, 65) (83, 95) (40, 46) (84, 102) (28, 36) (31, 33) (26, 26) (20, 24) (31, 35) (80, 98) (36, 46) (35, 45) (74, 100) (23, 29) (84, 112) (53, 53) (84, 112) 
TIEMPOS MAXIMOS DE FIN
(10000, 10000) (10000, 10000) (10000, 10000) (10000, 10000) (10000, 10000) (10000, 10000) (10000, 10000) (10000, 10000) (10000, 10000) (10000, 10000) (10000, 10000) (10000, 10000) (10000, 10000) (10000, 10000) (10000, 10000) (10000, 10000) (10000, 10000) (10000, 10000) (10000, 10000) (10000, 10000) (10000, 10000) (10000, 10000) (10000, 10000) (10000, 10000) (10000, 10000) (10000, 10000) (10000, 10000) (10000, 10000) (10000, 10000) (10000, 10000) (10000, 10000) (10000, 10000) (10000, 10000) (10000, 10000) (10000, 10000) (10000, 10000) (10000, 10000) (10000, 10000) (10000, 10000) (10000, 10000) (10000, 10000) (10000, 10000) (10000, 10000) (10000, 10000) (10000, 10000) (10000, 10000) (10000, 10000) (10000, 10000) (10000, 10000) (10000, 10000) 
// Desviacion Izda: min(0%), max(15%), promedio(6.61873%)
// Desviacion Dcha: min(0%), max(15%), promedio(6.61873%)
