NUMERO DE TRABAJOS
50
NUMERO DE RECURSOS
20
SECUENCIA DE MAQUINAS
9 6 3 2 7 1 15 17 0 18 4 11 5 13 19 10 8 16 12 14 
2 6 13 14 8 18 7 11 9 19 1 15 17 5 12 16 0 4 10 3 
10 11 4 19 9 12 18 17 2 16 7 3 13 6 15 5 14 0 1 8 
9 0 13 2 3 7 4 6 16 10 17 15 8 12 19 18 5 1 11 14 
11 9 5 6 10 19 17 1 15 16 14 4 2 0 12 18 7 13 3 8 
4 8 9 3 15 19 12 17 0 13 6 10 5 14 11 2 18 7 16 1 
4 2 10 19 1 16 15 8 0 5 7 18 9 17 12 14 3 13 11 6 
10 9 2 7 5 11 3 18 12 13 8 4 19 16 15 6 14 1 17 0 
16 4 14 18 6 19 11 15 8 17 12 0 1 9 2 10 3 7 5 13 
12 6 2 11 3 5 15 7 10 1 18 8 0 19 4 17 16 9 14 13 
5 18 12 10 17 14 6 7 8 16 3 1 13 4 9 11 19 0 2 15 
16 14 3 2 7 10 1 13 11 19 0 9 4 5 6 18 17 8 12 15 
6 0 9 5 14 18 3 8 11 2 4 16 12 19 13 15 17 7 1 10 
1 10 14 7 0 6 5 18 12 2 13 15 16 11 9 17 4 19 3 8 
8 3 19 13 18 5 16 6 11 7 10 2 0 12 17 14 15 4 1 9 
9 6 4 0 18 14 2 19 3 5 17 7 13 1 16 11 8 12 10 15 
15 10 4 11 0 16 5 7 2 18 13 19 1 3 12 14 6 9 8 17 
11 6 1 9 15 0 16 10 8 3 13 5 7 17 18 12 2 4 19 14 
17 16 0 14 6 13 18 7 4 19 1 3 8 15 12 11 2 9 5 10 
5 3 18 0 7 2 11 6 8 4 1 14 16 9 12 15 10 17 19 13 
19 13 12 2 11 18 17 15 6 16 10 9 7 1 3 4 14 8 0 5 
14 6 7 1 13 11 2 3 12 4 0 8 16 17 5 10 19 18 9 15 
15 12 5 9 1 13 14 7 4 6 11 0 3 16 17 19 10 2 8 18 
14 3 0 18 19 8 4 9 13 11 12 10 6 1 7 15 17 2 16 5 
18 16 10 1 4 2 19 9 8 12 0 5 13 6 17 7 3 11 15 14 
5 17 10 4 0 9 18 8 11 3 16 15 19 7 14 12 13 1 6 2 
9 18 19 4 0 8 17 12 13 10 16 14 1 6 2 11 3 7 15 5 
16 0 12 8 1 13 10 3 19 6 9 18 4 2 7 15 5 17 14 11 
4 12 14 7 18 17 0 6 1 9 8 11 19 3 10 13 2 16 5 15 
4 3 8 1 17 9 14 11 5 15 10 16 18 13 2 0 6 19 7 12 
6 7 11 12 5 19 9 18 10 1 8 17 3 0 13 14 4 2 16 15 
18 15 17 12 16 19 10 8 14 9 3 1 6 11 2 0 7 5 13 4 
3 16 19 13 11 9 12 4 5 15 2 10 14 8 0 17 6 7 1 18 
5 2 13 17 16 12 11 8 9 1 3 10 15 19 14 18 7 6 4 0 
2 14 7 0 11 18 6 10 16 4 9 19 12 1 15 13 8 3 17 5 
9 18 17 11 15 16 6 19 1 2 10 5 14 12 13 4 3 8 7 0 
4 14 18 7 6 13 5 9 0 3 11 12 2 17 1 10 15 19 16 8 
5 8 17 9 10 16 13 7 2 6 18 19 15 0 14 4 12 11 1 3 
18 8 9 3 16 10 11 4 17 0 12 1 6 15 7 19 2 14 13 5 
1 11 15 7 16 4 3 0 13 10 6 9 14 5 2 8 17 12 19 18 
11 6 13 9 7 0 15 16 8 4 12 5 14 10 1 2 18 17 3 19 
13 15 3 18 14 1 11 16 8 7 9 0 4 6 12 17 2 10 19 5 
12 3 9 5 13 19 4 17 18 6 14 11 1 8 7 16 15 2 0 10 
5 4 17 9 3 16 10 2 0 13 14 11 12 6 1 7 18 15 8 19 
8 18 16 19 4 10 13 3 14 15 2 5 6 17 1 11 9 0 7 12 
14 1 5 17 15 6 12 10 3 7 9 18 11 4 13 8 16 0 19 2 
15 10 9 3 2 8 12 19 17 0 13 4 16 6 1 5 14 7 18 11 
10 1 3 7 14 0 5 11 15 12 4 17 16 6 13 9 19 8 18 2 
12 17 18 2 11 9 10 0 15 5 19 7 8 16 6 13 3 1 14 4 
0 7 9 18 19 14 6 8 1 4 17 12 10 13 16 2 5 11 3 15 
DURACIONES
(54, 70) (3, 3) (77, 77) (40, 50) (37, 47) (74, 80) (41, 43) (68, 88) (17, 23) (78, 84) (37, 41) (82, 100) (12, 14) (46, 60) (28, 32) (90, 100) (70, 94) (62, 78) (37, 37) (47, 63) 
(50, 62) (79, 101) (18, 24) (43, 43) (11, 13) (80, 108) (69, 93) (50, 66) (19, 21) (82, 84) (36, 46) (81, 87) (14, 18) (6, 6) (55, 73) (61, 65) (16, 16) (12, 12) (89, 97) (35, 43) 
(88, 102) (14, 16) (48, 54) (46, 60) (64, 70) (46, 60) (24, 28) (35, 45) (13, 13) (34, 44) (53, 65) (89, 91) (43, 47) (34, 38) (33, 33) (67, 85) (13, 13) (72, 72) (39, 45) (50, 62) 
(50, 52) (71, 93) (62, 64) (63, 69) (18, 24) (57, 75) (64, 80) (33, 37) (63, 85) (51, 69) (84, 100) (26, 30) (77, 101) (54, 62) (33, 43) (13, 15) (84, 94) (15, 19) (84, 92) (13, 15) 
(22, 28) (33, 43) (10, 10) (64, 78) (68, 92) (36, 46) (74, 78) (88, 96) (84, 88) (32, 34) (40, 44) (80, 100) (17, 19) (15, 19) (79, 103) (24, 24) (89, 103) (76, 88) (73, 81) (75, 91) 
(47, 49) (21, 21) (69, 73) (89, 99) (55, 73) (65, 69) (18, 24) (2, 2) (51, 65) (37, 39) (11, 13) (10, 12) (54, 72) (26, 28) (87, 97) (60, 68) (8, 10) (48, 52) (52, 58) (13, 17) 
(31, 35) (95, 103) (42, 56) (63, 69) (68, 86) (81, 95) (41, 43) (7, 9) (59, 69) (2, 2) (78, 94) (68, 76) (24, 28) (79, 93) (49, 53) (1, 1) (39, 41) (29, 37) (63, 85) (6, 6) 
(44, 46) (80, 86) (50, 58) (19, 19) (61, 79) (14, 18) (69, 79) (23, 31) (72, 96) (12, 14) (6, 6) (97, 97) (40, 54) (82, 92) (28, 34) (34, 34) (32, 42) (67, 85) (30, 32) (34, 40) 
(57, 67) (83, 109) (7, 7) (72, 96) (68, 72) (28, 34) (32, 38) (34, 40) (88, 110) (55, 73) (50, 56) (37, 41) (63, 71) (18, 22) (14, 16) (51, 55) (83, 83) (22, 28) (61, 69) (74, 82) 
(93, 99) (24, 24) (85, 91) (61, 61) (10, 10) (73, 81) (42, 50) (47, 51) (81, 101) (41, 41) (32, 42) (63, 75) (37, 37) (73, 97) (13, 15) (29, 39) (72, 94) (26, 34) (33, 41) (4, 4) 
(27, 31) (39, 49) (51, 59) (48, 54) (45, 53) (39, 47) (1, 1) (28, 36) (88, 110) (47, 51) (80, 88) (48, 58) (54, 60) (38, 42) (10, 10) (54, 62) (71, 85) (26, 28) (34, 34) (28, 36) 
(5, 5) (86, 108) (32, 42) (57, 69) (59, 73) (34, 46) (94, 96) (44, 58) (7, 9) (31, 39) (63, 63) (16, 18) (80, 96) (13, 17) (31, 35) (10, 12) (10, 10) (74, 94) (50, 60) (25, 31) 
(19, 21) (7, 7) (22, 24) (22, 26) (10, 12) (33, 43) (53, 59) (72, 74) (20, 24) (25, 33) (11, 13) (80, 92) (1, 1) (20, 26) (6, 6) (45, 45) (61, 79) (25, 25) (1, 1) (69, 89) 
(57, 59) (53, 71) (49, 61) (73, 85) (48, 62) (26, 28) (77, 77) (12, 14) (51, 55) (30, 32) (10, 12) (71, 91) (6, 8) (94, 94) (11, 11) (75, 93) (5, 5) (65, 69) (19, 19) (23, 25) 
(64, 84) (24, 28) (79, 101) (64, 82) (24, 32) (16, 16) (30, 30) (67, 71) (42, 44) (46, 50) (61, 73) (81, 101) (3, 3) (1, 1) (89, 97) (49, 55) (39, 43) (27, 35) (46, 62) (51, 63) 
(58, 58) (1, 1) (87, 97) (83, 83) (92, 106) (62, 66) (7, 7) (19, 25) (28, 30) (43, 53) (64, 76) (59, 79) (56, 64) (45, 57) (52, 66) (18, 20) (22, 28) (65, 69) (63, 71) (65, 77) 
(5, 5) (45, 47) (19, 19) (59, 75) (39, 43) (8, 8) (44, 58) (10, 12) (65, 69) (66, 70) (43, 49) (15, 17) (18, 18) (12, 12) (11, 11) (10, 12) (66, 68) (2, 2) (5, 5) (87, 111) 
(47, 47) (31, 39) (56, 58) (59, 79) (91, 107) (15, 17) (79, 103) (36, 36) (13, 15) (50, 66) (10, 10) (80, 102) (61, 67) (43, 45) (78, 80) (62, 70) (30, 32) (10, 10) (48, 64) (7, 7) 
(43, 47) (3, 3) (54, 60) (42, 46) (29, 39) (27, 27) (73, 75) (78, 98) (31, 33) (4, 4) (93, 103) (22, 28) (6, 8) (65, 81) (45, 47) (12, 16) (57, 75) (80, 94) (53, 57) (6, 6) 
(66, 66) (28, 28) (4, 4) (66, 72) (38, 50) (51, 65) (74, 98) (59, 69) (14, 18) (17, 21) (9, 9) (23, 27) (26, 26) (55, 73) (44, 46) (10, 10) (83, 107) (86, 112) (46, 46) (68, 90) 
(30, 30) (8, 10) (37, 37) (83, 87) (60, 78) (19, 25) (23, 23) (84, 110) (47, 53) (31, 41) (11, 13) (10, 10) (41, 45) (1, 1) (32, 34) (6, 8) (14, 16) (39, 51) (28, 28) (3, 3) 
(44, 44) (54, 64) (85, 99) (27, 35) (67, 71) (53, 53) (55, 71) (92, 96) (71, 77) (47, 59) (67, 67) (21, 27) (9, 9) (31, 31) (78, 90) (45, 55) (18, 20) (70, 86) (3, 3) (35, 43) 
(46, 46) (11, 11) (56, 62) (27, 27) (75, 83) (76, 96) (49, 53) (43, 51) (19, 25) (14, 18) (21, 27) (75, 85) (5, 5) (56, 58) (73, 85) (42, 42) (46, 46) (99, 99) (42, 56) (47, 61) 
(17, 19) (33, 41) (18, 18) (75, 77) (30, 30) (79, 97) (69, 69) (17, 21) (27, 31) (38, 44) (58, 58) (7, 9) (32, 42) (16, 18) (23, 23) (83, 105) (79, 105) (1, 1) (79, 79) (32, 36) 
(26, 32) (83, 87) (90, 92) (37, 49) (56, 74) (6, 6) (60, 78) (4, 4) (80, 108) (63, 81) (67, 85) (83, 83) (20, 22) (42, 48) (9, 11) (72, 96) (48, 52) (65, 83) (38, 40) (53, 57) 
(58, 76) (65, 87) (83, 99) (60, 78) (13, 13) (71, 73) (84, 112) (15, 17) (70, 88) (36, 40) (74, 78) (63, 77) (30, 30) (83, 87) (90, 96) (34, 44) (3, 3) (36, 42) (81, 95) (76, 98) 
(78, 102) (75, 81) (54, 68) (57, 65) (33, 35) (4, 4) (46, 58) (52, 66) (18, 22) (25, 33) (6, 6) (55, 65) (93, 93) (82, 108) (53, 57) (12, 12) (82, 102) (21, 23) (2, 2) (86, 96) 
(58, 68) (73, 97) (75, 77) (68, 76) (36, 44) (40, 44) (4, 4) (65, 67) (63, 63) (75, 87) (8, 8) (53, 69) (32, 34) (84, 112) (93, 95) (89, 107) (30, 40) (80, 100) (57, 61) (23, 31) 
(85, 105) (5, 5) (87, 95) (1, 1) (51, 53) (75, 99) (50, 62) (78, 88) (48, 60) (13, 17) (55, 55) (10, 10) (19, 21) (63, 83) (58, 60) (27, 33) (12, 16) (6, 6) (43, 53) (26, 30) 
(3, 3) (83, 103) (12, 12) (63, 69) (19, 19) (82, 88) (64, 68) (94, 98) (68, 80) (68, 78) (18, 24) (54, 70) (83, 99) (95, 99) (56, 66) (59, 65) (92, 98) (12, 14) (31, 35) (58, 66) 
(53, 55) (65, 71) (39, 49) (4, 4) (58, 66) (77, 95) (80, 90) (37, 47) (55, 55) (67, 71) (60, 74) (71, 71) (70, 88) (60, 72) (1, 1) (12, 12) (57, 75) (81, 107) (37, 45) (38, 48) 
(23, 23) (22, 28) (18, 24) (13, 17) (61, 67) (6, 6) (83, 109) (63, 73) (55, 61) (73, 77) (66, 66) (52, 62) (79, 91) (53, 59) (22, 26) (31, 37) (64, 64) (1, 1) (72, 92) (70, 72) 
(42, 42) (92, 102) (64, 66) (47, 55) (1, 1) (15, 17) (74, 74) (50, 58) (79, 95) (38, 38) (45, 51) (48, 60) (40, 48) (50, 52) (48, 48) (72, 76) (78, 86) (52, 66) (46, 46) (55, 65) 
(52, 68) (44, 56) (83, 89) (6, 8) (10, 10) (11, 13) (45, 55) (67, 67) (65, 65) (38, 44) (41, 53) (59, 59) (40, 46) (1, 1) (84, 110) (63, 71) (69, 93) (34, 34) (23, 31) (34, 44) 
(6, 8) (48, 56) (76, 86) (51, 65) (4, 4) (53, 53) (80, 92) (30, 34) (48, 60) (34, 42) (69, 73) (39, 47) (50, 66) (52, 60) (54, 72) (63, 83) (54, 54) (51, 61) (32, 36) (31, 39) 
(89, 109) (29, 33) (90, 90) (61, 73) (63, 83) (68, 80) (69, 69) (25, 33) (83, 101) (78, 94) (82, 98) (67, 77) (5, 5) (19, 23) (10, 12) (3, 3) (3, 3) (27, 31) (25, 29) (37, 41) 
(66, 84) (71, 71) (76, 102) (30, 32) (39, 39) (67, 73) (5, 5) (58, 62) (13, 13) (32, 32) (19, 25) (1, 1) (52, 60) (49, 57) (80, 88) (45, 49) (91, 91) (80, 90) (14, 14) (10, 10) 
(55, 57) (80, 108) (41, 53) (78, 84) (20, 22) (82, 86) (88, 108) (5, 5) (68, 84) (6, 6) (55, 69) (40, 40) (54, 62) (17, 19) (95, 99) (81, 97) (18, 18) (44, 52) (38, 50) (48, 48) 
(43, 47) (50, 60) (13, 13) (13, 17) (93, 99) (17, 21) (17, 19) (5, 5) (60, 64) (70, 82) (59, 63) (13, 15) (19, 25) (20, 26) (3, 3) (70, 90) (84, 100) (74, 98) (74, 100) (23, 23) 
(10, 10) (61, 79) (5, 5) (34, 42) (38, 46) (63, 65) (96, 102) (24, 32) (27, 33) (70, 94) (92, 92) (62, 66) (32, 40) (49, 63) (11, 11) (73, 83) (2, 2) (18, 18) (28, 36) (51, 57) 
(83, 93) (80, 84) (27, 27) (51, 55) (39, 45) (46, 60) (6, 6) (74, 86) (48, 62) (95, 95) (79, 87) (63, 69) (11, 11) (67, 71) (76, 102) (78, 80) (48, 52) (7, 7) (30, 32) (45, 47) 
(30, 30) (6, 6) (56, 72) (29, 37) (36, 46) (33, 37) (87, 97) (65, 65) (52, 56) (60, 76) (48, 56) (13, 13) (6, 6) (31, 41) (67, 83) (57, 61) (37, 45) (89, 105) (21, 27) (75, 79) 
(64, 76) (43, 49) (31, 33) (34, 34) (57, 77) (9, 11) (30, 34) (32, 32) (5, 5) (4, 4) (41, 41) (13, 13) (23, 25) (13, 13) (14, 14) (83, 87) (34, 38) (18, 18) (1, 1) (20, 26) 
(40, 46) (31, 35) (14, 18) (82, 100) (74, 100) (5, 5) (73, 75) (41, 45) (78, 84) (22, 24) (46, 62) (79, 87) (5, 5) (64, 72) (41, 49) (80, 90) (7, 7) (38, 50) (80, 100) (85, 109) 
(64, 64) (84, 112) (44, 50) (15, 17) (66, 86) (43, 57) (52, 70) (61, 63) (80, 96) (33, 41) (84, 94) (18, 18) (34, 42) (10, 10) (1, 1) (34, 38) (10, 10) (41, 41) (50, 54) (48, 62) 
(74, 82) (82, 96) (71, 81) (48, 52) (88, 90) (62, 74) (44, 52) (1, 1) (68, 86) (92, 106) (43, 49) (47, 53) (76, 86) (16, 20) (55, 65) (59, 71) (32, 42) (7, 9) (41, 53) (31, 31) 
(52, 60) (62, 68) (13, 17) (12, 14) (37, 43) (40, 52) (63, 85) (32, 36) (1, 1) (56, 56) (2, 2) (91, 101) (12, 12) (15, 19) (18, 22) (18, 20) (45, 47) (91, 103) (74, 76) (69, 77) 
(10, 12) (77, 95) (80, 80) (8, 8) (64, 80) (13, 17) (8, 8) (66, 88) (22, 26) (71, 85) (47, 59) (28, 30) (12, 14) (64, 68) (57, 71) (56, 60) (17, 21) (18, 18) (45, 45) (5, 5) 
(96, 98) (73, 73) (12, 14) (32, 36) (5, 5) (82, 86) (60, 60) (19, 25) (37, 43) (3, 3) (8, 8) (59, 69) (23, 23) (64, 68) (3, 3) (31, 39) (59, 63) (7, 7) (28, 36) (38, 50) 
(31, 35) (16, 16) (52, 52) (67, 77) (50, 58) (60, 74) (61, 81) (39, 43) (55, 55) (29, 35) (37, 45) (24, 30) (48, 60) (63, 81) (1, 1) (12, 16) (5, 5) (12, 14) (73, 97) (20, 20) 
TIEMPOS MAXIMOS DE FIN
(10000, 10000) (10000, 10000) (10000, 10000) (10000, 10000) (10000, 10000) (10000, 10000) (10000, 10000) (10000, 10000) (10000, 10000) (10000, 10000) (10000, 10000) (10000, 10000) (10000, 10000) (10000, 10000) (10000, 10000) (10000, 10000) (10000, 10000) (10000, 10000) (10000, 10000) (10000, 10000) (10000, 10000) (10000, 10000) (10000, 10000) (10000, 10000) (10000, 10000) (10000, 10000) (10000, 10000) (10000, 10000) (10000, 10000) (10000, 10000) (10000, 10000) (10000, 10000) (10000, 10000) (10000, 10000) (10000, 10000) (10000, 10000) (10000, 10000) (10000, 10000) (10000, 10000) (10000, 10000) (10000, 10000) (10000, 10000) (10000, 10000) (10000, 10000) (10000, 10000) (10000, 10000) (10000, 10000) (10000, 10000) (10000, 10000) (10000, 10000) 
// Desviacion Izda: min(0%), max(15%), promedio(6.53328%)
// Desviacion Dcha: min(0%), max(15%), promedio(6.53328%)
