NUMERO DE TRABAJOS
50
NUMERO DE RECURSOS
20
SECUENCIA DE MAQUINAS
8 19 17 15 1 2 10 7 13 18 5 6 3 4 14 11 16 0 9 12 
12 11 3 16 1 2 9 8 18 4 0 19 17 15 5 10 13 14 6 7 
8 6 15 14 3 7 19 18 1 11 4 12 17 13 0 2 9 10 16 5 
12 9 5 16 0 2 13 18 6 11 1 19 8 14 7 4 15 10 3 17 
1 3 13 4 18 5 6 9 7 8 15 0 14 10 12 19 16 17 2 11 
16 3 4 14 1 2 10 9 5 0 18 19 8 17 12 15 13 6 7 11 
19 4 15 0 12 13 1 7 18 5 9 3 16 8 11 2 6 14 10 17 
9 10 8 4 14 5 15 7 18 6 13 19 17 2 16 11 0 12 3 1 
9 13 15 7 18 2 11 19 1 8 0 4 3 12 6 16 14 17 10 5 
6 11 17 8 16 7 0 14 4 15 2 13 18 1 9 19 10 5 3 12 
13 4 7 6 15 11 10 9 3 17 16 5 12 1 8 18 14 0 19 2 
3 10 14 0 7 12 9 19 11 5 18 1 13 17 2 6 4 16 15 8 
0 10 2 18 14 12 13 1 3 9 17 15 19 4 5 8 16 6 7 11 
6 11 9 8 15 17 0 4 14 10 12 2 13 18 5 1 16 19 3 7 
1 9 16 17 15 2 5 10 8 14 7 11 13 0 19 3 4 18 12 6 
11 17 5 1 12 18 10 9 2 15 16 6 7 8 14 4 0 19 13 3 
3 5 13 16 14 11 17 12 7 18 15 8 2 0 9 10 4 6 19 1 
16 13 8 17 5 10 18 12 1 4 14 9 6 11 3 7 15 2 0 19 
4 14 15 19 17 18 1 9 8 7 6 5 0 3 16 11 10 12 13 2 
9 15 13 4 14 8 3 2 5 18 7 16 6 11 10 0 17 12 19 1 
18 2 17 16 10 8 12 19 14 1 6 5 0 7 11 3 4 15 13 9 
8 17 11 15 3 6 16 13 12 2 19 9 14 4 18 1 7 10 5 0 
11 17 10 19 12 18 16 5 15 4 1 13 2 7 0 6 14 9 3 8 
18 7 15 9 3 19 16 11 5 13 17 10 12 0 1 14 2 4 6 8 
4 17 6 2 18 5 12 7 0 14 11 15 1 19 16 8 3 9 13 10 
6 1 15 2 18 11 7 14 10 4 0 3 9 13 12 19 17 8 5 16 
15 6 18 17 0 19 1 14 16 9 13 4 5 8 2 12 11 3 7 10 
9 17 10 6 3 0 12 18 16 7 14 4 13 1 8 19 11 5 2 15 
13 4 17 14 5 11 8 0 9 18 12 16 2 6 15 3 10 1 19 7 
2 4 10 12 17 5 7 11 16 15 3 9 0 18 19 6 1 13 8 14 
9 2 15 7 11 17 14 6 12 3 19 0 10 1 13 8 16 5 4 18 
17 4 19 15 0 3 6 2 12 13 1 8 16 7 5 10 14 18 9 11 
13 6 4 12 5 10 11 8 2 18 9 3 14 0 17 1 15 16 19 7 
15 2 3 7 13 16 12 14 8 4 5 0 17 10 6 18 9 11 19 1 
15 8 10 1 18 11 0 17 4 12 3 19 5 2 14 9 16 7 6 13 
4 12 3 18 10 19 17 6 2 1 0 5 7 8 11 14 9 16 13 15 
16 17 9 19 7 1 6 8 3 13 15 12 11 2 14 5 18 4 0 10 
12 2 0 13 4 16 7 3 18 15 5 9 6 10 11 1 19 14 17 8 
15 1 2 16 12 19 0 8 9 5 7 11 18 4 10 3 13 14 6 17 
7 0 12 10 1 18 8 5 19 3 11 15 2 16 13 6 17 4 9 14 
11 2 10 17 7 4 6 19 16 8 9 0 1 5 12 15 13 18 14 3 
15 8 7 5 19 17 18 14 6 16 3 2 10 9 13 12 0 11 4 1 
4 3 12 19 7 11 15 0 14 9 10 18 13 5 2 6 8 17 16 1 
2 7 4 18 17 1 5 8 13 9 15 3 12 6 11 16 0 19 14 10 
13 14 1 2 16 0 11 19 6 7 5 10 15 12 17 9 4 18 3 8 
0 16 3 7 2 17 19 4 12 8 5 6 14 9 18 10 13 1 11 15 
6 13 12 9 2 19 14 18 4 5 10 7 15 8 3 1 0 11 16 17 
8 14 7 10 9 6 0 2 16 12 13 5 19 17 4 15 3 11 18 1 
3 10 7 0 1 13 18 17 8 14 16 15 11 19 5 12 4 9 6 2 
15 5 18 19 17 9 12 14 1 11 2 7 10 0 4 6 16 8 3 13 
DURACIONES
(41, 55) (40, 40) (47, 61) (63, 79) (50, 54) (68, 72) (35, 47) (66, 86) (50, 54) (23, 25) (5, 5) (39, 47) (61, 75) (9, 11) (45, 53) (9, 9) (69, 93) (27, 33) (91, 95) (15, 19) 
(77, 93) (16, 20) (47, 61) (42, 42) (37, 45) (61, 81) (58, 78) (70, 94) (51, 57) (49, 49) (19, 23) (1, 1) (56, 60) (1, 1) (62, 76) (50, 66) (38, 42) (59, 59) (65, 67) (28, 30) 
(30, 36) (32, 36) (71, 83) (40, 44) (82, 108) (2, 2) (68, 74) (63, 83) (18, 20) (22, 28) (42, 48) (77, 99) (17, 21) (40, 40) (40, 44) (16, 18) (80, 82) (64, 80) (68, 72) (67, 67) 
(47, 55) (37, 45) (72, 76) (84, 110) (26, 26) (4, 4) (24, 26) (11, 13) (15, 19) (67, 85) (6, 6) (75, 83) (42, 56) (34, 44) (1, 1) (25, 29) (41, 47) (65, 85) (1, 1) (17, 19) 
(19, 25) (94, 104) (7, 7) (6, 8) (69, 75) (23, 25) (17, 21) (70, 92) (22, 24) (65, 79) (43, 57) (83, 107) (31, 31) (64, 70) (66, 68) (21, 23) (12, 12) (25, 31) (65, 71) (78, 98) 
(45, 59) (51, 51) (41, 47) (36, 40) (60, 68) (10, 12) (61, 63) (20, 20) (53, 55) (14, 16) (72, 94) (77, 81) (47, 63) (42, 54) (37, 39) (32, 42) (37, 47) (70, 92) (86, 92) (57, 63) 
(77, 87) (40, 46) (54, 60) (1, 1) (83, 95) (10, 12) (38, 44) (48, 52) (58, 78) (2, 2) (4, 4) (62, 68) (17, 23) (52, 60) (45, 47) (33, 39) (31, 35) (51, 61) (13, 13) (46, 54) 
(42, 48) (11, 11) (61, 65) (51, 67) (59, 79) (38, 40) (43, 45) (56, 66) (65, 69) (63, 81) (64, 84) (56, 62) (14, 18) (23, 29) (79, 101) (66, 66) (48, 64) (44, 50) (84, 106) (39, 39) 
(80, 104) (2, 2) (78, 98) (87, 93) (42, 48) (81, 95) (78, 102) (93, 95) (29, 39) (1, 1) (78, 84) (57, 71) (65, 75) (50, 60) (6, 8) (29, 37) (20, 22) (33, 37) (59, 65) (55, 67) 
(82, 96) (20, 22) (61, 61) (16, 20) (73, 81) (19, 21) (41, 43) (59, 59) (77, 81) (12, 12) (53, 59) (13, 15) (19, 23) (41, 45) (79, 99) (31, 31) (62, 80) (84, 100) (47, 47) (61, 81) 
(57, 65) (73, 95) (3, 3) (64, 82) (30, 40) (32, 40) (74, 84) (77, 99) (50, 58) (89, 103) (20, 24) (64, 76) (9, 11) (4, 4) (68, 84) (38, 42) (81, 89) (76, 92) (89, 97) (61, 69) 
(63, 73) (67, 77) (67, 81) (93, 101) (63, 63) (29, 37) (85, 107) (4, 4) (55, 71) (28, 34) (1, 1) (88, 108) (34, 44) (64, 66) (62, 82) (17, 23) (6, 8) (63, 63) (31, 35) (24, 28) 
(37, 45) (60, 70) (30, 38) (71, 71) (17, 21) (45, 53) (77, 97) (57, 65) (78, 80) (58, 64) (26, 32) (20, 24) (64, 84) (64, 72) (59, 61) (21, 25) (72, 92) (29, 37) (87, 101) (36, 48) 
(17, 17) (34, 46) (39, 41) (24, 32) (6, 6) (61, 63) (72, 94) (85, 105) (41, 47) (81, 101) (76, 82) (39, 39) (58, 78) (76, 82) (1, 1) (19, 21) (86, 106) (54, 70) (56, 68) (70, 70) 
(37, 41) (79, 99) (36, 38) (7, 7) (81, 87) (52, 68) (56, 66) (64, 82) (56, 72) (63, 83) (3, 3) (75, 75) (3, 3) (47, 49) (72, 76) (65, 69) (38, 40) (29, 35) (61, 77) (24, 26) 
(9, 9) (79, 87) (26, 34) (3, 3) (27, 35) (84, 102) (86, 86) (47, 51) (34, 34) (84, 98) (54, 58) (80, 80) (29, 37) (73, 81) (31, 39) (58, 68) (62, 82) (43, 49) (19, 25) (64, 82) 
(19, 23) (40, 52) (32, 34) (51, 57) (20, 24) (62, 66) (20, 20) (67, 85) (73, 81) (93, 101) (24, 32) (46, 62) (78, 84) (92, 98) (74, 88) (66, 78) (78, 82) (75, 75) (18, 18) (73, 89) 
(51, 53) (26, 34) (38, 38) (62, 78) (22, 22) (13, 17) (61, 71) (25, 27) (47, 63) (34, 34) (13, 13) (56, 74) (84, 90) (33, 43) (81, 89) (87, 91) (76, 78) (21, 23) (63, 71) (41, 47) 
(54, 72) (90, 100) (17, 19) (89, 99) (69, 77) (44, 58) (35, 35) (56, 58) (34, 42) (62, 68) (66, 72) (51, 69) (78, 102) (60, 76) (32, 32) (34, 46) (10, 12) (69, 81) (94, 100) (51, 51) 
(67, 69) (35, 39) (34, 44) (12, 14) (65, 87) (71, 83) (6, 6) (6, 6) (46, 60) (36, 46) (71, 73) (65, 77) (46, 46) (21, 27) (45, 47) (48, 52) (11, 13) (34, 44) (91, 93) (46, 62) 
(93, 93) (81, 109) (8, 8) (27, 27) (47, 59) (65, 85) (3, 3) (42, 42) (5, 5) (21, 27) (69, 77) (77, 99) (50, 64) (19, 21) (95, 103) (38, 40) (66, 82) (70, 80) (38, 50) (24, 24) 
(82, 84) (13, 15) (61, 71) (84, 108) (11, 11) (36, 36) (17, 23) (5, 5) (71, 73) (37, 39) (70, 88) (10, 10) (23, 31) (27, 27) (90, 90) (7, 9) (75, 91) (10, 10) (54, 68) (61, 77) 
(22, 22) (54, 58) (51, 57) (50, 50) (48, 54) (8, 10) (15, 15) (33, 39) (17, 23) (69, 89) (44, 58) (79, 89) (40, 40) (55, 63) (48, 48) (27, 27) (65, 65) (38, 50) (34, 46) (78, 88) 
(5, 5) (66, 84) (43, 43) (17, 17) (10, 10) (83, 101) (22, 22) (32, 40) (7, 7) (66, 76) (77, 77) (62, 78) (9, 11) (22, 26) (78, 78) (68, 86) (48, 64) (42, 42) (15, 17) (42, 54) 
(36, 38) (95, 97) (69, 93) (11, 13) (80, 104) (74, 98) (54, 72) (77, 99) (28, 28) (54, 60) (54, 62) (20, 26) (4, 4) (81, 109) (77, 83) (11, 13) (78, 86) (52, 54) (5, 5) (65, 85) 
(50, 66) (54, 64) (57, 73) (76, 80) (67, 69) (43, 57) (35, 41) (85, 109) (68, 76) (91, 97) (53, 65) (42, 42) (5, 5) (19, 19) (26, 28) (46, 62) (64, 74) (2, 2) (51, 61) (45, 57) 
(4, 4) (6, 8) (35, 37) (31, 39) (74, 86) (93, 97) (45, 57) (52, 66) (85, 101) (5, 5) (53, 69) (4, 4) (39, 47) (30, 30) (81, 105) (73, 79) (40, 44) (88, 110) (29, 31) (44, 48) 
(80, 96) (64, 86) (80, 82) (38, 42) (54, 68) (90, 98) (77, 79) (24, 24) (18, 20) (43, 45) (83, 109) (22, 24) (77, 103) (93, 95) (72, 88) (83, 111) (22, 26) (43, 45) (46, 62) (47, 57) 
(5, 5) (95, 103) (59, 61) (75, 99) (57, 71) (34, 38) (70, 86) (29, 35) (4, 4) (18, 18) (25, 27) (82, 92) (63, 85) (26, 26) (80, 100) (40, 50) (32, 38) (49, 59) (24, 30) (23, 23) 
(88, 98) (95, 95) (11, 11) (14, 14) (97, 101) (80, 92) (38, 44) (23, 29) (44, 56) (67, 81) (21, 21) (6, 6) (62, 72) (83, 91) (45, 47) (72, 96) (11, 11) (83, 95) (87, 91) (63, 69) 
(44, 56) (66, 76) (64, 78) (5, 5) (56, 64) (25, 33) (17, 17) (28, 30) (89, 107) (61, 61) (76, 98) (53, 63) (6, 6) (59, 61) (72, 96) (80, 104) (21, 25) (23, 27) (23, 23) (49, 65) 
(65, 85) (52, 68) (73, 81) (41, 55) (80, 94) (50, 54) (95, 101) (8, 8) (50, 60) (89, 105) (52, 58) (61, 75) (55, 63) (90, 90) (44, 56) (97, 99) (57, 57) (41, 45) (71, 73) (32, 38) 
(43, 49) (22, 22) (10, 12) (45, 53) (34, 34) (28, 32) (71, 87) (65, 79) (75, 79) (47, 47) (53, 57) (60, 66) (51, 65) (88, 90) (66, 76) (82, 106) (84, 106) (13, 13) (84, 110) (44, 48) 
(23, 27) (87, 109) (71, 71) (68, 68) (7, 9) (64, 80) (57, 57) (36, 42) (72, 94) (16, 18) (77, 103) (31, 31) (69, 93) (6, 6) (84, 110) (89, 107) (75, 89) (77, 87) (46, 58) (82, 82) 
(39, 45) (72, 82) (63, 79) (17, 21) (77, 83) (28, 34) (57, 75) (84, 96) (16, 20) (13, 17) (76, 76) (53, 63) (86, 98) (30, 38) (60, 72) (8, 8) (65, 65) (61, 73) (72, 96) (39, 45) 
(41, 41) (36, 48) (62, 76) (73, 89) (87, 103) (15, 17) (41, 49) (47, 57) (45, 51) (32, 38) (69, 75) (70, 90) (81, 81) (4, 4) (3, 3) (4, 4) (82, 110) (52, 54) (14, 14) (77, 83) 
(6, 6) (6, 6) (12, 12) (82, 90) (26, 26) (46, 58) (65, 75) (85, 101) (77, 85) (30, 32) (89, 89) (93, 105) (95, 103) (68, 74) (72, 76) (6, 8) (38, 48) (83, 89) (1, 1) (88, 98) 
(43, 45) (48, 60) (32, 40) (35, 45) (68, 68) (46, 52) (41, 49) (57, 59) (40, 48) (63, 67) (66, 78) (56, 74) (53, 53) (45, 51) (82, 98) (98, 98) (53, 67) (69, 73) (24, 30) (44, 52) 
(9, 9) (15, 17) (55, 57) (25, 29) (43, 57) (50, 64) (48, 62) (79, 95) (38, 50) (40, 54) (29, 29) (80, 84) (70, 90) (38, 48) (67, 83) (10, 10) (68, 72) (33, 43) (25, 31) (2, 2) 
(25, 33) (91, 91) (82, 88) (45, 57) (76, 96) (34, 34) (68, 78) (12, 12) (12, 16) (48, 54) (1, 1) (36, 40) (73, 75) (90, 94) (57, 63) (40, 46) (31, 41) (21, 25) (71, 93) (30, 30) 
(20, 22) (92, 102) (4, 4) (80, 90) (20, 22) (47, 63) (34, 34) (59, 65) (77, 79) (11, 11) (33, 35) (17, 17) (3, 3) (38, 48) (33, 43) (39, 49) (43, 47) (16, 18) (3, 3) (83, 83) 
(28, 30) (6, 6) (40, 50) (14, 16) (56, 64) (25, 33) (86, 108) (87, 95) (12, 14) (7, 9) (43, 57) (45, 47) (66, 78) (79, 93) (7, 7) (30, 30) (24, 32) (12, 14) (25, 29) (41, 43) 
(38, 38) (10, 10) (87, 99) (6, 6) (68, 76) (38, 38) (71, 75) (82, 94) (42, 46) (57, 75) (74, 84) (44, 50) (53, 69) (6, 6) (58, 70) (16, 20) (2, 2) (6, 6) (90, 92) (36, 38) 
(20, 22) (19, 21) (44, 58) (91, 101) (48, 54) (38, 46) (49, 55) (37, 37) (74, 96) (16, 20) (38, 50) (60, 60) (58, 78) (3, 3) (6, 6) (19, 21) (73, 89) (84, 108) (26, 34) (8, 10) 
(16, 16) (49, 59) (47, 59) (54, 60) (46, 46) (76, 92) (1, 1) (74, 78) (25, 27) (7, 7) (69, 69) (84, 92) (25, 33) (69, 77) (30, 34) (48, 54) (4, 4) (71, 77) (74, 76) (68, 82) 
(25, 29) (48, 60) (83, 97) (23, 27) (90, 104) (64, 72) (12, 16) (49, 59) (26, 32) (12, 16) (7, 9) (1, 1) (53, 67) (13, 13) (15, 17) (39, 43) (70, 92) (31, 39) (17, 19) (69, 89) 
(48, 64) (7, 7) (31, 31) (52, 58) (85, 85) (30, 40) (76, 88) (60, 66) (34, 36) (50, 58) (51, 53) (73, 81) (73, 91) (84, 104) (81, 81) (25, 25) (21, 27) (50, 62) (22, 24) (68, 90) 
(30, 36) (45, 55) (19, 25) (67, 73) (51, 67) (49, 53) (71, 89) (80, 88) (40, 54) (86, 90) (27, 27) (18, 18) (34, 34) (42, 52) (4, 4) (38, 44) (55, 57) (42, 42) (23, 29) (61, 71) 
(30, 32) (76, 90) (9, 9) (33, 35) (55, 69) (80, 86) (59, 63) (35, 47) (51, 65) (89, 103) (87, 87) (18, 18) (52, 60) (2, 2) (87, 103) (19, 23) (44, 58) (13, 13) (31, 31) (86, 106) 
(57, 67) (85, 105) (7, 9) (3, 3) (23, 31) (17, 21) (31, 41) (83, 111) (86, 88) (53, 71) (80, 92) (18, 24) (36, 38) (10, 12) (11, 11) (65, 69) (74, 94) (34, 34) (48, 48) (96, 98) 
TIEMPOS MAXIMOS DE FIN
(10000, 10000) (10000, 10000) (10000, 10000) (10000, 10000) (10000, 10000) (10000, 10000) (10000, 10000) (10000, 10000) (10000, 10000) (10000, 10000) (10000, 10000) (10000, 10000) (10000, 10000) (10000, 10000) (10000, 10000) (10000, 10000) (10000, 10000) (10000, 10000) (10000, 10000) (10000, 10000) (10000, 10000) (10000, 10000) (10000, 10000) (10000, 10000) (10000, 10000) (10000, 10000) (10000, 10000) (10000, 10000) (10000, 10000) (10000, 10000) (10000, 10000) (10000, 10000) (10000, 10000) (10000, 10000) (10000, 10000) (10000, 10000) (10000, 10000) (10000, 10000) (10000, 10000) (10000, 10000) (10000, 10000) (10000, 10000) (10000, 10000) (10000, 10000) (10000, 10000) (10000, 10000) (10000, 10000) (10000, 10000) (10000, 10000) (10000, 10000) 
// Desviacion Izda: min(0%), max(15%), promedio(6.67813%)
// Desviacion Dcha: min(0%), max(15%), promedio(6.67813%)
