NUMERO DE TRABAJOS
50
NUMERO DE RECURSOS
20
SECUENCIA DE MAQUINAS
15 2 17 11 3 19 5 14 7 10 18 1 12 9 13 4 6 16 0 8 
10 18 14 1 9 6 5 16 11 19 0 4 3 2 15 17 7 13 8 12 
16 12 8 3 6 9 18 19 4 10 13 11 5 14 15 1 0 17 2 7 
8 12 6 19 4 5 14 2 11 16 18 10 0 17 9 13 1 7 15 3 
18 16 17 3 8 14 15 5 1 9 19 13 11 0 2 6 4 12 10 7 
7 3 12 16 10 18 6 4 9 19 15 11 0 17 2 5 14 13 8 1 
18 19 7 5 10 16 15 6 13 17 1 2 14 12 3 9 4 8 11 0 
15 13 8 19 6 11 3 0 18 9 16 1 2 12 7 4 14 10 5 17 
1 0 18 6 17 16 5 13 10 15 9 19 4 12 14 2 3 8 7 11 
18 2 17 0 5 1 13 9 10 11 7 6 12 14 3 15 8 16 4 19 
10 1 5 3 19 2 4 18 15 13 6 12 9 0 7 8 11 14 17 16 
11 14 6 2 9 4 0 1 8 7 18 13 19 15 16 17 3 5 12 10 
16 0 13 11 2 8 5 9 4 7 15 14 18 10 12 19 3 6 1 17 
7 0 13 5 14 9 3 15 4 8 11 12 19 17 16 2 1 6 10 18 
3 11 10 6 8 5 17 9 14 12 2 16 18 7 1 15 19 4 13 0 
13 14 17 11 16 5 2 3 6 1 18 9 15 12 0 4 19 8 10 7 
8 13 10 7 9 12 2 14 6 18 11 1 4 19 17 3 0 16 5 15 
7 16 2 6 3 5 1 0 9 13 14 12 18 4 10 11 15 19 17 8 
17 7 1 16 18 9 10 11 6 2 15 5 3 19 14 12 4 13 8 0 
12 6 16 11 8 14 0 19 1 2 10 3 18 17 7 9 13 5 15 4 
13 3 7 1 6 19 16 11 14 17 2 18 4 10 8 15 0 5 9 12 
1 12 18 5 19 2 14 17 10 3 9 4 13 11 0 6 15 7 8 16 
6 4 8 11 17 13 5 12 1 9 15 10 2 0 19 3 16 18 14 7 
4 7 5 19 12 9 15 1 17 6 16 18 14 0 13 3 10 11 2 8 
10 2 0 13 4 16 12 1 7 15 5 9 3 6 18 14 17 8 11 19 
11 14 7 16 3 10 6 13 4 2 0 15 5 18 1 9 17 8 12 19 
4 16 8 3 0 17 5 12 2 7 9 18 14 10 13 19 11 6 1 15 
16 5 7 10 8 17 14 0 13 18 15 12 1 6 11 19 2 4 9 3 
12 8 7 17 2 4 9 18 1 5 10 13 11 19 0 15 14 16 6 3 
15 3 16 19 6 11 8 0 12 5 9 4 18 1 7 13 2 10 17 14 
13 9 1 0 8 11 5 10 17 18 16 2 14 19 4 3 7 6 12 15 
11 16 4 17 18 6 3 13 12 19 14 15 1 7 0 5 9 10 8 2 
1 3 9 0 5 17 8 7 13 11 18 10 16 4 6 2 12 19 15 14 
15 0 10 4 2 8 6 12 13 7 18 3 16 11 14 5 19 17 1 9 
7 3 13 1 12 2 9 15 8 14 6 10 11 4 0 18 5 16 17 19 
18 6 3 9 10 13 12 5 7 19 15 1 8 17 11 4 0 14 2 16 
15 13 4 0 2 10 3 8 19 9 17 11 18 6 1 7 5 16 12 14 
7 19 18 16 8 12 4 6 0 14 9 2 15 5 3 1 13 10 11 17 
17 7 19 16 2 13 18 11 0 1 3 10 15 6 9 4 8 12 14 5 
9 18 2 4 1 10 17 5 0 8 3 15 12 6 16 11 19 7 14 13 
7 18 1 9 5 13 16 11 19 14 2 15 3 17 8 12 6 4 0 10 
5 4 10 16 7 1 2 11 0 13 8 14 6 19 3 18 9 17 15 12 
2 13 10 6 1 15 18 7 12 19 11 3 5 16 0 14 8 17 4 9 
2 13 17 0 19 7 12 6 10 3 1 18 4 11 16 8 14 5 15 9 
7 5 14 16 1 17 15 6 8 12 4 18 2 11 19 10 0 9 13 3 
11 16 2 7 19 3 14 4 6 8 5 17 10 15 12 13 9 1 0 18 
2 15 4 18 3 12 6 9 19 8 5 0 13 10 7 11 14 16 17 1 
18 17 19 1 3 14 13 15 8 0 5 7 10 12 4 11 9 6 2 16 
17 4 6 16 15 11 12 8 10 1 2 3 7 13 14 5 0 9 18 19 
7 15 6 3 12 9 8 0 2 18 17 11 10 16 5 4 13 14 1 19 
DURACIONES
(32, 42) (64, 64) (13, 17) (46, 58) (68, 74) (37, 39) (47, 59) (61, 79) (73, 79) (72, 80) (55, 67) (9, 11) (44, 58) (55, 63) (12, 12) (63, 85) (54, 68) (51, 53) (58, 78) (17, 21) 
(69, 89) (62, 80) (32, 32) (16, 20) (8, 10) (85, 113) (73, 97) (89, 99) (41, 41) (1, 1) (16, 20) (94, 102) (2, 2) (42, 52) (49, 65) (42, 46) (25, 25) (47, 49) (12, 12) (22, 26) 
(47, 53) (51, 59) (24, 26) (21, 27) (42, 44) (55, 73) (37, 43) (33, 41) (28, 32) (62, 80) (58, 70) (13, 13) (32, 34) (25, 27) (42, 42) (56, 72) (54, 56) (75, 77) (16, 18) (7, 9) 
(31, 31) (19, 25) (38, 38) (9, 9) (74, 94) (58, 78) (31, 39) (89, 99) (68, 90) (68, 90) (36, 44) (37, 41) (8, 10) (34, 38) (71, 93) (37, 41) (32, 34) (38, 48) (83, 89) (69, 79) 
(15, 19) (64, 82) (52, 58) (27, 33) (24, 32) (31, 39) (71, 73) (29, 31) (49, 51) (3, 3) (80, 88) (69, 75) (4, 4) (65, 81) (51, 57) (13, 17) (55, 73) (43, 43) (9, 11) (74, 86) 
(52, 58) (12, 14) (63, 65) (94, 94) (87, 91) (20, 22) (27, 35) (80, 84) (46, 62) (14, 18) (8, 8) (85, 113) (61, 79) (19, 25) (86, 92) (62, 68) (53, 59) (85, 99) (14, 16) (72, 82) 
(36, 46) (4, 4) (39, 45) (77, 85) (70, 94) (54, 58) (70, 88) (90, 104) (45, 49) (84, 98) (44, 52) (78, 94) (26, 30) (73, 87) (82, 96) (87, 95) (43, 45) (57, 77) (57, 77) (52, 54) 
(26, 28) (89, 103) (42, 44) (20, 26) (43, 57) (73, 83) (40, 52) (12, 14) (47, 61) (20, 20) (32, 42) (21, 23) (12, 14) (53, 53) (4, 4) (46, 60) (6, 8) (52, 54) (51, 61) (4, 4) 
(26, 30) (72, 94) (62, 64) (65, 87) (2, 2) (11, 11) (14, 18) (51, 59) (71, 85) (49, 61) (66, 88) (30, 34) (26, 28) (44, 48) (16, 18) (42, 48) (38, 42) (94, 94) (9, 11) (12, 12) 
(56, 62) (79, 83) (84, 86) (84, 90) (37, 37) (29, 31) (31, 33) (9, 11) (68, 76) (89, 109) (23, 23) (28, 36) (25, 29) (32, 32) (66, 88) (6, 6) (56, 64) (74, 96) (69, 89) (57, 75) 
(79, 99) (8, 8) (75, 95) (46, 52) (50, 58) (12, 14) (30, 34) (29, 37) (48, 58) (72, 80) (79, 87) (68, 82) (28, 30) (75, 83) (61, 69) (47, 53) (34, 40) (18, 18) (36, 36) (40, 52) 
(45, 57) (5, 5) (6, 6) (56, 72) (30, 36) (12, 16) (36, 48) (12, 12) (79, 105) (59, 77) (83, 105) (29, 29) (81, 97) (36, 44) (9, 11) (39, 47) (7, 9) (82, 82) (77, 99) (79, 93) 
(6, 8) (80, 90) (12, 12) (54, 58) (55, 67) (6, 6) (71, 83) (56, 72) (37, 43) (13, 13) (79, 93) (34, 42) (77, 101) (91, 105) (36, 48) (92, 94) (75, 97) (95, 99) (29, 37) (22, 22) 
(75, 97) (41, 49) (91, 107) (70, 90) (8, 8) (76, 76) (36, 48) (14, 14) (77, 85) (76, 94) (77, 99) (15, 17) (48, 48) (22, 24) (24, 30) (47, 51) (42, 42) (5, 5) (59, 63) (23, 29) 
(33, 39) (52, 68) (70, 90) (29, 39) (30, 30) (52, 54) (88, 94) (2, 2) (86, 92) (30, 32) (55, 67) (31, 39) (66, 72) (26, 30) (16, 16) (60, 80) (75, 101) (1, 1) (87, 107) (33, 33) 
(46, 50) (21, 21) (59, 69) (48, 52) (79, 79) (23, 29) (19, 21) (10, 12) (15, 17) (3, 3) (52, 70) (27, 31) (85, 109) (58, 74) (89, 107) (44, 58) (52, 56) (48, 52) (87, 105) (32, 34) 
(59, 63) (14, 18) (29, 31) (29, 31) (83, 109) (30, 40) (19, 21) (61, 65) (56, 66) (14, 16) (44, 46) (63, 63) (66, 66) (55, 67) (69, 71) (65, 85) (89, 89) (87, 107) (17, 17) (51, 69) 
(71, 85) (38, 44) (8, 10) (8, 8) (25, 27) (60, 78) (53, 57) (26, 34) (7, 7) (27, 27) (58, 60) (31, 35) (17, 19) (72, 82) (49, 65) (85, 95) (23, 25) (39, 43) (6, 6) (67, 75) 
(52, 70) (27, 27) (46, 46) (27, 33) (44, 48) (14, 16) (21, 27) (86, 112) (39, 49) (1, 1) (16, 16) (10, 12) (13, 17) (35, 41) (52, 56) (13, 13) (72, 74) (65, 71) (73, 97) (47, 61) 
(12, 16) (31, 35) (57, 73) (85, 109) (73, 75) (50, 60) (18, 18) (65, 87) (72, 76) (67, 73) (69, 87) (13, 17) (40, 40) (19, 25) (56, 56) (58, 78) (31, 31) (52, 54) (17, 21) (77, 101) 
(60, 62) (84, 110) (86, 98) (56, 72) (78, 100) (49, 53) (65, 71) (79, 87) (19, 23) (5, 5) (5, 5) (80, 90) (57, 77) (92, 96) (96, 98) (65, 77) (36, 42) (51, 65) (29, 31) (82, 82) 
(72, 92) (20, 20) (79, 85) (12, 16) (71, 71) (79, 103) (61, 61) (19, 19) (62, 72) (70, 86) (50, 56) (50, 62) (35, 45) (51, 51) (45, 47) (89, 101) (38, 38) (12, 12) (8, 10) (87, 93) 
(89, 105) (80, 100) (29, 39) (86, 112) (27, 29) (83, 85) (60, 70) (57, 57) (29, 29) (87, 87) (12, 14) (20, 26) (48, 54) (77, 99) (36, 36) (7, 7) (34, 34) (16, 20) (59, 59) (84, 108) 
(18, 20) (79, 91) (91, 91) (27, 33) (59, 79) (2, 2) (88, 104) (21, 21) (72, 90) (28, 36) (79, 79) (43, 49) (82, 102) (86, 90) (3, 3) (20, 20) (46, 60) (18, 24) (50, 64) (17, 23) 
(8, 10) (5, 5) (44, 56) (26, 26) (64, 70) (60, 68) (29, 39) (63, 83) (28, 30) (50, 62) (7, 7) (68, 72) (47, 61) (40, 54) (74, 90) (26, 34) (17, 17) (91, 93) (2, 2) (20, 26) 
(37, 45) (70, 88) (68, 76) (86, 90) (1, 1) (58, 70) (98, 100) (32, 32) (53, 57) (68, 92) (26, 30) (80, 94) (57, 73) (31, 41) (69, 75) (5, 5) (12, 14) (52, 60) (32, 32) (63, 81) 
(49, 63) (77, 93) (46, 58) (59, 69) (60, 60) (70, 92) (43, 45) (41, 45) (8, 10) (4, 4) (58, 64) (23, 25) (57, 67) (48, 64) (17, 17) (9, 9) (26, 32) (43, 47) (62, 64) (7, 7) 
(60, 68) (66, 70) (81, 107) (44, 48) (14, 18) (10, 10) (73, 89) (17, 21) (81, 101) (73, 77) (82, 108) (19, 23) (48, 52) (81, 83) (2, 2) (64, 82) (49, 61) (88, 98) (35, 43) (31, 39) 
(69, 69) (61, 69) (24, 26) (44, 58) (28, 28) (67, 85) (1, 1) (3, 3) (6, 6) (66, 82) (10, 12) (54, 64) (81, 101) (10, 10) (33, 37) (8, 8) (26, 28) (34, 36) (28, 28) (90, 104) 
(38, 44) (39, 51) (47, 59) (12, 14) (90, 94) (52, 60) (40, 44) (47, 49) (57, 77) (91, 103) (75, 85) (56, 58) (76, 84) (9, 11) (84, 96) (24, 28) (64, 72) (31, 39) (83, 85) (96, 102) 
(39, 47) (68, 68) (24, 32) (69, 83) (32, 32) (17, 23) (77, 101) (25, 31) (41, 51) (17, 17) (35, 47) (28, 36) (32, 42) (31, 33) (41, 55) (43, 51) (31, 33) (2, 2) (26, 26) (37, 37) 
(75, 91) (7, 9) (5, 5) (23, 25) (62, 76) (64, 74) (93, 93) (47, 61) (89, 91) (15, 15) (60, 66) (70, 72) (76, 92) (72, 84) (62, 62) (78, 90) (90, 108) (81, 83) (28, 32) (46, 56) 
(62, 76) (63, 65) (75, 75) (23, 23) (89, 97) (41, 55) (11, 11) (17, 19) (78, 100) (85, 107) (68, 72) (86, 112) (50, 54) (63, 77) (21, 25) (85, 85) (50, 50) (75, 87) (15, 19) (5, 5) 
(86, 88) (51, 59) (41, 55) (80, 90) (15, 19) (79, 79) (63, 83) (17, 21) (20, 24) (34, 40) (12, 12) (17, 21) (9, 9) (5, 5) (4, 4) (79, 91) (82, 94) (41, 51) (9, 11) (4, 4) 
(83, 89) (33, 39) (78, 102) (59, 67) (41, 55) (4, 4) (13, 17) (15, 15) (14, 16) (37, 41) (65, 81) (80, 98) (54, 62) (80, 80) (65, 77) (46, 62) (23, 27) (41, 41) (73, 95) (66, 80) 
(38, 46) (44, 52) (82, 94) (65, 77) (61, 75) (24, 26) (31, 35) (84, 92) (55, 69) (51, 51) (42, 56) (74, 78) (22, 22) (45, 49) (61, 65) (58, 64) (16, 16) (9, 11) (87, 101) (43, 51) 
(31, 33) (39, 43) (99, 99) (45, 51) (79, 85) (50, 54) (45, 47) (57, 77) (55, 71) (16, 16) (23, 25) (32, 32) (79, 97) (66, 82) (12, 14) (24, 24) (76, 88) (25, 31) (72, 76) (13, 15) 
(55, 57) (55, 65) (60, 80) (93, 93) (21, 23) (56, 68) (50, 50) (2, 2) (13, 17) (96, 102) (17, 23) (41, 49) (6, 6) (79, 83) (12, 14) (50, 52) (11, 13) (11, 13) (48, 62) (31, 39) 
(42, 50) (11, 13) (79, 105) (23, 23) (97, 101) (10, 12) (89, 109) (79, 97) (22, 22) (18, 18) (25, 33) (48, 58) (48, 64) (56, 56) (42, 44) (47, 59) (9, 11) (40, 42) (57, 65) (12, 12) 
(43, 55) (45, 51) (24, 26) (39, 41) (20, 20) (10, 10) (89, 103) (7, 9) (44, 52) (79, 103) (88, 88) (29, 31) (86, 94) (50, 56) (24, 26) (28, 36) (42, 44) (48, 52) (3, 3) (4, 4) 
(88, 92) (41, 43) (20, 20) (12, 12) (53, 69) (77, 101) (2, 2) (50, 64) (25, 27) (73, 81) (32, 32) (40, 42) (79, 99) (42, 48) (52, 58) (32, 42) (59, 73) (11, 11) (1, 1) (50, 60) 
(20, 24) (34, 44) (26, 26) (78, 92) (56, 66) (51, 57) (27, 27) (22, 28) (28, 34) (43, 51) (53, 55) (16, 16) (73, 81) (27, 31) (67, 75) (24, 24) (84, 88) (63, 73) (20, 22) (34, 46) 
(59, 67) (24, 26) (17, 21) (88, 106) (52, 70) (70, 72) (73, 79) (50, 54) (17, 19) (23, 31) (92, 102) (69, 79) (15, 17) (10, 10) (72, 72) (52, 70) (43, 53) (84, 108) (82, 84) (84, 112) 
(13, 15) (21, 25) (70, 92) (46, 60) (71, 95) (91, 95) (78, 94) (40, 50) (67, 75) (9, 9) (84, 104) (88, 94) (85, 95) (33, 35) (75, 75) (1, 1) (70, 76) (73, 93) (71, 79) (63, 73) 
(17, 19) (62, 66) (22, 22) (31, 35) (8, 10) (51, 63) (39, 45) (1, 1) (8, 10) (42, 48) (19, 21) (21, 27) (62, 74) (78, 94) (52, 66) (79, 101) (50, 62) (40, 42) (37, 41) (41, 45) 
(39, 51) (59, 75) (42, 48) (16, 20) (59, 79) (25, 27) (38, 38) (1, 1) (68, 74) (64, 64) (25, 33) (71, 83) (47, 53) (22, 24) (23, 25) (66, 68) (75, 85) (80, 98) (86, 106) (21, 21) 
(38, 40) (40, 50) (53, 67) (63, 67) (57, 77) (83, 99) (90, 108) (84, 108) (3, 3) (11, 11) (1, 1) (12, 16) (90, 98) (8, 10) (13, 13) (70, 94) (8, 8) (58, 58) (13, 13) (76, 76) 
(52, 62) (47, 53) (54, 56) (54, 54) (41, 51) (48, 56) (43, 45) (3, 3) (65, 77) (78, 82) (7, 7) (59, 73) (24, 26) (5, 5) (43, 45) (38, 50) (66, 86) (77, 89) (38, 38) (93, 95) 
(64, 74) (30, 34) (42, 52) (52, 70) (67, 75) (39, 39) (50, 62) (63, 75) (29, 35) (53, 67) (19, 25) (58, 78) (16, 20) (8, 10) (75, 77) (38, 50) (37, 41) (19, 25) (16, 16) (82, 108) 
(47, 49) (89, 95) (54, 70) (47, 49) (92, 94) (27, 27) (76, 84) (44, 52) (82, 88) (62, 62) (22, 26) (65, 69) (75, 101) (28, 30) (5, 5) (3, 3) (75, 79) (47, 47) (12, 14) (56, 64) 
TIEMPOS MAXIMOS DE FIN
(10000, 10000) (10000, 10000) (10000, 10000) (10000, 10000) (10000, 10000) (10000, 10000) (10000, 10000) (10000, 10000) (10000, 10000) (10000, 10000) (10000, 10000) (10000, 10000) (10000, 10000) (10000, 10000) (10000, 10000) (10000, 10000) (10000, 10000) (10000, 10000) (10000, 10000) (10000, 10000) (10000, 10000) (10000, 10000) (10000, 10000) (10000, 10000) (10000, 10000) (10000, 10000) (10000, 10000) (10000, 10000) (10000, 10000) (10000, 10000) (10000, 10000) (10000, 10000) (10000, 10000) (10000, 10000) (10000, 10000) (10000, 10000) (10000, 10000) (10000, 10000) (10000, 10000) (10000, 10000) (10000, 10000) (10000, 10000) (10000, 10000) (10000, 10000) (10000, 10000) (10000, 10000) (10000, 10000) (10000, 10000) (10000, 10000) (10000, 10000) 
// Desviacion Izda: min(0%), max(15%), promedio(6.64728%)
// Desviacion Dcha: min(0%), max(15%), promedio(6.64728%)
