NUMERO DE TRABAJOS
50
NUMERO DE RECURSOS
15
SECUENCIA DE MAQUINAS
11 1 2 8 5 13 10 14 4 12 9 6 3 7 0 
1 0 3 9 5 4 10 13 2 6 7 12 8 11 14 
9 7 4 0 2 1 8 10 3 5 12 14 11 6 13 
0 12 3 11 10 2 13 7 14 6 8 4 9 5 1 
3 1 9 5 10 8 2 0 13 7 4 6 14 11 12 
5 4 10 8 3 13 1 9 6 2 11 14 0 12 7 
11 3 9 2 4 13 7 6 10 0 14 12 8 1 5 
7 9 0 12 13 1 3 14 4 5 11 6 2 10 8 
14 11 2 12 13 4 5 9 7 6 10 0 8 1 3 
12 1 14 10 11 2 8 3 13 9 7 0 5 6 4 
5 14 2 12 7 3 6 10 1 11 9 4 8 13 0 
7 11 1 4 6 2 8 9 13 10 5 14 0 12 3 
8 1 3 10 11 7 6 0 13 2 14 4 12 5 9 
11 6 12 13 4 1 0 9 8 5 10 2 3 7 14 
8 4 3 13 1 2 12 6 9 0 14 5 11 7 10 
8 2 5 3 4 12 14 1 9 10 6 13 0 7 11 
0 10 4 7 6 14 11 9 2 5 1 13 12 8 3 
1 8 6 2 9 4 13 11 10 3 14 7 5 0 12 
12 5 11 2 7 3 14 1 8 4 13 9 6 10 0 
14 8 4 5 0 2 11 9 1 6 13 10 3 7 12 
3 4 13 11 7 12 6 9 14 5 8 1 0 10 2 
7 8 14 5 2 0 1 9 10 12 6 4 13 3 11 
6 11 14 7 12 9 8 0 1 2 4 13 3 10 5 
9 2 3 14 8 1 10 4 13 11 6 5 7 12 0 
2 11 1 9 0 4 12 5 8 6 7 13 3 10 14 
1 11 8 0 12 3 10 14 7 13 2 4 6 5 9 
5 3 11 12 14 2 10 8 13 6 9 0 4 1 7 
7 8 2 5 13 4 9 6 14 10 12 0 3 11 1 
2 0 11 5 7 12 10 13 9 6 1 8 4 3 14 
7 11 9 0 6 8 4 12 2 3 14 5 1 13 10 
14 2 8 10 7 4 3 1 9 0 11 5 13 12 6 
6 8 7 11 4 2 3 1 10 13 9 5 0 14 12 
13 2 1 14 6 0 12 11 4 10 5 7 3 9 8 
0 3 14 7 9 2 10 4 11 6 8 1 5 12 13 
4 3 11 13 7 5 0 8 6 12 2 1 14 10 9 
7 13 4 8 12 14 10 11 0 5 2 9 1 3 6 
12 10 4 1 8 5 9 2 11 0 14 6 3 7 13 
0 5 4 14 13 1 2 10 9 8 12 6 11 7 3 
2 11 9 1 7 14 0 5 12 3 6 13 4 8 10 
12 3 10 6 9 0 2 11 7 14 8 4 1 13 5 
5 10 12 0 8 7 6 9 11 1 2 4 14 3 13 
6 13 7 9 3 1 14 4 11 12 2 10 5 8 0 
4 8 9 7 6 2 5 13 3 11 10 0 14 12 1 
1 7 8 2 12 9 11 4 14 10 3 6 5 0 13 
7 4 8 10 3 13 2 12 0 1 9 14 5 6 11 
2 14 12 7 4 13 5 9 0 3 1 8 10 6 11 
7 2 11 13 8 10 4 12 9 0 3 5 14 1 6 
9 14 1 2 12 11 4 7 5 10 0 3 6 13 8 
12 0 10 4 8 9 7 11 3 2 5 1 14 6 13 
11 3 5 10 1 6 14 13 12 0 4 2 8 9 7 
DURACIONES
(75, 97) (13, 13) (57, 73) (17, 23) (73, 79) (79, 85) (36, 48) (9, 11) (48, 52) (28, 30) (27, 33) (48, 58) (45, 59) (18, 20) (23, 25) 
(17, 21) (68, 84) (76, 78) (63, 83) (68, 84) (76, 98) (53, 69) (51, 51) (54, 68) (85, 113) (33, 43) (84, 112) (32, 36) (34, 34) (39, 49) 
(28, 30) (71, 89) (54, 72) (15, 15) (75, 75) (27, 27) (94, 102) (34, 42) (53, 61) (74, 86) (53, 59) (46, 62) (53, 57) (30, 40) (14, 16) 
(64, 80) (68, 78) (58, 76) (52, 64) (14, 14) (56, 62) (6, 6) (66, 74) (87, 89) (58, 74) (64, 66) (95, 97) (87, 103) (50, 62) (16, 16) 
(18, 24) (77, 79) (3, 3) (72, 80) (9, 11) (40, 52) (87, 109) (12, 12) (47, 63) (79, 105) (38, 46) (64, 72) (58, 76) (70, 80) (84, 110) 
(29, 31) (19, 21) (71, 89) (16, 16) (71, 81) (40, 50) (84, 110) (66, 74) (49, 59) (33, 43) (67, 85) (82, 86) (52, 58) (91, 95) (64, 70) 
(78, 84) (47, 59) (35, 39) (74, 94) (29, 37) (69, 69) (48, 56) (11, 11) (2, 2) (7, 7) (72, 86) (35, 37) (78, 78) (90, 94) (18, 20) 
(24, 32) (76, 80) (53, 71) (15, 19) (37, 39) (57, 75) (59, 77) (6, 6) (51, 69) (90, 96) (44, 50) (59, 67) (24, 28) (55, 61) (43, 49) 
(17, 21) (4, 4) (62, 70) (49, 53) (52, 70) (16, 16) (64, 80) (18, 22) (82, 88) (88, 102) (34, 40) (19, 23) (88, 100) (58, 70) (7, 9) 
(43, 47) (81, 87) (45, 59) (43, 57) (75, 79) (37, 39) (55, 65) (2, 2) (48, 52) (57, 73) (62, 80) (63, 71) (82, 108) (61, 81) (21, 27) 
(32, 32) (6, 6) (36, 48) (70, 78) (49, 63) (38, 38) (47, 63) (74, 94) (93, 99) (79, 93) (43, 51) (33, 43) (4, 4) (71, 73) (78, 104) 
(78, 84) (44, 54) (37, 43) (52, 62) (14, 18) (6, 8) (13, 13) (17, 19) (91, 101) (76, 92) (49, 57) (67, 73) (94, 94) (63, 85) (84, 94) 
(67, 75) (64, 68) (45, 45) (26, 28) (79, 79) (71, 79) (67, 75) (80, 96) (13, 15) (32, 40) (87, 89) (20, 26) (48, 56) (74, 74) (67, 89) 
(43, 49) (60, 78) (21, 27) (17, 23) (33, 41) (50, 56) (72, 92) (32, 36) (50, 58) (43, 51) (12, 14) (24, 32) (70, 86) (40, 44) (82, 90) 
(42, 50) (84, 92) (35, 39) (70, 80) (52, 60) (70, 84) (20, 22) (8, 8) (45, 59) (47, 59) (11, 13) (73, 89) (65, 79) (68, 90) (97, 99) 
(11, 13) (9, 11) (87, 109) (15, 15) (50, 60) (44, 52) (82, 100) (10, 12) (25, 31) (42, 42) (12, 14) (78, 92) (13, 17) (20, 22) (24, 24) 
(42, 46) (42, 50) (73, 85) (12, 14) (45, 51) (76, 80) (61, 73) (64, 80) (75, 99) (60, 68) (18, 24) (58, 58) (65, 85) (84, 88) (9, 11) 
(32, 32) (63, 83) (63, 77) (28, 32) (81, 101) (60, 66) (33, 33) (33, 43) (41, 43) (78, 86) (63, 79) (61, 79) (71, 85) (15, 15) (75, 85) 
(6, 6) (24, 30) (76, 82) (59, 59) (74, 80) (87, 111) (25, 29) (23, 29) (53, 69) (10, 12) (20, 20) (65, 67) (93, 99) (53, 57) (46, 50) 
(52, 62) (41, 53) (81, 87) (78, 90) (88, 96) (4, 4) (53, 71) (20, 26) (50, 62) (99, 99) (64, 72) (5, 5) (31, 31) (77, 89) (30, 32) 
(24, 24) (37, 49) (46, 50) (71, 87) (36, 44) (49, 65) (84, 96) (73, 93) (7, 9) (90, 108) (25, 33) (8, 8) (38, 42) (58, 70) (55, 59) 
(75, 79) (47, 59) (1, 1) (94, 104) (38, 40) (70, 92) (50, 66) (90, 98) (40, 42) (86, 100) (55, 67) (24, 24) (32, 32) (31, 31) (43, 53) 
(41, 43) (34, 44) (60, 60) (36, 46) (39, 41) (39, 51) (13, 15) (25, 29) (7, 9) (29, 29) (83, 95) (80, 104) (71, 77) (85, 109) (15, 17) 
(14, 14) (28, 28) (10, 10) (6, 6) (26, 28) (53, 61) (46, 62) (59, 65) (54, 60) (93, 103) (30, 34) (28, 36) (21, 21) (60, 62) (59, 73) 
(6, 6) (13, 13) (32, 34) (75, 101) (80, 104) (17, 23) (77, 81) (54, 72) (25, 33) (90, 104) (64, 68) (59, 59) (2, 2) (82, 84) (19, 21) 
(31, 41) (30, 40) (60, 80) (31, 37) (52, 68) (55, 71) (89, 91) (85, 103) (56, 56) (23, 31) (48, 50) (89, 97) (23, 31) (34, 44) (44, 44) 
(17, 21) (13, 13) (46, 62) (69, 69) (55, 57) (28, 36) (69, 91) (30, 30) (42, 56) (69, 79) (69, 89) (22, 28) (66, 72) (9, 9) (49, 53) 
(33, 41) (87, 97) (51, 67) (11, 11) (41, 41) (62, 74) (3, 3) (6, 6) (3, 3) (50, 58) (86, 110) (80, 84) (21, 21) (53, 69) (93, 97) 
(76, 82) (13, 17) (44, 44) (79, 103) (93, 93) (38, 38) (83, 97) (19, 23) (40, 44) (35, 45) (13, 17) (24, 24) (94, 100) (32, 36) (27, 27) 
(70, 78) (61, 77) (78, 84) (6, 8) (63, 79) (6, 6) (28, 36) (13, 17) (27, 29) (6, 6) (52, 54) (68, 78) (65, 65) (29, 29) (37, 37) 
(39, 51) (75, 99) (25, 29) (67, 85) (63, 65) (35, 35) (4, 4) (57, 57) (39, 47) (98, 98) (54, 70) (46, 52) (41, 47) (75, 75) (34, 42) 
(80, 106) (72, 84) (92, 92) (39, 49) (17, 23) (83, 83) (48, 54) (60, 76) (89, 93) (7, 7) (83, 111) (59, 79) (85, 109) (80, 108) (50, 66) 
(70, 90) (80, 80) (21, 23) (48, 54) (62, 80) (22, 28) (13, 13) (6, 8) (84, 92) (26, 26) (73, 93) (63, 83) (67, 79) (34, 44) (57, 59) 
(76, 78) (17, 21) (8, 10) (52, 68) (18, 20) (85, 89) (54, 66) (48, 48) (84, 88) (49, 51) (6, 8) (18, 20) (13, 15) (46, 58) (84, 110) 
(4, 4) (82, 90) (50, 62) (80, 92) (48, 50) (14, 18) (41, 51) (85, 101) (76, 98) (36, 42) (22, 22) (1, 1) (61, 81) (4, 4) (81, 87) 
(38, 40) (75, 93) (93, 103) (90, 100) (20, 24) (41, 55) (28, 28) (25, 29) (19, 23) (53, 57) (79, 81) (10, 10) (83, 95) (84, 90) (66, 86) 
(66, 72) (68, 92) (58, 60) (89, 107) (65, 87) (11, 13) (4, 4) (56, 60) (21, 27) (77, 95) (43, 47) (88, 90) (15, 19) (27, 33) (76, 86) 
(20, 24) (5, 5) (25, 31) (18, 18) (43, 49) (83, 93) (9, 11) (89, 91) (71, 89) (48, 58) (37, 45) (90, 106) (25, 31) (12, 12) (24, 26) 
(93, 93) (19, 19) (80, 86) (57, 59) (56, 66) (7, 7) (75, 101) (15, 19) (74, 88) (67, 71) (70, 82) (12, 12) (69, 73) (52, 70) (26, 30) 
(20, 22) (20, 20) (84, 94) (34, 42) (85, 97) (44, 54) (40, 44) (23, 29) (88, 90) (78, 82) (9, 11) (15, 15) (43, 55) (41, 49) (58, 60) 
(74, 98) (2, 2) (17, 23) (16, 18) (43, 53) (45, 47) (6, 6) (37, 49) (14, 18) (44, 58) (70, 78) (69, 93) (68, 80) (61, 67) (15, 15) 
(47, 47) (89, 107) (30, 34) (33, 37) (73, 89) (89, 103) (42, 42) (13, 17) (35, 35) (91, 93) (52, 58) (96, 100) (55, 67) (68, 80) (30, 30) 
(41, 47) (7, 9) (53, 53) (42, 48) (64, 78) (59, 71) (85, 89) (4, 4) (35, 35) (9, 9) (29, 31) (49, 63) (66, 68) (63, 73) (79, 101) 
(55, 69) (30, 32) (12, 16) (41, 45) (19, 23) (52, 64) (82, 82) (85, 85) (81, 95) (29, 37) (39, 39) (65, 75) (54, 72) (77, 87) (49, 65) 
(71, 71) (85, 113) (67, 89) (75, 91) (81, 95) (9, 9) (44, 56) (38, 38) (70, 82) (79, 91) (86, 108) (17, 21) (66, 70) (46, 56) (22, 28) 
(3, 3) (53, 61) (64, 86) (81, 109) (6, 6) (31, 31) (73, 85) (81, 91) (84, 106) (78, 96) (62, 70) (35, 35) (62, 74) (15, 19) (17, 19) 
(68, 68) (62, 80) (76, 92) (58, 70) (49, 57) (62, 72) (40, 48) (1, 1) (57, 69) (25, 29) (9, 11) (20, 22) (44, 56) (13, 13) (65, 87) 
(54, 58) (76, 78) (38, 42) (79, 85) (71, 79) (92, 92) (15, 19) (67, 77) (9, 11) (12, 12) (46, 50) (5, 5) (3, 3) (13, 13) (31, 35) 
(24, 26) (82, 90) (32, 32) (27, 35) (12, 16) (56, 60) (29, 33) (61, 63) (37, 45) (49, 61) (39, 49) (13, 13) (50, 56) (30, 36) (62, 64) 
(7, 9) (92, 98) (41, 47) (33, 43) (6, 6) (95, 95) (82, 92) (42, 52) (42, 42) (65, 79) (90, 96) (82, 102) (35, 41) (95, 101) (50, 60) 
TIEMPOS MAXIMOS DE FIN
(10000, 10000) (10000, 10000) (10000, 10000) (10000, 10000) (10000, 10000) (10000, 10000) (10000, 10000) (10000, 10000) (10000, 10000) (10000, 10000) (10000, 10000) (10000, 10000) (10000, 10000) (10000, 10000) (10000, 10000) (10000, 10000) (10000, 10000) (10000, 10000) (10000, 10000) (10000, 10000) (10000, 10000) (10000, 10000) (10000, 10000) (10000, 10000) (10000, 10000) (10000, 10000) (10000, 10000) (10000, 10000) (10000, 10000) (10000, 10000) (10000, 10000) (10000, 10000) (10000, 10000) (10000, 10000) (10000, 10000) (10000, 10000) (10000, 10000) (10000, 10000) (10000, 10000) (10000, 10000) (10000, 10000) (10000, 10000) (10000, 10000) (10000, 10000) (10000, 10000) (10000, 10000) (10000, 10000) (10000, 10000) (10000, 10000) (10000, 10000) 
// Desviacion Izda: min(0%), max(15%), promedio(6.9053%)
// Desviacion Dcha: min(0%), max(15%), promedio(6.9053%)
