NUMERO DE TRABAJOS
50
NUMERO DE RECURSOS
15
SECUENCIA DE MAQUINAS
7 8 0 14 11 6 5 9 13 1 2 12 4 10 3 
14 0 6 10 1 11 2 9 8 3 4 5 12 7 13 
10 6 3 11 0 5 4 1 13 2 12 14 9 7 8 
11 14 3 0 12 9 10 7 5 6 2 8 4 13 1 
5 7 0 3 10 1 9 11 8 12 13 14 2 6 4 
6 13 1 7 10 0 11 8 9 5 12 14 4 3 2 
14 8 3 9 5 0 1 6 2 7 12 10 4 13 11 
8 13 0 3 10 1 2 14 11 7 5 6 12 9 4 
6 10 1 11 5 4 12 9 2 8 13 14 7 0 3 
4 9 6 10 8 1 7 14 13 5 2 11 12 0 3 
4 1 3 7 13 5 8 10 12 0 6 14 11 2 9 
9 7 10 2 6 12 8 13 14 5 1 0 3 11 4 
3 2 12 4 11 7 5 1 14 10 8 9 13 6 0 
13 14 1 3 2 11 9 8 6 0 12 10 7 5 4 
10 3 2 11 5 9 0 12 8 13 4 7 14 1 6 
2 13 14 11 1 5 3 4 8 12 10 0 6 9 7 
6 11 3 10 4 2 0 14 7 13 1 12 9 8 5 
6 8 10 14 1 5 3 0 9 4 12 11 13 7 2 
10 1 2 5 7 12 13 11 0 9 3 8 4 14 6 
12 4 11 13 9 8 7 10 0 2 3 6 5 14 1 
11 6 0 12 14 7 10 5 2 4 8 13 3 9 1 
14 7 9 1 4 13 5 0 2 12 10 11 6 8 3 
9 5 1 14 2 3 0 11 12 10 4 8 7 13 6 
9 10 3 8 0 5 6 4 12 2 14 1 7 13 11 
14 8 9 5 11 0 12 13 4 7 10 1 6 3 2 
6 10 7 13 12 3 2 11 5 4 1 0 8 14 9 
10 11 9 13 3 7 6 12 0 14 1 4 8 5 2 
5 7 3 14 13 10 8 9 1 12 2 0 4 11 6 
9 10 4 14 8 6 1 2 11 12 13 0 3 7 5 
10 1 4 2 3 12 5 0 9 14 8 7 6 13 11 
3 9 11 5 4 2 14 0 12 1 10 13 8 7 6 
6 2 12 13 4 0 10 1 5 9 14 7 8 11 3 
0 14 11 5 6 7 1 3 4 9 13 10 8 2 12 
13 6 4 11 9 5 2 12 14 10 0 3 7 8 1 
0 1 13 2 4 7 12 3 10 8 11 6 9 5 14 
7 2 4 3 6 9 11 13 10 8 1 14 5 12 0 
1 12 2 5 0 7 13 10 14 4 11 6 9 8 3 
14 4 9 12 2 13 7 1 5 8 11 0 3 6 10 
7 10 2 13 8 0 9 12 3 6 11 4 14 5 1 
5 14 4 2 9 0 7 6 12 3 13 1 10 8 11 
1 13 0 14 2 12 7 9 8 4 11 10 5 6 3 
11 1 0 7 6 14 12 2 5 13 8 10 4 9 3 
10 8 11 9 4 5 0 12 1 14 13 2 7 3 6 
12 13 9 5 1 6 3 2 0 11 8 4 7 10 14 
14 8 9 13 11 10 7 3 4 2 5 0 6 12 1 
9 6 12 10 2 7 1 4 0 5 11 3 13 8 14 
12 2 1 9 6 14 5 8 3 13 11 0 7 10 4 
10 2 11 5 9 0 4 13 7 8 14 3 1 6 12 
6 5 10 9 4 12 3 14 0 2 13 8 7 11 1 
8 0 14 6 4 5 10 12 9 7 13 3 11 2 1 
DURACIONES
(29, 39) (91, 91) (82, 104) (78, 98) (57, 61) (64, 68) (44, 56) (47, 59) (44, 46) (1, 1) (64, 72) (69, 85) (33, 41) (52, 70) (16, 18) 
(18, 20) (63, 83) (13, 17) (71, 73) (33, 43) (47, 57) (12, 16) (60, 78) (19, 19) (26, 32) (3, 3) (41, 55) (10, 12) (46, 62) (27, 29) 
(59, 59) (26, 32) (81, 87) (4, 4) (17, 21) (30, 40) (21, 23) (50, 50) (67, 69) (27, 29) (85, 107) (22, 24) (68, 80) (85, 95) (44, 58) 
(14, 14) (74, 98) (7, 9) (76, 94) (46, 52) (49, 63) (78, 96) (2, 2) (84, 86) (57, 63) (91, 103) (51, 51) (35, 43) (33, 35) (88, 90) 
(91, 107) (5, 5) (35, 43) (38, 40) (3, 3) (64, 82) (16, 16) (59, 65) (26, 32) (58, 78) (12, 16) (36, 40) (77, 103) (48, 64) (30, 34) 
(22, 24) (73, 95) (32, 36) (67, 87) (24, 26) (42, 46) (40, 50) (14, 14) (74, 84) (80, 100) (68, 88) (53, 59) (34, 40) (52, 70) (84, 108) 
(24, 24) (14, 16) (97, 101) (47, 51) (63, 69) (88, 110) (83, 91) (10, 12) (39, 51) (84, 84) (18, 22) (9, 9) (67, 75) (45, 55) (53, 55) 
(67, 67) (11, 11) (92, 102) (54, 72) (62, 66) (29, 37) (59, 73) (4, 4) (87, 91) (51, 69) (45, 57) (12, 14) (32, 34) (45, 51) (66, 74) 
(52, 60) (63, 69) (8, 8) (82, 102) (76, 86) (90, 98) (5, 5) (18, 24) (66, 72) (53, 69) (46, 54) (95, 103) (45, 53) (24, 28) (75, 91) 
(13, 15) (35, 41) (75, 89) (95, 103) (74, 80) (15, 19) (8, 10) (21, 21) (15, 15) (40, 46) (38, 40) (34, 44) (69, 91) (18, 20) (37, 49) 
(65, 87) (83, 105) (34, 34) (39, 51) (7, 7) (73, 93) (88, 88) (40, 54) (19, 25) (87, 93) (10, 12) (6, 6) (20, 24) (34, 46) (51, 51) 
(62, 82) (63, 67) (2, 2) (34, 42) (89, 103) (9, 11) (52, 64) (56, 74) (16, 18) (71, 79) (62, 68) (72, 86) (77, 89) (43, 47) (52, 52) 
(20, 26) (33, 37) (23, 25) (65, 69) (65, 65) (18, 18) (7, 7) (64, 72) (18, 20) (58, 68) (17, 19) (71, 89) (19, 19) (20, 26) (36, 42) 
(47, 47) (60, 80) (36, 40) (12, 16) (40, 52) (41, 55) (12, 16) (42, 48) (27, 35) (33, 37) (88, 102) (68, 82) (56, 66) (38, 50) (63, 79) 
(25, 27) (13, 15) (42, 50) (1, 1) (22, 24) (47, 53) (25, 29) (76, 88) (24, 28) (7, 7) (55, 55) (19, 25) (18, 24) (74, 96) (60, 72) 
(10, 12) (72, 96) (48, 48) (42, 56) (17, 21) (87, 109) (92, 92) (38, 46) (61, 73) (51, 63) (36, 44) (69, 87) (19, 19) (46, 58) (13, 15) 
(11, 13) (67, 75) (17, 17) (64, 70) (18, 22) (37, 45) (64, 84) (90, 102) (85, 89) (18, 22) (74, 94) (67, 87) (67, 77) (78, 104) (37, 37) 
(11, 13) (12, 12) (58, 74) (2, 2) (17, 17) (29, 37) (27, 33) (9, 11) (64, 80) (6, 6) (6, 6) (39, 43) (39, 39) (61, 81) (4, 4) 
(3, 3) (86, 92) (9, 9) (22, 26) (70, 90) (6, 8) (42, 42) (80, 90) (75, 93) (86, 92) (40, 40) (40, 44) (80, 104) (84, 98) (67, 87) 
(86, 110) (71, 95) (65, 65) (92, 96) (6, 6) (93, 99) (33, 35) (7, 7) (45, 53) (22, 28) (45, 49) (8, 8) (89, 97) (57, 77) (43, 57) 
(47, 57) (57, 57) (69, 77) (45, 45) (51, 59) (61, 65) (99, 99) (17, 23) (56, 62) (80, 100) (29, 33) (20, 26) (93, 105) (81, 103) (47, 59) 
(58, 70) (4, 4) (22, 28) (51, 53) (68, 76) (37, 45) (11, 11) (96, 102) (31, 39) (73, 81) (85, 93) (85, 111) (54, 72) (57, 61) (96, 102) 
(73, 87) (85, 101) (63, 65) (13, 13) (48, 48) (42, 52) (77, 79) (52, 66) (58, 58) (65, 81) (3, 3) (27, 29) (12, 14) (66, 78) (9, 9) 
(21, 27) (95, 95) (87, 99) (41, 55) (75, 81) (56, 72) (25, 27) (84, 88) (82, 84) (38, 44) (59, 65) (50, 56) (30, 40) (80, 88) (43, 47) 
(86, 96) (81, 91) (68, 90) (5, 5) (84, 86) (29, 29) (65, 81) (9, 9) (70, 78) (59, 79) (20, 26) (70, 90) (80, 84) (29, 39) (75, 101) 
(70, 82) (75, 79) (2, 2) (28, 28) (27, 27) (26, 28) (74, 100) (29, 37) (35, 47) (91, 107) (2, 2) (38, 50) (14, 18) (82, 84) (83, 99) 
(96, 96) (23, 31) (59, 63) (40, 44) (87, 111) (66, 86) (86, 88) (31, 41) (24, 24) (18, 24) (88, 88) (42, 44) (77, 101) (68, 88) (53, 53) 
(74, 98) (68, 76) (3, 3) (80, 102) (29, 37) (1, 1) (36, 38) (38, 40) (29, 31) (70, 86) (49, 55) (45, 59) (63, 65) (87, 89) (69, 81) 
(90, 106) (46, 58) (96, 102) (11, 11) (50, 64) (39, 41) (50, 54) (66, 84) (23, 23) (42, 56) (65, 65) (1, 1) (57, 57) (52, 60) (83, 101) 
(77, 87) (30, 36) (70, 90) (23, 23) (7, 7) (46, 52) (24, 24) (47, 53) (25, 33) (37, 39) (43, 51) (3, 3) (47, 59) (78, 100) (61, 79) 
(31, 33) (61, 63) (8, 10) (87, 89) (58, 58) (70, 70) (8, 10) (58, 74) (17, 19) (35, 45) (33, 33) (54, 54) (60, 60) (83, 101) (88, 88) 
(2, 2) (5, 5) (31, 39) (61, 69) (62, 72) (58, 58) (54, 68) (62, 82) (55, 65) (84, 84) (78, 98) (20, 26) (17, 17) (66, 76) (12, 14) 
(64, 66) (56, 56) (5, 5) (80, 108) (70, 94) (66, 86) (25, 33) (1, 1) (81, 105) (59, 73) (47, 47) (31, 33) (39, 45) (65, 85) (12, 14) 
(14, 14) (76, 96) (62, 68) (40, 42) (3, 3) (9, 11) (42, 56) (24, 28) (9, 11) (84, 88) (1, 1) (32, 32) (33, 43) (43, 53) (82, 104) 
(92, 104) (21, 21) (55, 67) (61, 61) (53, 55) (69, 73) (84, 112) (36, 42) (13, 15) (33, 43) (64, 84) (2, 2) (12, 12) (83, 103) (79, 91) 
(91, 95) (1, 1) (23, 29) (50, 64) (35, 41) (70, 90) (39, 47) (64, 64) (20, 26) (85, 91) (71, 77) (5, 5) (14, 18) (48, 52) (1, 1) 
(22, 24) (50, 60) (62, 82) (57, 57) (44, 48) (15, 19) (77, 83) (44, 44) (80, 80) (51, 59) (73, 77) (60, 78) (33, 35) (38, 50) (30, 30) 
(58, 70) (80, 106) (49, 61) (76, 80) (8, 10) (22, 26) (57, 61) (71, 73) (26, 34) (44, 56) (76, 86) (6, 8) (48, 58) (69, 69) (3, 3) 
(59, 67) (38, 42) (69, 93) (33, 33) (46, 58) (77, 95) (2, 2) (39, 47) (52, 62) (32, 40) (52, 54) (17, 19) (22, 22) (89, 95) (39, 41) 
(59, 61) (73, 85) (40, 46) (71, 95) (67, 85) (72, 86) (52, 54) (67, 77) (38, 42) (36, 38) (57, 75) (3, 3) (49, 55) (31, 35) (9, 9) 
(27, 29) (62, 78) (7, 7) (46, 56) (31, 35) (50, 64) (88, 90) (58, 62) (58, 70) (36, 36) (66, 84) (45, 53) (13, 13) (31, 41) (57, 73) 
(67, 81) (87, 107) (86, 90) (23, 31) (82, 108) (86, 112) (16, 18) (27, 35) (80, 94) (32, 36) (27, 29) (16, 16) (15, 17) (86, 102) (13, 15) 
(57, 69) (43, 51) (6, 6) (43, 43) (42, 54) (64, 66) (82, 84) (93, 103) (57, 59) (54, 66) (11, 13) (48, 48) (86, 100) (70, 84) (32, 32) 
(30, 34) (84, 104) (64, 78) (3, 3) (20, 20) (45, 45) (10, 10) (43, 47) (6, 6) (50, 64) (35, 35) (70, 82) (41, 51) (77, 97) (24, 26) 
(39, 51) (61, 65) (73, 91) (21, 25) (1, 1) (13, 13) (50, 50) (59, 69) (72, 92) (55, 55) (39, 45) (12, 16) (33, 37) (13, 17) (47, 47) 
(6, 6) (6, 6) (24, 32) (83, 109) (2, 2) (77, 93) (89, 105) (84, 96) (73, 93) (76, 76) (60, 70) (43, 49) (63, 79) (37, 47) (59, 63) 
(86, 104) (46, 62) (43, 49) (29, 37) (12, 14) (71, 71) (34, 40) (56, 64) (44, 56) (27, 33) (52, 60) (10, 10) (57, 67) (65, 87) (53, 61) 
(96, 96) (56, 72) (6, 6) (81, 99) (1, 1) (89, 109) (79, 93) (25, 29) (17, 19) (51, 61) (18, 20) (67, 79) (72, 80) (72, 92) (78, 78) 
(84, 112) (67, 71) (67, 69) (43, 47) (17, 17) (28, 30) (15, 15) (71, 91) (29, 33) (72, 86) (51, 57) (48, 52) (73, 73) (2, 2) (81, 91) 
(42, 46) (74, 82) (31, 31) (7, 9) (7, 9) (15, 15) (89, 101) (81, 85) (3, 3) (27, 33) (35, 43) (81, 103) (47, 47) (46, 52) (41, 49) 
TIEMPOS MAXIMOS DE FIN
(10000, 10000) (10000, 10000) (10000, 10000) (10000, 10000) (10000, 10000) (10000, 10000) (10000, 10000) (10000, 10000) (10000, 10000) (10000, 10000) (10000, 10000) (10000, 10000) (10000, 10000) (10000, 10000) (10000, 10000) (10000, 10000) (10000, 10000) (10000, 10000) (10000, 10000) (10000, 10000) (10000, 10000) (10000, 10000) (10000, 10000) (10000, 10000) (10000, 10000) (10000, 10000) (10000, 10000) (10000, 10000) (10000, 10000) (10000, 10000) (10000, 10000) (10000, 10000) (10000, 10000) (10000, 10000) (10000, 10000) (10000, 10000) (10000, 10000) (10000, 10000) (10000, 10000) (10000, 10000) (10000, 10000) (10000, 10000) (10000, 10000) (10000, 10000) (10000, 10000) (10000, 10000) (10000, 10000) (10000, 10000) (10000, 10000) (10000, 10000) 
// Desviacion Izda: min(0%), max(15%), promedio(6.70822%)
// Desviacion Dcha: min(0%), max(15%), promedio(6.70822%)
