NUMERO DE TRABAJOS
50
NUMERO DE RECURSOS
15
SECUENCIA DE MAQUINAS
14 2 5 1 3 7 10 4 11 8 0 9 6 13 12 
1 0 5 2 4 7 3 10 13 14 12 11 6 8 9 
13 14 1 4 8 7 0 6 9 2 10 12 5 3 11 
9 10 3 4 12 6 1 14 0 7 13 11 5 2 8 
1 2 0 3 8 13 4 7 14 12 11 10 9 5 6 
8 9 2 1 7 3 14 10 11 5 12 0 4 13 6 
10 14 7 11 4 3 2 13 5 8 9 0 1 6 12 
12 14 10 2 1 9 6 11 13 0 5 7 3 4 8 
3 12 11 8 7 0 13 2 4 9 1 10 6 14 5 
10 4 6 13 8 0 14 2 9 3 1 12 7 11 5 
13 4 7 5 8 3 6 2 9 11 0 12 1 10 14 
4 2 6 5 1 13 3 0 14 8 10 9 12 7 11 
0 13 4 11 5 12 10 3 9 6 2 14 7 8 1 
0 13 3 1 8 6 12 2 14 5 11 4 9 10 7 
11 0 3 8 9 5 1 4 7 13 6 2 14 12 10 
11 9 3 10 5 7 2 12 0 8 13 4 6 1 14 
5 0 7 6 2 12 13 11 9 3 1 8 10 4 14 
5 7 12 6 8 0 1 14 2 4 13 9 10 11 3 
4 8 2 11 9 3 5 7 13 10 12 1 6 14 0 
10 12 3 5 1 11 6 8 14 4 7 2 9 0 13 
11 13 1 6 4 10 9 7 5 12 3 2 0 8 14 
7 9 14 0 5 3 13 12 1 6 2 4 8 10 11 
12 0 14 1 7 9 8 2 4 5 6 10 13 3 11 
8 9 11 5 10 12 13 7 1 0 2 4 3 6 14 
6 14 12 1 0 7 11 10 8 13 2 5 3 9 4 
9 5 13 12 8 1 3 2 14 0 11 10 6 7 4 
0 6 3 10 5 4 9 12 1 14 7 2 11 13 8 
5 9 12 14 10 2 7 0 6 4 1 13 11 3 8 
4 0 5 11 10 12 9 7 13 3 8 2 14 1 6 
13 12 3 10 2 4 7 5 14 0 8 11 1 6 9 
11 14 5 7 12 6 10 13 9 2 8 1 3 0 4 
1 6 5 0 11 12 2 9 4 10 7 14 13 8 3 
5 9 6 14 4 0 3 11 1 13 2 7 8 12 10 
6 3 13 2 4 14 0 12 10 5 1 9 11 7 8 
13 9 11 4 3 0 7 1 2 14 5 8 6 10 12 
8 3 5 6 2 12 4 10 7 1 13 14 0 11 9 
2 8 7 4 3 6 12 5 13 10 14 9 1 0 11 
10 14 13 6 11 0 1 3 12 8 7 2 4 9 5 
1 8 13 12 11 7 0 2 6 3 4 9 5 10 14 
7 2 0 8 5 11 6 9 12 10 1 13 14 4 3 
4 1 14 6 13 9 8 12 3 5 0 10 11 2 7 
13 5 6 9 0 10 4 8 12 11 1 14 7 3 2 
4 7 3 5 1 10 2 9 8 13 6 12 11 14 0 
9 1 10 12 8 13 0 3 2 11 14 4 5 6 7 
0 2 12 10 14 3 8 9 1 4 7 5 13 6 11 
10 7 14 13 4 1 12 0 11 6 2 5 3 8 9 
14 7 0 13 10 11 5 1 8 3 2 6 4 12 9 
9 7 8 13 10 2 3 6 4 12 0 5 1 11 14 
12 7 8 14 10 0 13 4 6 9 11 5 1 2 3 
13 14 6 9 0 3 8 5 11 12 10 2 7 1 4 
DURACIONES
(59, 77) (21, 21) (6, 8) (17, 21) (79, 87) (72, 76) (11, 13) (60, 78) (38, 40) (9, 9) (57, 69) (60, 74) (50, 66) (34, 40) (14, 16) 
(53, 71) (74, 92) (32, 32) (48, 64) (55, 67) (58, 76) (8, 10) (50, 50) (79, 97) (85, 113) (43, 57) (74, 98) (40, 44) (69, 71) (27, 33) 
(19, 21) (36, 44) (24, 32) (49, 53) (23, 23) (34, 34) (10, 10) (63, 79) (38, 44) (13, 15) (58, 66) (35, 47) (14, 14) (62, 82) (44, 52) 
(41, 53) (30, 34) (87, 111) (46, 56) (84, 86) (47, 51) (30, 34) (88, 90) (66, 84) (24, 24) (8, 8) (45, 53) (78, 94) (95, 99) (75, 97) 
(12, 12) (62, 68) (3, 3) (79, 99) (23, 29) (59, 75) (23, 25) (21, 27) (4, 4) (37, 49) (31, 35) (49, 55) (34, 46) (79, 89) (86, 112) 
(73, 81) (1, 1) (76, 86) (54, 68) (49, 53) (13, 15) (69, 87) (60, 78) (89, 101) (17, 19) (13, 17) (58, 74) (72, 76) (80, 88) (1, 1) 
(23, 23) (56, 60) (32, 34) (46, 58) (25, 27) (11, 13) (84, 110) (78, 78) (47, 55) (76, 88) (5, 5) (70, 78) (11, 13) (25, 25) (40, 40) 
(66, 70) (63, 69) (12, 16) (92, 98) (17, 21) (86, 108) (57, 59) (46, 62) (64, 84) (5, 5) (72, 94) (89, 95) (8, 8) (90, 102) (73, 87) 
(85, 93) (71, 81) (66, 82) (72, 82) (57, 61) (34, 44) (35, 37) (35, 43) (42, 48) (33, 35) (44, 52) (66, 78) (63, 77) (70, 80) (38, 46) 
(35, 41) (41, 45) (9, 9) (25, 33) (70, 94) (4, 4) (41, 43) (69, 73) (85, 99) (26, 28) (39, 49) (67, 87) (52, 58) (80, 104) (77, 103) 
(6, 8) (57, 57) (17, 23) (37, 41) (54, 68) (10, 10) (81, 105) (30, 38) (83, 87) (57, 67) (27, 31) (4, 4) (45, 57) (61, 63) (40, 54) 
(63, 67) (51, 63) (70, 82) (81, 97) (8, 10) (52, 70) (60, 68) (2, 2) (81, 89) (79, 89) (24, 30) (65, 75) (5, 5) (56, 62) (69, 69) 
(31, 41) (31, 35) (75, 83) (8, 8) (84, 86) (74, 78) (92, 92) (5, 5) (22, 24) (66, 74) (22, 26) (1, 1) (37, 41) (1, 1) (64, 78) 
(44, 44) (41, 55) (54, 64) (56, 56) (66, 88) (12, 12) (76, 98) (35, 47) (77, 101) (22, 26) (23, 25) (51, 65) (52, 60) (16, 18) (31, 35) 
(48, 56) (17, 23) (51, 63) (91, 101) (12, 12) (36, 44) (57, 63) (7, 7) (32, 36) (85, 97) (19, 23) (42, 46) (79, 79) (46, 62) (31, 39) 
(11, 13) (22, 26) (13, 17) (57, 75) (61, 63) (4, 4) (32, 42) (29, 37) (68, 86) (67, 67) (69, 83) (37, 45) (69, 85) (47, 55) (71, 91) 
(63, 63) (52, 68) (45, 53) (68, 84) (70, 80) (65, 65) (25, 27) (67, 81) (10, 12) (38, 50) (63, 71) (92, 96) (82, 98) (54, 70) (75, 97) 
(29, 33) (6, 6) (53, 71) (80, 82) (63, 81) (20, 20) (16, 20) (77, 79) (3, 3) (85, 111) (84, 104) (20, 24) (4, 4) (58, 72) (69, 75) 
(21, 21) (38, 50) (84, 90) (30, 32) (81, 101) (27, 35) (73, 89) (10, 10) (29, 33) (22, 26) (37, 39) (89, 91) (18, 18) (2, 2) (1, 1) 
(27, 35) (70, 82) (54, 70) (1, 1) (58, 74) (31, 41) (36, 36) (54, 56) (22, 22) (83, 89) (71, 77) (7, 9) (53, 65) (36, 38) (35, 39) 
(4, 4) (68, 74) (34, 44) (14, 18) (30, 36) (26, 26) (43, 47) (87, 87) (39, 45) (11, 11) (18, 18) (10, 12) (16, 18) (68, 84) (47, 55) 
(29, 39) (36, 40) (65, 83) (47, 61) (54, 66) (79, 103) (78, 84) (87, 97) (41, 49) (50, 52) (20, 20) (63, 79) (13, 15) (13, 13) (50, 66) 
(57, 75) (13, 13) (21, 21) (85, 99) (3, 3) (3, 3) (71, 85) (46, 48) (46, 46) (52, 52) (78, 96) (85, 89) (54, 70) (70, 70) (80, 100) 
(83, 87) (15, 19) (79, 93) (90, 102) (47, 63) (74, 74) (17, 19) (70, 92) (54, 58) (3, 3) (27, 35) (14, 16) (90, 94) (47, 47) (3, 3) 
(87, 99) (32, 34) (69, 79) (77, 103) (50, 54) (35, 39) (40, 44) (26, 30) (71, 95) (81, 83) (71, 73) (12, 14) (9, 9) (50, 54) (18, 24) 
(10, 12) (53, 69) (46, 48) (10, 12) (35, 47) (6, 8) (30, 32) (51, 51) (2, 2) (80, 82) (43, 47) (23, 31) (46, 58) (75, 101) (56, 66) 
(85, 111) (46, 58) (41, 41) (5, 5) (18, 22) (97, 97) (41, 55) (23, 23) (33, 35) (24, 32) (65, 85) (21, 21) (51, 69) (86, 86) (29, 39) 
(55, 55) (97, 101) (43, 55) (38, 50) (28, 28) (32, 42) (12, 12) (60, 78) (76, 96) (71, 77) (43, 47) (91, 99) (86, 108) (73, 83) (1, 1) 
(80, 106) (41, 43) (25, 25) (31, 37) (55, 63) (9, 11) (43, 45) (38, 38) (70, 90) (29, 29) (66, 70) (63, 79) (27, 27) (21, 27) (46, 46) 
(29, 29) (15, 17) (70, 86) (31, 33) (27, 33) (64, 80) (91, 91) (75, 79) (5, 5) (85, 95) (24, 24) (6, 6) (66, 74) (47, 61) (50, 54) 
(35, 41) (60, 76) (46, 58) (69, 89) (5, 5) (44, 50) (42, 42) (4, 4) (61, 71) (47, 47) (71, 71) (79, 79) (15, 19) (56, 72) (50, 56) 
(45, 57) (89, 91) (61, 63) (97, 97) (69, 85) (30, 30) (15, 19) (13, 13) (61, 69) (60, 60) (80, 100) (12, 14) (72, 84) (82, 82) (68, 86) 
(19, 25) (38, 38) (88, 100) (9, 11) (63, 65) (22, 22) (78, 104) (60, 80) (19, 25) (46, 62) (71, 93) (43, 55) (30, 30) (59, 65) (62, 70) 
(77, 99) (68, 90) (9, 9) (16, 20) (52, 56) (20, 20) (52, 66) (21, 27) (47, 57) (61, 79) (16, 16) (32, 32) (51, 69) (72, 86) (81, 103) 
(41, 47) (7, 7) (70, 86) (84, 86) (13, 13) (3, 3) (56, 60) (53, 71) (55, 63) (73, 85) (27, 35) (38, 50) (12, 12) (70, 88) (6, 6) 
(67, 77) (68, 72) (84, 110) (22, 28) (7, 9) (87, 111) (60, 70) (2, 2) (92, 92) (3, 3) (52, 70) (92, 98) (40, 44) (73, 91) (57, 63) 
(14, 16) (78, 92) (2, 2) (4, 4) (59, 79) (42, 42) (69, 77) (66, 80) (27, 29) (16, 16) (37, 37) (55, 63) (45, 47) (56, 72) (39, 43) 
(47, 63) (87, 89) (63, 75) (48, 64) (43, 53) (17, 17) (2, 2) (57, 75) (63, 77) (55, 59) (66, 68) (33, 43) (40, 50) (13, 15) (84, 104) 
(53, 65) (99, 99) (90, 104) (13, 15) (3, 3) (23, 29) (6, 6) (46, 48) (31, 39) (63, 79) (44, 54) (83, 99) (34, 42) (72, 76) (40, 44) 
(41, 41) (39, 41) (95, 101) (49, 51) (50, 58) (13, 15) (55, 73) (47, 61) (77, 91) (26, 26) (52, 60) (66, 72) (93, 99) (6, 6) (36, 48) 
(83, 93) (40, 46) (39, 41) (46, 50) (41, 51) (65, 75) (7, 9) (34, 38) (14, 18) (84, 86) (80, 84) (45, 55) (74, 74) (24, 32) (79, 95) 
(6, 6) (47, 49) (60, 80) (85, 111) (18, 20) (22, 26) (37, 37) (33, 43) (74, 96) (86, 112) (19, 21) (65, 87) (86, 102) (86, 94) (14, 14) 
(56, 56) (13, 15) (56, 66) (32, 36) (23, 27) (65, 75) (50, 50) (13, 17) (6, 6) (76, 78) (37, 37) (8, 8) (62, 64) (34, 40) (23, 27) 
(95, 95) (31, 37) (59, 71) (87, 89) (40, 46) (38, 46) (27, 33) (61, 63) (86, 86) (51, 53) (58, 64) (14, 18) (47, 49) (57, 67) (47, 59) 
(39, 49) (89, 95) (4, 4) (51, 67) (3, 3) (33, 35) (7, 9) (70, 86) (22, 22) (98, 98) (8, 10) (55, 71) (83, 85) (50, 58) (46, 60) 
(86, 96) (12, 16) (88, 88) (46, 62) (25, 33) (60, 72) (44, 52) (54, 62) (37, 47) (26, 26) (7, 9) (7, 7) (88, 110) (21, 25) (72, 76) 
(61, 73) (66, 88) (30, 34) (83, 111) (61, 81) (47, 47) (61, 73) (92, 104) (38, 48) (56, 68) (78, 90) (44, 44) (2, 2) (55, 65) (40, 52) 
(25, 29) (72, 72) (54, 70) (6, 8) (68, 84) (3, 3) (28, 32) (35, 39) (8, 10) (12, 14) (67, 77) (91, 107) (15, 17) (15, 19) (40, 40) 
(45, 59) (94, 100) (25, 25) (88, 96) (52, 56) (52, 58) (51, 51) (82, 102) (37, 43) (48, 56) (59, 65) (40, 44) (1, 1) (56, 56) (9, 9) 
(61, 67) (79, 87) (31, 31) (40, 54) (17, 21) (59, 65) (11, 11) (43, 45) (49, 61) (54, 66) (74, 94) (64, 64) (77, 89) (6, 8) (10, 10) 
TIEMPOS MAXIMOS DE FIN
(10000, 10000) (10000, 10000) (10000, 10000) (10000, 10000) (10000, 10000) (10000, 10000) (10000, 10000) (10000, 10000) (10000, 10000) (10000, 10000) (10000, 10000) (10000, 10000) (10000, 10000) (10000, 10000) (10000, 10000) (10000, 10000) (10000, 10000) (10000, 10000) (10000, 10000) (10000, 10000) (10000, 10000) (10000, 10000) (10000, 10000) (10000, 10000) (10000, 10000) (10000, 10000) (10000, 10000) (10000, 10000) (10000, 10000) (10000, 10000) (10000, 10000) (10000, 10000) (10000, 10000) (10000, 10000) (10000, 10000) (10000, 10000) (10000, 10000) (10000, 10000) (10000, 10000) (10000, 10000) (10000, 10000) (10000, 10000) (10000, 10000) (10000, 10000) (10000, 10000) (10000, 10000) (10000, 10000) (10000, 10000) (10000, 10000) (10000, 10000) 
// Desviacion Izda: min(0%), max(15%), promedio(6.69749%)
// Desviacion Dcha: min(0%), max(15%), promedio(6.69749%)
