NUMERO DE TRABAJOS
50
NUMERO DE RECURSOS
15
SECUENCIA DE MAQUINAS
9 10 3 8 5 7 4 0 12 1 13 6 11 2 14 
1 7 8 2 9 14 12 4 3 11 13 0 5 10 6 
2 13 11 4 14 8 10 3 6 5 7 1 9 12 0 
10 12 7 1 5 14 4 9 2 3 8 0 11 13 6 
5 3 7 0 9 6 11 10 12 4 14 2 1 8 13 
3 0 6 2 4 1 5 14 10 13 11 9 7 8 12 
13 10 9 8 1 6 14 0 12 11 7 2 3 5 4 
14 11 10 13 12 6 4 0 7 5 2 1 3 8 9 
7 2 8 10 1 14 5 4 0 12 3 9 6 13 11 
12 5 4 7 3 1 11 8 14 6 9 2 10 0 13 
9 11 8 5 4 6 2 12 14 1 10 7 0 3 13 
3 9 7 5 4 10 2 8 14 11 12 6 13 0 1 
8 4 12 3 2 9 10 6 0 13 14 1 5 7 11 
14 3 8 11 5 7 12 10 2 0 13 6 1 9 4 
1 4 14 3 10 6 5 2 11 0 8 7 9 13 12 
4 8 11 2 13 0 7 12 6 3 9 1 5 10 14 
10 12 1 4 8 7 14 9 2 0 13 6 11 5 3 
13 11 9 12 0 1 10 4 6 14 7 8 3 2 5 
10 2 14 1 7 13 4 9 5 3 8 0 11 6 12 
0 11 2 10 6 3 4 5 12 8 7 14 9 1 13 
1 4 8 2 3 7 12 13 9 14 0 5 11 6 10 
7 12 9 5 1 2 14 10 6 4 8 3 0 13 11 
2 0 10 7 3 14 11 1 5 12 8 6 4 9 13 
9 4 14 1 3 2 8 0 6 10 7 5 11 12 13 
0 8 2 10 13 3 12 1 7 4 9 5 6 14 11 
13 14 7 6 11 12 0 1 10 8 4 3 9 5 2 
7 11 0 6 2 8 14 5 4 12 13 1 9 3 10 
9 7 6 5 10 1 14 11 12 0 4 3 8 2 13 
2 3 8 1 12 13 7 11 5 0 9 10 4 14 6 
8 4 12 11 3 7 0 10 6 1 14 2 5 9 13 
8 1 4 6 7 14 3 10 5 12 0 13 11 9 2 
7 13 0 8 9 1 10 12 5 3 4 11 2 6 14 
10 8 14 2 12 0 3 5 1 9 11 7 13 4 6 
1 2 5 9 7 4 0 3 14 12 13 10 6 11 8 
11 2 4 14 6 5 7 12 9 3 8 0 10 13 1 
14 8 5 7 10 13 1 0 9 4 3 2 6 12 11 
13 7 12 11 8 3 9 2 1 5 14 6 0 10 4 
0 14 5 2 4 10 9 6 3 11 12 8 13 7 1 
9 7 0 6 4 8 1 3 12 10 5 13 11 14 2 
14 10 6 5 0 4 8 12 9 2 7 1 11 3 13 
3 11 4 14 5 8 6 2 9 10 7 13 1 0 12 
3 0 10 2 12 7 4 8 6 14 11 9 1 13 5 
14 2 6 5 1 3 11 13 8 12 9 4 10 0 7 
10 6 14 11 7 13 1 9 8 0 4 12 2 3 5 
5 2 12 7 9 11 0 1 3 10 6 8 4 14 13 
9 11 1 7 0 14 8 5 10 6 2 13 3 4 12 
7 10 9 3 13 4 12 5 8 14 1 6 2 0 11 
4 11 13 14 5 7 2 9 12 1 0 10 3 8 6 
11 10 8 3 6 9 12 7 4 1 0 2 5 13 14 
9 6 4 2 14 3 8 11 10 13 5 7 1 0 12 
DURACIONES
(12, 16) (79, 79) (6, 6) (30, 40) (37, 47) (61, 67) (50, 52) (58, 76) (12, 14) (9, 9) (44, 48) (75, 93) (54, 66) (9, 11) (31, 37) 
(43, 47) (36, 48) (84, 106) (95, 99) (37, 49) (36, 44) (22, 28) (19, 25) (56, 58) (13, 17) (51, 67) (29, 37) (71, 95) (69, 75) (27, 27) 
(13, 17) (88, 96) (73, 91) (65, 87) (83, 91) (92, 94) (30, 30) (92, 100) (19, 23) (71, 81) (56, 66) (58, 66) (6, 8) (20, 22) (33, 43) 
(33, 39) (85, 107) (72, 82) (85, 109) (24, 28) (13, 13) (86, 94) (56, 64) (90, 92) (76, 96) (72, 76) (64, 64) (39, 45) (84, 102) (1, 1) 
(27, 27) (52, 70) (86, 88) (2, 2) (29, 31) (41, 53) (50, 66) (5, 5) (73, 93) (68, 76) (61, 81) (45, 59) (44, 52) (50, 58) (23, 31) 
(41, 47) (58, 74) (1, 1) (12, 12) (20, 22) (22, 26) (19, 19) (6, 6) (29, 33) (44, 56) (73, 95) (32, 36) (54, 64) (55, 73) (47, 59) 
(50, 52) (46, 50) (38, 40) (72, 78) (13, 13) (83, 105) (5, 5) (70, 76) (34, 42) (24, 32) (77, 77) (37, 43) (42, 48) (84, 94) (80, 98) 
(5, 5) (34, 36) (87, 87) (47, 49) (24, 26) (4, 4) (66, 86) (22, 22) (80, 104) (68, 86) (84, 88) (30, 40) (38, 48) (64, 86) (59, 63) 
(46, 52) (39, 43) (73, 87) (25, 27) (17, 19) (27, 33) (40, 46) (48, 52) (23, 29) (22, 24) (19, 25) (65, 75) (43, 45) (49, 57) (38, 44) 
(37, 45) (3, 3) (5, 5) (28, 32) (85, 101) (70, 82) (82, 90) (19, 21) (62, 82) (57, 75) (79, 83) (36, 38) (34, 40) (46, 50) (12, 16) 
(23, 31) (8, 8) (59, 77) (1, 1) (65, 87) (10, 12) (45, 45) (68, 92) (23, 25) (77, 97) (48, 48) (39, 51) (74, 94) (33, 35) (6, 8) 
(74, 86) (4, 4) (73, 95) (5, 5) (52, 52) (64, 86) (4, 4) (90, 96) (30, 36) (31, 37) (70, 84) (49, 61) (40, 54) (77, 89) (58, 64) 
(60, 66) (61, 73) (26, 30) (89, 99) (58, 58) (47, 63) (23, 25) (93, 103) (89, 93) (90, 92) (17, 17) (37, 37) (38, 42) (11, 11) (17, 19) 
(41, 45) (6, 8) (3, 3) (67, 67) (30, 40) (36, 42) (81, 81) (85, 113) (65, 75) (24, 32) (68, 88) (76, 100) (71, 89) (38, 44) (59, 77) 
(44, 50) (16, 18) (82, 98) (43, 51) (6, 6) (74, 98) (22, 26) (54, 60) (17, 19) (67, 81) (61, 67) (6, 6) (5, 5) (90, 102) (49, 55) 
(50, 58) (45, 53) (64, 70) (51, 51) (17, 21) (59, 73) (45, 57) (48, 58) (4, 4) (85, 105) (24, 32) (45, 45) (23, 31) (2, 2) (59, 77) 
(41, 51) (50, 50) (67, 81) (59, 71) (57, 71) (14, 16) (65, 83) (90, 90) (15, 19) (89, 107) (25, 31) (17, 19) (56, 56) (76, 84) (48, 56) 
(47, 55) (31, 41) (92, 104) (8, 8) (73, 87) (68, 86) (53, 69) (88, 102) (59, 79) (13, 13) (29, 39) (43, 45) (15, 19) (1, 1) (37, 37) 
(64, 86) (6, 6) (14, 18) (56, 66) (40, 50) (55, 59) (25, 25) (12, 16) (30, 32) (12, 12) (2, 2) (39, 49) (86, 110) (43, 51) (7, 7) 
(46, 52) (63, 79) (33, 35) (5, 5) (89, 91) (49, 53) (16, 20) (61, 71) (49, 63) (43, 55) (33, 43) (44, 44) (21, 21) (72, 76) (45, 49) 
(78, 84) (4, 4) (26, 32) (85, 107) (75, 81) (74, 86) (62, 68) (52, 70) (72, 96) (24, 28) (36, 36) (63, 71) (60, 60) (15, 17) (64, 70) 
(33, 33) (47, 59) (49, 53) (6, 6) (85, 105) (83, 99) (10, 12) (20, 22) (67, 85) (28, 36) (51, 61) (67, 87) (40, 42) (78, 86) (17, 19) 
(46, 48) (18, 18) (70, 90) (78, 86) (20, 22) (21, 27) (58, 76) (66, 70) (79, 83) (45, 53) (36, 42) (29, 29) (20, 20) (79, 79) (34, 42) 
(81, 83) (61, 79) (56, 56) (59, 73) (16, 16) (53, 71) (25, 29) (6, 6) (1, 1) (82, 94) (39, 51) (27, 27) (8, 8) (75, 99) (40, 42) 
(68, 88) (20, 22) (85, 89) (87, 89) (31, 35) (14, 16) (63, 73) (32, 42) (32, 34) (29, 31) (45, 51) (27, 31) (14, 18) (41, 41) (30, 30) 
(65, 81) (82, 90) (18, 20) (85, 113) (68, 88) (67, 85) (8, 8) (39, 51) (82, 110) (40, 46) (46, 48) (8, 8) (25, 25) (54, 60) (78, 104) 
(6, 6) (78, 100) (44, 58) (49, 57) (75, 97) (56, 72) (55, 57) (73, 89) (6, 6) (53, 53) (53, 71) (51, 53) (49, 53) (58, 74) (19, 25) 
(86, 88) (83, 109) (25, 25) (57, 75) (92, 92) (43, 45) (59, 77) (43, 57) (23, 23) (39, 51) (68, 76) (82, 104) (8, 10) (13, 13) (83, 91) 
(91, 99) (14, 18) (60, 68) (62, 82) (32, 32) (4, 4) (51, 51) (48, 56) (32, 38) (67, 87) (38, 40) (72, 72) (57, 73) (45, 47) (65, 69) 
(55, 69) (30, 30) (86, 112) (67, 67) (77, 77) (8, 10) (50, 62) (70, 78) (77, 95) (55, 71) (81, 81) (80, 84) (67, 75) (62, 62) (53, 59) 
(6, 6) (86, 110) (46, 50) (3, 3) (41, 49) (76, 94) (27, 35) (37, 49) (13, 15) (69, 71) (15, 17) (86, 88) (25, 25) (62, 62) (74, 98) 
(80, 104) (92, 104) (80, 102) (30, 30) (35, 35) (29, 29) (71, 89) (99, 99) (22, 28) (50, 56) (46, 52) (97, 97) (30, 38) (84, 112) (12, 14) 
(34, 34) (59, 73) (71, 95) (78, 78) (10, 10) (84, 106) (63, 65) (43, 43) (56, 74) (32, 42) (64, 82) (29, 37) (39, 51) (5, 5) (16, 20) 
(11, 11) (20, 22) (39, 45) (61, 79) (37, 49) (46, 50) (52, 64) (52, 56) (9, 9) (15, 19) (63, 83) (38, 46) (16, 20) (74, 78) (29, 29) 
(79, 105) (80, 98) (24, 32) (8, 8) (13, 13) (83, 101) (13, 13) (44, 46) (46, 48) (31, 41) (41, 47) (61, 73) (22, 28) (67, 87) (41, 45) 
(78, 98) (34, 38) (13, 13) (57, 73) (8, 10) (41, 49) (78, 100) (72, 86) (99, 99) (81, 107) (36, 38) (73, 79) (88, 110) (36, 40) (75, 83) 
(30, 34) (56, 74) (85, 87) (42, 46) (2, 2) (49, 61) (63, 69) (49, 51) (31, 31) (62, 70) (85, 91) (9, 11) (44, 48) (48, 64) (36, 36) 
(50, 60) (67, 89) (49, 61) (60, 64) (56, 74) (87, 107) (9, 9) (46, 48) (49, 63) (82, 102) (20, 22) (59, 73) (35, 45) (20, 20) (90, 104) 
(77, 85) (37, 49) (71, 73) (63, 79) (5, 5) (50, 62) (76, 92) (49, 57) (88, 108) (74, 78) (14, 16) (84, 84) (47, 49) (63, 67) (19, 19) 
(92, 106) (22, 24) (12, 16) (3, 3) (22, 28) (86, 104) (52, 54) (20, 24) (30, 32) (3, 3) (83, 89) (34, 46) (62, 70) (75, 85) (19, 19) 
(8, 8) (33, 41) (84, 96) (88, 108) (16, 18) (77, 99) (35, 35) (51, 53) (1, 1) (90, 108) (36, 36) (25, 33) (70, 84) (18, 18) (47, 63) 
(66, 86) (30, 36) (33, 41) (79, 83) (61, 81) (49, 65) (76, 100) (28, 30) (35, 47) (6, 8) (41, 45) (7, 7) (32, 32) (14, 16) (15, 17) 
(21, 23) (35, 41) (19, 23) (25, 25) (8, 10) (49, 51) (51, 51) (79, 87) (72, 74) (77, 93) (49, 57) (21, 21) (11, 13) (9, 11) (34, 34) 
(83, 95) (76, 92) (85, 103) (80, 84) (42, 42) (26, 26) (16, 16) (34, 46) (54, 56) (14, 16) (27, 35) (65, 81) (91, 99) (34, 44) (11, 11) 
(47, 57) (63, 79) (75, 75) (11, 11) (71, 83) (66, 84) (68, 68) (51, 59) (78, 102) (20, 22) (53, 71) (23, 23) (81, 109) (7, 9) (60, 72) 
(84, 98) (42, 48) (39, 49) (23, 23) (43, 51) (56, 64) (32, 40) (72, 90) (24, 24) (54, 66) (53, 71) (13, 13) (75, 101) (33, 43) (46, 46) 
(83, 97) (81, 93) (43, 55) (69, 85) (30, 34) (28, 28) (73, 87) (52, 70) (69, 81) (23, 23) (5, 5) (37, 49) (28, 34) (72, 88) (62, 74) 
(86, 98) (61, 73) (71, 85) (37, 41) (67, 81) (45, 49) (49, 63) (81, 81) (44, 58) (82, 88) (12, 12) (24, 26) (62, 66) (67, 73) (49, 49) 
(65, 81) (68, 78) (54, 64) (44, 50) (34, 38) (81, 81) (55, 61) (37, 39) (32, 34) (19, 19) (13, 17) (85, 109) (24, 26) (63, 71) (87, 91) 
(8, 10) (52, 64) (57, 71) (46, 46) (2, 2) (23, 25) (61, 75) (4, 4) (54, 56) (86, 104) (95, 101) (53, 61) (54, 72) (31, 31) (30, 32) 
TIEMPOS MAXIMOS DE FIN
(10000, 10000) (10000, 10000) (10000, 10000) (10000, 10000) (10000, 10000) (10000, 10000) (10000, 10000) (10000, 10000) (10000, 10000) (10000, 10000) (10000, 10000) (10000, 10000) (10000, 10000) (10000, 10000) (10000, 10000) (10000, 10000) (10000, 10000) (10000, 10000) (10000, 10000) (10000, 10000) (10000, 10000) (10000, 10000) (10000, 10000) (10000, 10000) (10000, 10000) (10000, 10000) (10000, 10000) (10000, 10000) (10000, 10000) (10000, 10000) (10000, 10000) (10000, 10000) (10000, 10000) (10000, 10000) (10000, 10000) (10000, 10000) (10000, 10000) (10000, 10000) (10000, 10000) (10000, 10000) (10000, 10000) (10000, 10000) (10000, 10000) (10000, 10000) (10000, 10000) (10000, 10000) (10000, 10000) (10000, 10000) (10000, 10000) (10000, 10000) 
// Desviacion Izda: min(0%), max(15%), promedio(6.78284%)
// Desviacion Dcha: min(0%), max(15%), promedio(6.78284%)
