NUMERO DE TRABAJOS
50
NUMERO DE RECURSOS
20
SECUENCIA DE MAQUINAS
18 12 17 4 5 11 10 8 9 13 15 1 16 7 14 19 0 6 3 2 
13 7 2 6 5 8 12 0 9 15 1 19 18 10 4 11 14 16 17 3 
10 7 1 15 18 2 14 9 11 5 19 3 8 13 6 16 17 4 12 0 
10 12 18 2 9 13 8 5 4 19 3 6 0 14 16 15 1 7 11 17 
2 7 14 19 1 5 0 15 6 4 16 17 8 3 11 13 18 10 12 9 
6 19 17 10 3 15 2 13 11 1 18 0 8 16 9 5 12 7 14 4 
0 2 4 10 3 7 13 15 12 18 17 14 11 8 19 16 1 6 9 5 
16 0 10 6 4 7 9 13 19 5 2 17 12 18 11 3 8 14 1 15 
19 8 4 9 18 7 10 6 11 1 2 15 16 5 0 3 17 12 14 13 
1 17 3 5 11 4 9 18 19 16 14 6 8 0 10 15 12 7 2 13 
19 3 18 7 13 16 10 11 0 1 12 15 8 6 9 4 2 14 17 5 
12 4 8 1 11 16 5 13 0 9 19 10 15 17 2 18 6 14 7 3 
18 6 3 4 14 0 11 5 10 1 12 9 13 15 17 2 19 8 16 7 
10 7 1 19 9 0 6 3 16 12 14 4 5 15 17 18 13 8 2 11 
2 15 1 19 9 10 16 7 3 12 8 18 11 0 14 4 13 17 6 5 
1 9 4 16 2 11 7 3 0 5 15 8 14 10 6 17 13 18 12 19 
10 2 1 17 8 0 9 16 14 4 12 7 6 11 15 5 18 13 19 3 
8 11 19 12 15 9 10 14 2 18 17 16 7 6 13 4 1 3 0 5 
10 19 18 5 14 0 1 11 13 15 9 16 4 12 6 7 3 8 17 2 
6 10 5 9 11 7 13 1 17 4 15 12 14 18 2 16 19 0 8 3 
10 15 12 7 2 11 8 5 14 1 9 18 16 19 3 4 6 13 0 17 
19 13 9 2 6 7 15 10 11 8 17 4 1 18 3 14 0 5 12 16 
12 8 18 2 1 11 6 19 7 16 3 14 4 9 17 13 5 15 10 0 
18 5 10 14 2 4 9 17 8 19 12 6 1 11 3 16 0 13 7 15 
11 19 15 17 3 16 0 7 10 1 6 13 18 2 14 5 8 12 9 4 
4 1 12 7 10 11 9 19 6 2 18 17 14 0 5 16 8 13 3 15 
18 2 8 3 11 0 14 12 4 9 17 5 6 10 19 13 7 15 16 1 
16 17 13 1 5 7 14 10 0 19 6 2 8 9 12 15 18 3 11 4 
4 1 10 6 8 9 2 12 7 17 11 0 14 13 19 16 3 5 15 18 
9 17 7 8 2 11 14 13 3 15 10 19 18 1 6 4 16 12 0 5 
2 12 11 8 18 17 7 6 5 1 9 13 19 14 16 10 3 0 4 15 
16 4 1 17 7 11 18 0 14 9 8 6 10 13 15 12 5 19 2 3 
17 7 14 9 4 13 2 10 8 15 11 6 3 5 0 12 16 18 19 1 
6 1 12 18 7 19 5 10 11 16 0 9 14 15 13 3 2 8 4 17 
5 18 19 17 14 4 0 8 10 2 12 16 9 6 7 1 13 11 15 3 
15 14 9 8 16 2 18 17 19 12 7 3 1 11 4 0 10 6 13 5 
16 15 19 14 18 3 2 10 5 8 7 13 6 17 0 4 12 1 11 9 
1 2 12 11 15 19 0 10 17 16 18 9 6 5 7 4 3 8 14 13 
9 19 2 6 11 3 15 16 4 13 7 12 8 14 0 18 1 10 17 5 
12 16 3 5 0 9 2 1 11 8 10 18 4 6 14 7 15 13 19 17 
11 19 3 17 7 18 14 5 16 4 8 6 12 9 13 15 2 1 0 10 
6 1 8 11 19 2 5 14 3 12 7 0 9 4 17 18 16 13 15 10 
7 12 17 19 6 11 15 10 9 3 5 18 8 13 2 1 0 16 14 4 
16 11 14 8 4 5 3 15 2 0 17 9 18 6 19 1 7 13 10 12 
16 3 9 17 14 0 6 5 8 4 19 12 2 1 13 7 10 18 15 11 
11 3 8 9 2 14 17 0 18 15 10 7 19 6 4 12 16 1 13 5 
7 9 2 11 12 1 6 3 16 13 14 10 17 15 0 8 19 4 18 5 
13 17 1 3 2 15 12 5 10 11 6 14 18 0 8 4 16 19 9 7 
5 10 16 15 9 11 12 17 7 1 8 4 0 14 3 2 6 13 19 18 
1 7 9 13 2 12 6 0 18 19 10 4 17 11 5 3 8 15 14 16 
DURACIONES
(46, 62) (96, 96) (84, 108) (55, 69) (68, 74) (41, 43) (54, 70) (82, 104) (94, 102) (10, 10) (48, 60) (12, 14) (32, 42) (56, 66) (88, 96) (77, 103) (53, 65) (63, 65) (82, 110) (58, 70) 
(74, 94) (82, 104) (22, 22) (6, 8) (71, 95) (48, 64) (80, 108) (50, 54) (6, 6) (84, 86) (34, 42) (79, 85) (3, 3) (84, 104) (28, 36) (17, 17) (66, 66) (78, 80) (9, 9) (30, 38) 
(62, 72) (64, 74) (5, 5) (13, 15) (46, 60) (12, 12) (15, 19) (86, 100) (25, 31) (53, 61) (8, 10) (70, 86) (19, 19) (59, 65) (47, 53) (84, 86) (3, 3) (50, 64) (93, 97) (74, 76) 
(91, 107) (14, 18) (82, 86) (44, 58) (83, 85) (17, 19) (18, 24) (46, 62) (7, 9) (36, 40) (68, 92) (4, 4) (69, 93) (24, 28) (45, 51) (44, 58) (87, 99) (66, 86) (31, 33) (47, 53) 
(8, 10) (5, 5) (2, 2) (68, 74) (56, 64) (87, 109) (3, 3) (23, 29) (56, 64) (52, 62) (47, 63) (41, 53) (44, 46) (45, 49) (77, 81) (56, 60) (95, 103) (80, 100) (20, 22) (69, 87) 
(78, 102) (92, 92) (89, 103) (41, 47) (83, 93) (72, 86) (76, 80) (3, 3) (17, 17) (11, 11) (32, 36) (13, 17) (45, 47) (40, 54) (79, 101) (57, 59) (81, 109) (29, 37) (49, 65) (88, 94) 
(24, 26) (93, 105) (16, 18) (61, 67) (78, 88) (55, 69) (43, 49) (20, 22) (84, 112) (48, 52) (49, 63) (53, 61) (4, 4) (64, 68) (51, 59) (3, 3) (13, 15) (9, 11) (23, 25) (85, 101) 
(86, 102) (18, 18) (68, 72) (79, 105) (29, 39) (29, 29) (63, 67) (18, 20) (82, 88) (48, 62) (38, 50) (81, 93) (51, 67) (29, 39) (76, 96) (72, 72) (24, 32) (59, 65) (19, 25) (35, 35) 
(76, 100) (9, 11) (39, 41) (88, 104) (43, 49) (42, 54) (73, 75) (70, 94) (88, 94) (41, 49) (79, 91) (48, 58) (68, 84) (29, 37) (62, 72) (60, 66) (42, 46) (74, 90) (47, 55) (45, 49) 
(45, 45) (14, 18) (59, 67) (15, 17) (84, 88) (73, 75) (56, 60) (39, 39) (47, 53) (27, 29) (46, 54) (64, 72) (35, 43) (6, 6) (35, 35) (6, 6) (12, 14) (24, 28) (15, 15) (48, 64) 
(23, 25) (72, 94) (46, 60) (51, 69) (59, 75) (73, 83) (17, 21) (48, 54) (13, 15) (44, 52) (52, 62) (45, 59) (82, 102) (47, 51) (70, 78) (74, 90) (31, 33) (59, 67) (85, 97) (63, 73) 
(6, 8) (74, 80) (96, 98) (84, 112) (17, 23) (49, 63) (60, 72) (51, 63) (46, 62) (58, 58) (17, 23) (26, 34) (68, 86) (68, 68) (58, 68) (6, 6) (57, 69) (60, 74) (21, 25) (23, 29) 
(76, 76) (71, 91) (30, 36) (31, 39) (80, 90) (29, 29) (10, 10) (48, 56) (10, 12) (18, 24) (1, 1) (90, 102) (44, 46) (29, 33) (38, 48) (10, 12) (44, 50) (35, 47) (69, 69) (46, 60) 
(3, 3) (51, 53) (3, 3) (74, 96) (34, 34) (23, 29) (67, 83) (85, 99) (73, 93) (8, 8) (79, 79) (59, 79) (56, 60) (64, 70) (1, 1) (71, 87) (56, 72) (45, 53) (57, 57) (4, 4) 
(28, 32) (17, 21) (30, 32) (44, 44) (2, 2) (17, 17) (71, 93) (13, 15) (72, 92) (83, 107) (22, 28) (67, 67) (74, 76) (40, 42) (89, 95) (3, 3) (6, 6) (21, 23) (31, 37) (17, 23) 
(16, 16) (58, 66) (47, 51) (8, 10) (39, 51) (37, 45) (23, 23) (41, 45) (35, 35) (39, 45) (85, 91) (19, 19) (3, 3) (7, 9) (91, 101) (24, 30) (28, 32) (32, 42) (18, 20) (24, 32) 
(17, 21) (58, 70) (65, 85) (20, 20) (94, 104) (77, 93) (54, 58) (95, 101) (31, 39) (67, 73) (42, 46) (14, 18) (22, 28) (6, 6) (10, 10) (23, 23) (7, 9) (89, 107) (25, 25) (98, 100) 
(1, 1) (24, 24) (39, 47) (5, 5) (31, 31) (47, 61) (1, 1) (47, 47) (59, 75) (60, 64) (21, 27) (33, 39) (88, 100) (14, 18) (8, 8) (52, 60) (14, 18) (18, 18) (43, 55) (65, 73) 
(95, 99) (88, 90) (67, 75) (82, 92) (73, 83) (73, 97) (17, 19) (18, 20) (19, 21) (90, 102) (43, 57) (65, 67) (53, 53) (62, 78) (46, 50) (19, 21) (35, 47) (81, 105) (80, 102) (50, 52) 
(77, 103) (25, 33) (23, 27) (66, 70) (18, 18) (47, 47) (78, 86) (30, 40) (24, 32) (8, 10) (42, 48) (52, 68) (56, 72) (32, 32) (15, 17) (26, 26) (40, 54) (32, 34) (85, 93) (35, 43) 
(69, 89) (61, 63) (22, 28) (47, 47) (4, 4) (12, 16) (41, 41) (8, 8) (79, 103) (60, 80) (27, 27) (77, 103) (69, 77) (52, 66) (18, 24) (64, 70) (74, 80) (53, 57) (48, 60) (39, 43) 
(34, 44) (63, 65) (55, 55) (74, 88) (6, 6) (68, 78) (15, 19) (43, 45) (27, 27) (50, 64) (15, 15) (32, 34) (14, 18) (38, 38) (1, 1) (53, 69) (11, 11) (56, 56) (60, 70) (42, 52) 
(45, 51) (50, 62) (6, 8) (34, 34) (57, 61) (61, 69) (1, 1) (65, 65) (8, 8) (17, 21) (30, 32) (52, 62) (59, 75) (50, 64) (81, 107) (31, 33) (48, 50) (29, 33) (72, 72) (68, 68) 
(65, 65) (10, 12) (71, 93) (47, 53) (35, 43) (55, 57) (58, 58) (59, 59) (5, 5) (30, 36) (81, 81) (82, 104) (43, 49) (22, 24) (80, 80) (22, 26) (12, 14) (9, 11) (36, 36) (38, 48) 
(51, 69) (32, 32) (35, 39) (12, 14) (55, 57) (6, 6) (74, 74) (71, 95) (43, 57) (52, 68) (11, 13) (78, 102) (52, 66) (32, 32) (69, 75) (71, 81) (76, 98) (22, 28) (22, 24) (57, 71) 
(23, 25) (76, 80) (39, 49) (5, 5) (74, 100) (54, 66) (47, 59) (18, 18) (90, 92) (57, 77) (54, 64) (71, 91) (8, 8) (16, 16) (84, 104) (93, 95) (46, 48) (26, 26) (63, 83) (64, 74) 
(7, 9) (64, 84) (81, 105) (9, 9) (73, 91) (81, 93) (39, 41) (6, 6) (61, 79) (73, 93) (78, 94) (79, 101) (70, 84) (13, 13) (56, 74) (20, 22) (79, 87) (52, 64) (90, 100) (46, 50) 
(6, 8) (80, 106) (74, 76) (77, 87) (30, 38) (27, 29) (8, 8) (32, 32) (59, 67) (5, 5) (26, 28) (78, 102) (31, 33) (13, 17) (52, 52) (57, 69) (10, 12) (86, 106) (25, 25) (19, 25) 
(66, 80) (70, 76) (33, 33) (64, 82) (17, 21) (45, 51) (6, 8) (66, 82) (77, 77) (45, 51) (5, 5) (45, 49) (33, 43) (72, 74) (74, 92) (22, 26) (72, 88) (73, 87) (36, 46) (26, 26) 
(48, 52) (34, 34) (92, 98) (43, 45) (31, 31) (74, 86) (55, 63) (46, 60) (21, 27) (17, 19) (36, 38) (67, 77) (69, 75) (71, 75) (6, 6) (74, 98) (16, 18) (13, 13) (87, 91) (23, 25) 
(84, 106) (92, 106) (31, 39) (52, 58) (59, 75) (54, 54) (15, 15) (23, 27) (2, 2) (60, 60) (31, 39) (13, 15) (14, 14) (32, 42) (71, 93) (34, 40) (42, 52) (28, 28) (32, 42) (18, 24) 
(21, 27) (22, 24) (58, 78) (12, 14) (93, 103) (65, 69) (58, 58) (73, 89) (57, 67) (11, 11) (90, 108) (69, 81) (41, 41) (20, 26) (13, 13) (35, 35) (69, 77) (35, 35) (65, 77) (26, 30) 
(87, 87) (36, 42) (60, 72) (67, 67) (85, 97) (64, 78) (43, 53) (17, 17) (12, 12) (92, 98) (82, 90) (62, 80) (19, 19) (45, 53) (55, 71) (59, 73) (67, 71) (63, 83) (83, 91) (7, 9) 
(61, 77) (3, 3) (11, 11) (76, 76) (53, 61) (48, 62) (36, 36) (88, 102) (54, 72) (74, 82) (62, 82) (28, 28) (46, 60) (9, 11) (78, 94) (12, 14) (50, 56) (12, 16) (4, 4) (52, 52) 
(62, 72) (55, 63) (75, 93) (45, 55) (88, 94) (85, 101) (46, 60) (52, 60) (26, 34) (84, 112) (53, 53) (68, 80) (56, 64) (41, 51) (51, 63) (22, 24) (27, 27) (45, 53) (46, 62) (43, 51) 
(99, 99) (71, 93) (3, 3) (55, 67) (83, 101) (61, 73) (62, 70) (74, 88) (56, 68) (38, 44) (70, 84) (9, 9) (49, 63) (80, 80) (77, 103) (66, 70) (80, 82) (56, 60) (83, 89) (56, 62) 
(76, 76) (68, 86) (22, 24) (27, 31) (24, 26) (42, 46) (15, 15) (16, 18) (92, 100) (61, 67) (70, 72) (19, 25) (76, 98) (70, 76) (68, 76) (8, 8) (60, 74) (83, 101) (54, 68) (97, 97) 
(86, 98) (42, 52) (93, 97) (50, 60) (76, 80) (54, 62) (31, 41) (1, 1) (23, 23) (67, 75) (42, 52) (76, 76) (30, 38) (92, 98) (22, 28) (4, 4) (83, 99) (22, 22) (47, 55) (52, 54) 
(53, 61) (52, 70) (35, 43) (19, 25) (54, 66) (77, 103) (46, 62) (2, 2) (81, 85) (72, 74) (32, 40) (60, 76) (89, 109) (67, 69) (59, 63) (66, 86) (79, 97) (13, 17) (96, 96) (77, 83) 
(6, 6) (52, 66) (87, 111) (30, 30) (68, 78) (55, 57) (35, 43) (9, 9) (76, 84) (85, 89) (72, 76) (6, 6) (53, 57) (37, 41) (34, 44) (39, 45) (68, 88) (37, 37) (63, 69) (35, 39) 
(11, 11) (80, 86) (71, 95) (85, 89) (33, 35) (44, 46) (75, 81) (13, 13) (58, 60) (82, 104) (14, 18) (75, 95) (72, 80) (51, 57) (91, 91) (90, 96) (12, 14) (52, 60) (10, 10) (85, 113) 
(24, 28) (43, 47) (72, 88) (41, 47) (8, 10) (27, 29) (64, 76) (87, 103) (38, 42) (20, 20) (54, 72) (40, 48) (58, 68) (72, 74) (58, 60) (77, 87) (38, 44) (82, 92) (88, 90) (28, 30) 
(60, 68) (85, 93) (53, 71) (28, 32) (13, 13) (56, 72) (38, 46) (34, 44) (88, 90) (85, 93) (55, 59) (58, 66) (86, 112) (52, 58) (37, 43) (86, 102) (24, 26) (34, 34) (4, 4) (56, 74) 
(52, 64) (87, 111) (16, 16) (40, 52) (68, 76) (36, 44) (42, 54) (13, 17) (12, 16) (15, 15) (36, 42) (15, 19) (49, 55) (43, 43) (8, 10) (71, 75) (6, 6) (61, 69) (56, 60) (13, 13) 
(19, 19) (64, 80) (75, 85) (44, 52) (74, 84) (68, 74) (29, 29) (13, 15) (18, 20) (24, 30) (85, 99) (89, 105) (92, 106) (70, 78) (59, 79) (18, 22) (36, 44) (35, 47) (83, 107) (35, 43) 
(62, 64) (24, 26) (71, 77) (34, 46) (12, 16) (91, 105) (23, 29) (47, 63) (9, 9) (92, 92) (64, 70) (99, 99) (42, 54) (18, 22) (82, 92) (53, 57) (61, 69) (65, 67) (10, 10) (4, 4) 
(2, 2) (80, 98) (89, 109) (89, 89) (71, 75) (11, 13) (70, 86) (55, 59) (33, 43) (16, 18) (58, 70) (70, 90) (45, 49) (65, 87) (95, 103) (64, 80) (30, 32) (45, 59) (48, 50) (76, 76) 
(45, 45) (22, 22) (10, 12) (93, 105) (64, 66) (96, 96) (84, 106) (43, 51) (8, 8) (52, 62) (58, 62) (37, 39) (64, 78) (68, 72) (95, 101) (49, 65) (4, 4) (27, 35) (68, 78) (56, 56) 
(28, 28) (25, 27) (43, 51) (69, 85) (76, 102) (78, 86) (94, 94) (37, 45) (81, 97) (66, 82) (84, 106) (39, 49) (51, 69) (76, 100) (52, 70) (98, 100) (31, 41) (46, 52) (36, 46) (1, 1) 
(16, 16) (61, 81) (48, 50) (25, 25) (54, 70) (96, 100) (62, 64) (78, 80) (28, 30) (75, 89) (81, 87) (76, 76) (76, 94) (18, 18) (67, 89) (18, 18) (84, 90) (65, 65) (9, 11) (73, 83) 
TIEMPOS MAXIMOS DE FIN
(10000, 10000) (10000, 10000) (10000, 10000) (10000, 10000) (10000, 10000) (10000, 10000) (10000, 10000) (10000, 10000) (10000, 10000) (10000, 10000) (10000, 10000) (10000, 10000) (10000, 10000) (10000, 10000) (10000, 10000) (10000, 10000) (10000, 10000) (10000, 10000) (10000, 10000) (10000, 10000) (10000, 10000) (10000, 10000) (10000, 10000) (10000, 10000) (10000, 10000) (10000, 10000) (10000, 10000) (10000, 10000) (10000, 10000) (10000, 10000) (10000, 10000) (10000, 10000) (10000, 10000) (10000, 10000) (10000, 10000) (10000, 10000) (10000, 10000) (10000, 10000) (10000, 10000) (10000, 10000) (10000, 10000) (10000, 10000) (10000, 10000) (10000, 10000) (10000, 10000) (10000, 10000) (10000, 10000) (10000, 10000) (10000, 10000) (10000, 10000) 
// Desviacion Izda: min(0%), max(15%), promedio(6.67816%)
// Desviacion Dcha: min(0%), max(15%), promedio(6.67816%)
