NUMERO DE TRABAJOS
50
NUMERO DE RECURSOS
20
SECUENCIA DE MAQUINAS
0 1 11 17 10 7 5 13 3 4 19 9 12 14 15 2 16 18 8 6 
3 16 5 7 10 11 14 18 13 1 8 9 19 12 0 2 15 4 17 6 
6 11 7 2 4 12 14 5 0 13 10 18 19 1 8 15 9 3 16 17 
13 6 19 16 2 3 10 9 7 1 0 14 12 5 18 4 8 17 15 11 
8 0 13 7 10 4 16 6 1 17 15 3 2 9 19 18 5 11 14 12 
7 12 0 17 3 15 4 13 14 6 16 19 10 1 18 9 11 5 8 2 
15 7 1 0 18 5 19 10 12 6 17 14 3 11 13 4 16 2 9 8 
19 2 16 14 5 6 15 9 17 11 10 3 12 4 0 1 7 13 8 18 
13 15 12 19 4 0 3 18 10 1 17 14 5 7 6 11 8 2 16 9 
5 0 6 10 1 3 2 11 18 7 4 17 9 15 16 8 13 12 19 14 
4 11 9 3 1 2 5 16 10 8 7 13 18 15 17 14 6 12 0 19 
11 13 1 10 0 12 3 15 5 9 19 17 4 8 14 16 6 7 18 2 
7 19 14 3 16 4 11 17 5 15 10 9 0 18 6 12 1 2 13 8 
9 8 10 2 7 12 5 4 17 14 3 16 18 1 15 6 19 13 11 0 
14 0 1 8 2 6 3 12 9 16 4 19 5 15 13 18 11 10 7 17 
16 9 19 12 6 0 17 2 13 4 7 18 5 11 8 1 3 14 15 10 
15 10 11 18 14 17 5 19 12 6 16 1 7 8 3 2 4 13 9 0 
6 9 18 16 12 1 2 7 19 11 4 0 3 5 10 14 17 8 15 13 
18 7 12 17 19 11 5 15 3 8 0 6 16 13 1 2 9 4 10 14 
13 15 12 14 5 18 11 6 3 8 2 17 4 16 0 7 10 1 9 19 
17 4 2 7 1 5 15 18 0 11 10 6 19 8 14 13 9 3 12 16 
8 13 1 9 2 10 14 0 3 12 16 18 5 17 7 4 19 11 6 15 
16 5 11 12 17 18 8 19 3 10 13 1 4 2 9 15 6 7 0 14 
13 1 11 0 16 3 7 5 14 17 19 18 10 4 6 15 9 2 12 8 
19 2 14 7 3 17 6 10 15 9 0 16 1 5 18 4 13 11 12 8 
11 9 5 18 16 1 2 17 8 12 10 19 15 14 3 7 0 6 13 4 
13 15 11 14 12 18 1 4 9 10 16 17 3 19 7 6 0 2 5 8 
7 17 16 6 14 19 18 1 2 8 5 4 10 11 9 3 15 12 0 13 
18 15 16 9 6 8 17 19 1 0 11 7 14 3 12 10 4 13 5 2 
9 12 4 8 6 3 11 14 7 15 1 2 10 13 17 19 16 5 18 0 
15 1 17 11 7 3 18 19 4 10 13 2 5 8 6 0 12 16 14 9 
14 19 17 9 18 11 1 4 16 8 5 7 0 10 2 3 13 6 15 12 
9 17 12 3 11 2 15 10 0 16 14 1 5 8 19 7 4 6 13 18 
5 16 2 0 8 12 11 19 15 4 6 14 7 18 17 9 1 10 13 3 
14 15 3 7 11 0 12 6 1 8 13 19 2 4 5 18 17 9 10 16 
13 17 18 14 10 15 5 16 1 3 9 7 11 12 0 2 4 6 19 8 
17 2 19 15 18 5 9 16 13 0 1 7 3 14 12 10 6 4 8 11 
11 4 5 12 3 2 6 16 0 10 1 15 19 18 8 13 7 17 9 14 
19 6 4 17 2 18 3 13 12 15 14 7 10 8 9 5 11 16 1 0 
8 16 15 12 18 17 4 0 11 19 14 6 5 1 13 3 9 10 7 2 
10 17 13 11 6 2 9 12 15 0 7 5 14 16 18 19 1 3 8 4 
0 3 14 1 9 18 5 11 8 7 6 15 16 12 17 10 19 13 2 4 
8 14 16 4 11 18 12 19 2 5 9 15 7 0 6 13 17 1 10 3 
6 15 7 16 14 9 3 18 11 17 0 2 1 19 10 13 5 4 12 8 
9 10 11 6 4 3 12 13 5 0 18 19 14 17 2 7 16 15 8 1 
5 7 17 18 8 1 12 16 19 4 10 3 0 9 15 14 2 11 13 6 
13 15 10 18 14 9 7 19 5 3 16 4 17 12 8 1 2 0 11 6 
7 16 5 2 9 8 15 3 19 18 13 12 4 14 17 11 0 6 1 10 
12 9 6 16 3 8 15 0 11 5 10 18 17 19 13 7 14 4 2 1 
15 8 5 9 13 1 6 14 18 12 3 19 16 2 17 7 0 10 11 4 
DURACIONES
(30, 40) (73, 73) (49, 63) (25, 31) (77, 85) (79, 85) (5, 5) (42, 54) (31, 41) (36, 38) (9, 9) (7, 9) (8, 10) (17, 23) (72, 84) (73, 81) (27, 35) (39, 49) (9, 9) (34, 46) 
(37, 45) (23, 29) (23, 31) (31, 31) (55, 69) (17, 23) (15, 19) (47, 63) (54, 60) (21, 21) (54, 68) (61, 65) (15, 19) (12, 16) (57, 61) (90, 92) (53, 55) (61, 67) (19, 23) (44, 50) 
(4, 4) (85, 99) (71, 79) (18, 24) (20, 22) (84, 112) (30, 34) (36, 46) (27, 31) (37, 47) (64, 78) (89, 91) (66, 72) (81, 93) (70, 72) (16, 20) (40, 42) (77, 79) (55, 65) (77, 93) 
(71, 73) (18, 24) (8, 8) (52, 58) (76, 96) (15, 19) (87, 109) (67, 75) (16, 20) (74, 98) (77, 91) (82, 94) (84, 110) (70, 80) (61, 79) (64, 70) (34, 38) (10, 12) (93, 101) (51, 59) 
(78, 98) (13, 17) (27, 31) (46, 56) (70, 94) (58, 74) (26, 26) (67, 73) (7, 7) (83, 91) (78, 84) (67, 85) (42, 46) (24, 30) (76, 100) (34, 34) (65, 75) (58, 66) (42, 46) (60, 74) 
(26, 26) (24, 24) (85, 89) (45, 51) (47, 63) (66, 70) (46, 62) (73, 93) (17, 17) (43, 57) (76, 98) (16, 20) (80, 86) (31, 33) (67, 75) (66, 78) (90, 100) (37, 41) (33, 41) (20, 22) 
(76, 84) (27, 35) (19, 21) (45, 57) (30, 34) (20, 22) (11, 13) (73, 85) (1, 1) (85, 101) (75, 85) (54, 66) (16, 18) (75, 81) (84, 90) (55, 73) (40, 54) (65, 67) (62, 66) (43, 51) 
(57, 61) (9, 11) (69, 91) (43, 49) (54, 70) (34, 46) (60, 76) (26, 26) (46, 62) (47, 53) (54, 68) (77, 77) (34, 46) (83, 105) (35, 37) (61, 73) (55, 63) (48, 62) (15, 15) (61, 81) 
(35, 37) (65, 79) (49, 57) (83, 99) (58, 72) (84, 112) (56, 64) (57, 63) (59, 65) (48, 56) (36, 42) (13, 13) (44, 44) (59, 79) (3, 3) (91, 103) (62, 68) (16, 16) (57, 57) (63, 67) 
(8, 8) (94, 104) (32, 36) (39, 47) (36, 40) (44, 54) (85, 87) (79, 103) (13, 15) (87, 87) (39, 51) (12, 12) (40, 50) (12, 16) (50, 66) (24, 30) (63, 73) (5, 5) (41, 53) (57, 65) 
(74, 84) (47, 55) (37, 45) (44, 58) (36, 46) (42, 46) (47, 53) (16, 18) (25, 27) (2, 2) (15, 17) (24, 26) (36, 40) (16, 18) (85, 93) (82, 84) (51, 67) (40, 50) (32, 42) (21, 25) 
(87, 107) (77, 103) (91, 93) (3, 3) (2, 2) (8, 10) (61, 79) (13, 17) (38, 38) (44, 52) (11, 13) (9, 11) (8, 10) (67, 85) (27, 27) (7, 9) (40, 48) (72, 90) (7, 7) (79, 81) 
(43, 47) (12, 14) (46, 54) (26, 34) (80, 90) (79, 83) (30, 34) (56, 72) (10, 12) (65, 75) (1, 1) (80, 106) (54, 54) (12, 14) (30, 30) (15, 19) (16, 16) (3, 3) (2, 2) (17, 21) 
(51, 63) (74, 88) (17, 21) (44, 48) (40, 40) (34, 44) (61, 65) (88, 96) (53, 67) (7, 9) (6, 8) (39, 39) (9, 9) (48, 60) (66, 70) (21, 21) (64, 68) (46, 58) (49, 59) (18, 24) 
(58, 74) (57, 75) (48, 48) (79, 83) (29, 31) (78, 84) (45, 47) (86, 104) (19, 25) (82, 88) (53, 61) (79, 87) (41, 55) (80, 108) (10, 12) (61, 61) (87, 97) (49, 49) (77, 89) (88, 94) 
(28, 28) (12, 16) (62, 68) (15, 19) (89, 105) (49, 65) (31, 35) (84, 108) (3, 3) (28, 36) (64, 76) (68, 88) (29, 31) (64, 72) (84, 100) (47, 49) (9, 9) (66, 84) (30, 32) (72, 78) 
(22, 28) (28, 36) (11, 11) (22, 22) (67, 77) (80, 96) (49, 51) (19, 19) (34, 34) (78, 96) (79, 81) (11, 13) (26, 26) (70, 86) (61, 65) (3, 3) (83, 111) (25, 29) (24, 26) (18, 24) 
(1, 1) (39, 39) (19, 21) (53, 71) (68, 74) (36, 46) (66, 74) (8, 8) (11, 11) (62, 70) (71, 79) (62, 72) (28, 36) (70, 78) (8, 8) (42, 46) (88, 100) (52, 70) (18, 18) (98, 100) 
(49, 63) (45, 49) (11, 11) (37, 49) (49, 65) (23, 31) (3, 3) (53, 55) (34, 46) (74, 98) (37, 43) (29, 31) (55, 55) (48, 48) (35, 39) (12, 16) (43, 55) (51, 67) (14, 16) (86, 112) 
(63, 81) (11, 11) (82, 98) (18, 18) (69, 93) (43, 45) (76, 82) (68, 86) (17, 23) (85, 87) (50, 66) (44, 44) (28, 36) (33, 33) (36, 38) (80, 104) (82, 108) (76, 78) (84, 110) (8, 8) 
(8, 10) (32, 42) (7, 7) (37, 39) (10, 10) (4, 4) (67, 83) (51, 57) (2, 2) (13, 17) (93, 97) (4, 4) (37, 37) (18, 20) (52, 60) (38, 50) (58, 62) (90, 90) (41, 51) (7, 7) 
(32, 34) (51, 65) (88, 88) (42, 56) (50, 50) (3, 3) (44, 44) (7, 9) (74, 90) (68, 76) (88, 110) (44, 56) (57, 57) (19, 19) (12, 12) (84, 84) (65, 73) (12, 16) (8, 8) (9, 11) 
(33, 41) (8, 10) (79, 103) (87, 97) (17, 17) (63, 73) (34, 34) (80, 82) (26, 26) (85, 113) (63, 81) (14, 16) (82, 104) (24, 24) (2, 2) (72, 74) (34, 34) (38, 46) (12, 12) (87, 111) 
(73, 83) (91, 105) (9, 9) (13, 17) (83, 111) (79, 93) (88, 88) (19, 25) (27, 35) (59, 59) (65, 75) (37, 47) (41, 43) (65, 65) (16, 20) (43, 57) (24, 32) (49, 65) (75, 99) (50, 64) 
(51, 51) (32, 36) (90, 104) (73, 93) (13, 17) (66, 70) (77, 97) (75, 81) (55, 59) (32, 42) (52, 70) (46, 56) (81, 105) (34, 36) (56, 58) (42, 56) (38, 46) (11, 13) (71, 81) (17, 17) 
(30, 36) (65, 65) (61, 63) (11, 11) (31, 41) (4, 4) (90, 104) (20, 24) (66, 86) (15, 19) (78, 86) (6, 6) (85, 107) (35, 39) (26, 26) (77, 101) (36, 46) (52, 62) (20, 26) (8, 10) 
(6, 6) (89, 89) (52, 70) (16, 16) (40, 44) (18, 22) (29, 31) (54, 60) (61, 71) (71, 95) (7, 7) (20, 22) (86, 106) (7, 7) (31, 31) (99, 99) (13, 15) (82, 88) (50, 64) (15, 15) 
(39, 51) (78, 80) (80, 96) (50, 66) (2, 2) (12, 14) (21, 21) (7, 9) (33, 41) (68, 74) (98, 100) (43, 55) (51, 63) (90, 100) (17, 21) (66, 80) (64, 64) (60, 68) (52, 58) (73, 97) 
(50, 52) (19, 25) (10, 12) (74, 90) (82, 98) (36, 46) (85, 91) (32, 34) (91, 91) (96, 102) (67, 71) (6, 6) (33, 33) (23, 27) (29, 33) (6, 8) (34, 42) (42, 50) (40, 42) (7, 9) 
(19, 21) (93, 99) (75, 101) (46, 52) (23, 25) (87, 91) (23, 25) (59, 73) (64, 74) (38, 46) (87, 97) (54, 70) (48, 48) (92, 98) (25, 31) (43, 43) (63, 79) (8, 10) (52, 54) (27, 35) 
(38, 50) (90, 108) (44, 54) (46, 48) (51, 69) (11, 13) (19, 25) (47, 51) (34, 46) (22, 26) (49, 53) (2, 2) (61, 65) (99, 99) (68, 82) (48, 56) (56, 62) (15, 17) (22, 26) (55, 55) 
(59, 75) (72, 74) (3, 3) (71, 73) (8, 8) (69, 71) (67, 79) (55, 63) (91, 91) (64, 74) (42, 50) (31, 31) (6, 6) (33, 37) (33, 41) (84, 102) (41, 43) (89, 89) (33, 35) (24, 26) 
(27, 35) (26, 26) (6, 8) (58, 76) (22, 28) (42, 44) (20, 26) (30, 32) (25, 31) (51, 63) (42, 42) (16, 16) (9, 11) (23, 29) (50, 50) (64, 74) (30, 40) (17, 19) (16, 20) (77, 77) 
(81, 109) (9, 11) (6, 8) (81, 95) (73, 83) (54, 70) (93, 93) (21, 25) (87, 101) (20, 24) (76, 94) (71, 75) (54, 64) (11, 13) (54, 62) (80, 106) (40, 54) (73, 73) (83, 97) (17, 19) 
(73, 91) (84, 102) (10, 10) (46, 46) (12, 14) (49, 65) (28, 32) (20, 20) (62, 80) (37, 45) (31, 39) (32, 38) (49, 55) (82, 98) (17, 19) (74, 86) (27, 31) (16, 18) (65, 83) (90, 90) 
(34, 44) (7, 7) (15, 15) (47, 51) (33, 35) (48, 52) (48, 48) (68, 86) (25, 27) (25, 29) (74, 82) (36, 40) (76, 76) (38, 42) (2, 2) (38, 42) (88, 96) (72, 74) (74, 98) (6, 6) 
(41, 53) (27, 29) (20, 22) (78, 82) (42, 50) (57, 69) (67, 85) (20, 20) (5, 5) (53, 61) (8, 10) (70, 72) (31, 37) (26, 28) (80, 94) (21, 27) (63, 63) (6, 6) (63, 69) (59, 71) 
(52, 52) (23, 27) (65, 69) (47, 59) (89, 105) (8, 8) (21, 25) (82, 86) (68, 80) (64, 86) (16, 20) (47, 59) (28, 34) (57, 75) (42, 56) (50, 52) (29, 29) (46, 58) (30, 38) (40, 48) 
(39, 39) (17, 17) (41, 55) (84, 102) (83, 111) (79, 79) (84, 90) (35, 45) (2, 2) (85, 109) (46, 48) (44, 50) (44, 46) (57, 73) (27, 31) (91, 101) (8, 8) (41, 43) (71, 77) (17, 19) 
(32, 42) (77, 89) (26, 34) (92, 92) (83, 91) (49, 53) (86, 96) (38, 40) (55, 73) (64, 66) (46, 50) (67, 69) (41, 43) (10, 10) (84, 88) (84, 108) (85, 111) (30, 40) (48, 54) (45, 51) 
(98, 98) (2, 2) (58, 62) (21, 25) (48, 56) (79, 89) (33, 43) (3, 3) (1, 1) (41, 51) (42, 46) (75, 91) (63, 73) (8, 10) (31, 33) (18, 20) (61, 73) (10, 10) (12, 12) (85, 113) 
(61, 75) (35, 41) (88, 92) (38, 38) (55, 61) (9, 9) (83, 93) (62, 64) (9, 9) (33, 37) (4, 4) (13, 13) (46, 62) (88, 100) (84, 94) (69, 89) (67, 81) (27, 35) (69, 71) (93, 101) 
(87, 93) (17, 19) (79, 103) (50, 54) (48, 54) (77, 91) (50, 56) (8, 8) (78, 102) (77, 97) (28, 36) (21, 21) (57, 77) (13, 13) (54, 66) (65, 85) (33, 43) (31, 41) (19, 19) (62, 74) 
(41, 51) (63, 71) (79, 81) (56, 68) (42, 44) (61, 69) (9, 9) (31, 31) (63, 69) (37, 47) (6, 6) (41, 45) (43, 51) (9, 9) (29, 31) (6, 6) (72, 74) (18, 22) (1, 1) (11, 13) 
(67, 85) (33, 39) (84, 98) (67, 77) (57, 65) (7, 9) (72, 84) (51, 61) (21, 27) (17, 23) (11, 13) (50, 52) (57, 65) (87, 95) (15, 19) (12, 14) (69, 79) (55, 71) (8, 10) (79, 89) 
(71, 71) (11, 11) (72, 72) (34, 46) (68, 78) (9, 9) (7, 7) (82, 94) (19, 19) (14, 16) (41, 49) (48, 60) (86, 86) (37, 39) (8, 10) (6, 8) (71, 77) (68, 92) (68, 82) (72, 88) 
(34, 42) (87, 95) (62, 82) (43, 45) (28, 34) (85, 93) (4, 4) (71, 95) (56, 58) (63, 63) (70, 70) (3, 3) (12, 12) (40, 48) (78, 88) (7, 7) (32, 32) (32, 40) (24, 28) (47, 51) 
(55, 65) (86, 90) (3, 3) (4, 4) (54, 58) (1, 1) (85, 105) (30, 32) (53, 55) (17, 23) (44, 58) (81, 95) (82, 82) (67, 69) (64, 74) (14, 16) (65, 79) (3, 3) (51, 67) (41, 45) 
(92, 92) (79, 97) (36, 44) (42, 52) (71, 89) (20, 26) (6, 8) (86, 110) (2, 2) (77, 103) (73, 75) (20, 26) (87, 99) (82, 106) (40, 42) (42, 56) (2, 2) (9, 9) (80, 86) (74, 94) 
(82, 86) (67, 69) (76, 78) (51, 57) (42, 48) (68, 72) (34, 34) (57, 71) (53, 57) (57, 75) (16, 16) (11, 11) (9, 9) (70, 88) (50, 58) (23, 23) (63, 63) (1, 1) (87, 95) (45, 55) 
TIEMPOS MAXIMOS DE FIN
(10000, 10000) (10000, 10000) (10000, 10000) (10000, 10000) (10000, 10000) (10000, 10000) (10000, 10000) (10000, 10000) (10000, 10000) (10000, 10000) (10000, 10000) (10000, 10000) (10000, 10000) (10000, 10000) (10000, 10000) (10000, 10000) (10000, 10000) (10000, 10000) (10000, 10000) (10000, 10000) (10000, 10000) (10000, 10000) (10000, 10000) (10000, 10000) (10000, 10000) (10000, 10000) (10000, 10000) (10000, 10000) (10000, 10000) (10000, 10000) (10000, 10000) (10000, 10000) (10000, 10000) (10000, 10000) (10000, 10000) (10000, 10000) (10000, 10000) (10000, 10000) (10000, 10000) (10000, 10000) (10000, 10000) (10000, 10000) (10000, 10000) (10000, 10000) (10000, 10000) (10000, 10000) (10000, 10000) (10000, 10000) (10000, 10000) (10000, 10000) 
// Desviacion Izda: min(0%), max(15%), promedio(6.69592%)
// Desviacion Dcha: min(0%), max(15%), promedio(6.69592%)
