NUMERO DE TRABAJOS
15
NUMERO DE RECURSOS
15
SECUENCIA DE MAQUINAS
6 12 4 7 3 2 10 11 8 14 9 13 5 0 1 
4 5 7 14 13 8 11 9 6 10 0 3 12 1 2 
1 8 9 12 6 11 13 5 0 2 7 10 4 3 14 
5 2 9 6 10 0 13 4 7 14 11 8 12 1 3 
7 8 6 10 4 9 2 14 12 5 1 13 11 0 3 
5 3 12 13 11 4 14 7 2 1 10 0 9 6 8 
12 3 7 8 14 6 1 11 4 5 2 10 0 13 9 
11 5 0 7 12 13 14 1 2 8 4 3 9 6 10 
10 11 6 14 0 1 2 5 12 4 8 7 9 13 3 
6 11 9 2 8 0 13 3 10 7 1 12 14 4 5 
4 7 13 0 5 12 6 8 14 10 3 1 11 9 2 
2 14 0 12 6 10 7 5 8 9 13 1 3 11 4 
5 8 10 2 3 6 9 0 13 4 1 11 12 7 14 
8 14 4 13 5 6 9 1 12 7 11 10 3 2 0 
10 8 12 6 4 1 13 14 11 0 7 3 2 9 5 
DURACIONES
(94, 94) (66, 66) (10, 10) (53, 53) (26, 26) (15, 15) (65, 65) (82, 82) (10, 10) (27, 27) (93, 93) (92, 92) (96, 96) (70, 70) (83, 83) 
(74, 74) (31, 31) (88, 88) (51, 51) (57, 57) (78, 78) (8, 8) (7, 7) (91, 91) (79, 79) (18, 18) (51, 51) (18, 18) (99, 99) (33, 33) 
(4, 4) (82, 82) (40, 40) (86, 86) (50, 50) (54, 54) (21, 21) (6, 6) (54, 54) (68, 68) (82, 82) (20, 20) (39, 39) (35, 35) (68, 68) 
(73, 73) (23, 23) (30, 30) (30, 30) (53, 53) (94, 94) (58, 58) (93, 93) (32, 32) (91, 91) (30, 30) (56, 56) (27, 27) (92, 92) (9, 9) 
(78, 78) (23, 23) (21, 21) (60, 60) (36, 36) (29, 29) (95, 95) (99, 99) (79, 79) (76, 76) (93, 93) (42, 42) (52, 52) (42, 42) (96, 96) 
(29, 29) (61, 61) (88, 88) (70, 70) (16, 16) (31, 31) (65, 65) (83, 83) (78, 78) (26, 26) (50, 50) (87, 87) (62, 62) (14, 14) (30, 30) 
(18, 18) (75, 75) (20, 20) (4, 4) (91, 91) (68, 68) (19, 19) (54, 54) (85, 85) (73, 73) (43, 43) (24, 24) (37, 37) (87, 87) (66, 66) 
(32, 32) (52, 52) (9, 9) (49, 49) (61, 61) (35, 35) (99, 99) (62, 62) (6, 6) (62, 62) (7, 7) (80, 80) (3, 3) (57, 57) (7, 7) 
(85, 85) (30, 30) (96, 96) (91, 91) (13, 13) (87, 87) (82, 82) (83, 83) (78, 78) (56, 56) (85, 85) (8, 8) (66, 66) (88, 88) (15, 15) 
(5, 5) (59, 59) (30, 30) (60, 60) (41, 41) (17, 17) (66, 66) (89, 89) (78, 78) (88, 88) (69, 69) (45, 45) (82, 82) (6, 6) (13, 13) 
(90, 90) (27, 27) (1, 1) (8, 8) (91, 91) (80, 80) (89, 89) (49, 49) (32, 32) (28, 28) (90, 90) (93, 93) (6, 6) (35, 35) (73, 73) 
(47, 47) (43, 43) (75, 75) (8, 8) (51, 51) (3, 3) (84, 84) (34, 34) (28, 28) (60, 60) (69, 69) (45, 45) (67, 67) (58, 58) (87, 87) 
(65, 65) (62, 62) (97, 97) (20, 20) (31, 31) (33, 33) (33, 33) (77, 77) (50, 50) (80, 80) (48, 48) (90, 90) (75, 75) (96, 96) (44, 44) 
(28, 28) (21, 21) (51, 51) (75, 75) (17, 17) (89, 89) (59, 59) (56, 56) (63, 63) (18, 18) (17, 17) (30, 30) (16, 16) (7, 7) (35, 35) 
(57, 57) (16, 16) (42, 42) (34, 34) (37, 37) (26, 26) (68, 68) (73, 73) (5, 5) (8, 8) (12, 12) (87, 87) (83, 83) (20, 20) (97, 97) 
