NUMERO DE TRABAJOS
15
NUMERO DE RECURSOS
15
SECUENCIA DE MAQUINAS
9 14 4 13 10 3 7 8 0 5 1 2 12 6 11 
10 8 11 14 3 13 9 7 4 2 6 1 5 12 0 
7 0 6 5 14 13 2 11 4 12 1 9 3 10 8 
9 11 14 0 1 8 5 10 12 4 13 3 6 7 2 
11 4 13 3 8 1 10 12 2 14 6 7 0 9 5 
5 2 1 10 0 4 8 14 6 3 9 7 11 12 13 
5 10 13 0 9 8 1 11 14 7 12 2 6 4 3 
12 0 9 3 13 6 5 7 2 14 11 8 10 1 4 
11 10 5 13 1 9 8 7 3 6 0 2 14 12 4 
2 14 3 10 6 1 0 13 11 4 5 8 7 12 9 
11 14 13 5 4 9 1 6 12 0 2 8 10 3 7 
12 3 10 8 4 7 13 11 14 1 2 0 5 6 9 
8 13 5 0 11 9 4 12 1 10 6 2 7 14 3 
2 5 4 3 9 1 11 13 7 6 10 14 0 8 12 
1 10 4 2 0 7 6 9 11 12 5 14 3 13 8 
DURACIONES
(86, 86) (60, 60) (10, 10) (59, 59) (65, 65) (94, 94) (71, 71) (25, 25) (98, 98) (49, 49) (43, 43) (8, 8) (90, 90) (21, 21) (73, 73) 
(68, 68) (28, 28) (38, 38) (36, 36) (93, 93) (35, 35) (37, 37) (28, 28) (62, 62) (86, 86) (65, 65) (11, 11) (20, 20) (82, 82) (23, 23) 
(33, 33) (67, 67) (96, 96) (91, 91) (83, 83) (81, 81) (60, 60) (88, 88) (20, 20) (62, 62) (22, 22) (79, 79) (38, 38) (40, 40) (82, 82) 
(13, 13) (14, 14) (73, 73) (88, 88) (24, 24) (16, 16) (78, 78) (70, 70) (53, 53) (68, 68) (73, 73) (90, 90) (58, 58) (7, 7) (4, 4) 
(93, 93) (52, 52) (63, 63) (13, 13) (19, 19) (41, 41) (71, 71) (59, 59) (19, 19) (60, 60) (85, 85) (99, 99) (73, 73) (95, 95) (19, 19) 
(62, 62) (60, 60) (93, 93) (16, 16) (10, 10) (72, 72) (88, 88) (69, 69) (58, 58) (41, 41) (46, 46) (63, 63) (76, 76) (83, 83) (62, 62) 
(50, 50) (68, 68) (90, 90) (34, 34) (44, 44) (5, 5) (8, 8) (25, 25) (70, 70) (53, 53) (78, 78) (92, 92) (62, 62) (85, 85) (70, 70) 
(60, 60) (64, 64) (92, 92) (44, 44) (63, 63) (91, 91) (21, 21) (1, 1) (96, 96) (19, 19) (59, 59) (12, 12) (41, 41) (11, 11) (94, 94) 
(93, 93) (46, 46) (51, 51) (37, 37) (91, 91) (90, 90) (63, 63) (40, 40) (68, 68) (13, 13) (16, 16) (83, 83) (49, 49) (24, 24) (23, 23) 
(5, 5) (35, 35) (21, 21) (14, 14) (66, 66) (3, 3) (6, 6) (98, 98) (63, 63) (64, 64) (76, 76) (94, 94) (17, 17) (62, 62) (37, 37) 
(35, 35) (42, 42) (62, 62) (68, 68) (73, 73) (27, 27) (52, 52) (39, 39) (41, 41) (25, 25) (9, 9) (34, 34) (50, 50) (41, 41) (98, 98) 
(23, 23) (32, 32) (35, 35) (10, 10) (29, 29) (68, 68) (20, 20) (8, 8) (58, 58) (62, 62) (39, 39) (32, 32) (8, 8) (33, 33) (91, 91) 
(28, 28) (31, 31) (3, 3) (28, 28) (66, 66) (59, 59) (24, 24) (45, 45) (81, 81) (8, 8) (44, 44) (42, 42) (2, 2) (23, 23) (53, 53) 
(11, 11) (93, 93) (27, 27) (59, 59) (62, 62) (23, 23) (23, 23) (7, 7) (77, 77) (64, 64) (60, 60) (97, 97) (36, 36) (53, 53) (72, 72) 
(36, 36) (98, 98) (38, 38) (24, 24) (84, 84) (47, 47) (72, 72) (1, 1) (91, 91) (85, 85) (68, 68) (42, 42) (20, 20) (30, 30) (30, 30) 
