NUMERO DE TRABAJOS
15
NUMERO DE RECURSOS
15
SECUENCIA DE MAQUINAS
7 11 8 3 12 1 13 0 14 6 9 4 2 10 5 
12 1 11 9 6 3 2 4 5 8 13 14 10 0 7 
1 2 9 0 3 5 8 4 14 10 12 13 7 6 11 
13 10 6 2 14 7 4 11 0 5 9 3 8 1 12 
1 8 4 14 6 5 3 2 9 10 13 7 11 0 12 
5 14 2 12 10 1 11 4 6 9 0 13 8 3 7 
5 2 0 1 8 14 11 10 7 9 6 12 4 13 3 
4 7 10 1 9 8 2 14 11 3 5 6 13 12 0 
14 11 0 9 10 5 3 12 8 13 6 1 7 2 4 
9 0 3 10 12 13 5 1 6 14 8 11 2 7 4 
7 2 1 12 3 14 4 6 5 9 8 13 10 0 11 
0 8 14 12 9 5 6 10 7 11 3 4 1 13 2 
8 12 10 11 14 3 6 1 4 5 0 9 13 2 7 
13 2 11 0 14 10 3 1 12 4 5 6 7 9 8 
1 13 0 11 2 10 4 8 3 5 7 6 9 12 14 
DURACIONES
(69, 69) (81, 81) (81, 81) (62, 62) (80, 80) (3, 3) (38, 38) (62, 62) (54, 54) (66, 66) (88, 88) (82, 82) (3, 3) (12, 12) (88, 88) 
(83, 83) (51, 51) (47, 47) (15, 15) (89, 89) (76, 76) (52, 52) (18, 18) (22, 22) (85, 85) (26, 26) (30, 30) (5, 5) (89, 89) (22, 22) 
(62, 62) (47, 47) (93, 93) (54, 54) (38, 38) (78, 78) (71, 71) (96, 96) (19, 19) (33, 33) (44, 44) (71, 71) (90, 90) (9, 9) (21, 21) 
(33, 33) (82, 82) (80, 80) (30, 30) (96, 96) (31, 31) (11, 11) (26, 26) (41, 41) (55, 55) (12, 12) (10, 10) (92, 92) (3, 3) (75, 75) 
(36, 36) (49, 49) (10, 10) (43, 43) (69, 69) (72, 72) (19, 19) (65, 65) (37, 37) (57, 57) (32, 32) (11, 11) (73, 73) (89, 89) (12, 12) 
(83, 83) (32, 32) (6, 6) (13, 13) (87, 87) (94, 94) (36, 36) (76, 76) (46, 46) (30, 30) (56, 56) (62, 62) (32, 32) (52, 52) (72, 72) 
(29, 29) (78, 78) (21, 21) (27, 27) (17, 17) (43, 43) (14, 14) (15, 15) (16, 16) (49, 49) (72, 72) (19, 19) (99, 99) (38, 38) (64, 64) 
(12, 12) (74, 74) (4, 4) (3, 3) (15, 15) (62, 62) (50, 50) (38, 38) (49, 49) (25, 25) (18, 18) (55, 55) (5, 5) (71, 71) (27, 27) 
(69, 69) (13, 13) (33, 33) (47, 47) (86, 86) (31, 31) (97, 97) (48, 48) (25, 25) (40, 40) (94, 94) (22, 22) (61, 61) (59, 59) (16, 16) 
(27, 27) (4, 4) (35, 35) (80, 80) (49, 49) (46, 46) (84, 84) (46, 46) (96, 96) (72, 72) (18, 18) (23, 23) (96, 96) (74, 74) (23, 23) 
(36, 36) (17, 17) (81, 81) (67, 67) (47, 47) (5, 5) (51, 51) (23, 23) (82, 82) (35, 35) (96, 96) (7, 7) (54, 54) (92, 92) (38, 38) 
(78, 78) (58, 58) (62, 62) (43, 43) (1, 1) (56, 56) (76, 76) (49, 49) (80, 80) (26, 26) (79, 79) (9, 9) (24, 24) (24, 24) (42, 42) 
(38, 38) (86, 86) (38, 38) (38, 38) (83, 83) (36, 36) (11, 11) (17, 17) (99, 99) (14, 14) (57, 57) (64, 64) (58, 58) (96, 96) (17, 17) 
(10, 10) (86, 86) (93, 93) (63, 63) (61, 61) (62, 62) (75, 75) (90, 90) (40, 40) (77, 77) (8, 8) (27, 27) (96, 96) (69, 69) (64, 64) 
(73, 73) (12, 12) (14, 14) (71, 71) (3, 3) (47, 47) (84, 84) (84, 84) (53, 53) (58, 58) (95, 95) (87, 87) (90, 90) (68, 68) (75, 75) 
