NUMERO DE TRABAJOS
15
NUMERO DE RECURSOS
15
SECUENCIA DE MAQUINAS
3 7 6 14 9 8 5 4 10 1 0 12 11 2 13 
1 11 0 5 8 13 3 10 9 2 12 6 4 7 14 
7 3 8 11 0 4 9 13 1 10 6 5 14 12 2 
6 11 5 13 3 2 1 4 9 12 8 0 14 7 10 
1 11 6 5 8 7 12 9 2 14 13 3 0 4 10 
11 2 12 1 14 0 6 9 3 13 7 10 4 5 8 
14 7 11 0 12 8 9 10 3 13 4 1 2 6 5 
7 4 13 5 14 11 2 12 6 1 0 10 9 3 8 
7 4 14 10 3 0 13 8 1 2 6 12 11 9 5 
2 12 10 3 6 5 14 9 13 4 0 11 7 8 1 
11 9 3 7 6 4 0 2 5 1 10 8 13 12 14 
0 4 1 9 2 11 13 10 7 6 8 12 14 3 5 
6 0 4 10 2 14 9 13 11 12 1 8 5 3 7 
5 10 13 2 7 4 8 6 9 0 12 11 1 14 3 
11 2 0 4 14 5 9 10 6 12 8 1 7 3 13 
DURACIONES
(72, 72) (51, 51) (42, 42) (31, 31) (61, 61) (46, 46) (88, 88) (33, 33) (27, 27) (85, 85) (70, 70) (56, 56) (70, 70) (50, 50) (25, 25) 
(19, 19) (79, 79) (79, 79) (47, 47) (40, 40) (67, 67) (43, 43) (65, 65) (84, 84) (61, 61) (30, 30) (56, 56) (19, 19) (91, 91) (68, 68) 
(94, 94) (7, 7) (2, 2) (95, 95) (60, 60) (82, 82) (76, 76) (36, 36) (8, 8) (85, 85) (7, 7) (44, 44) (2, 2) (72, 72) (91, 91) 
(58, 58) (67, 67) (84, 84) (34, 34) (19, 19) (19, 19) (94, 94) (41, 41) (98, 98) (96, 96) (25, 25) (40, 40) (74, 74) (88, 88) (74, 74) 
(45, 45) (60, 60) (8, 8) (29, 29) (32, 32) (42, 42) (25, 25) (4, 4) (71, 71) (79, 79) (93, 93) (28, 28) (30, 30) (17, 17) (43, 43) 
(84, 84) (56, 56) (46, 46) (93, 93) (66, 66) (84, 84) (40, 40) (4, 4) (15, 15) (15, 15) (54, 54) (39, 39) (77, 77) (55, 55) (31, 31) 
(65, 65) (91, 91) (17, 17) (47, 47) (77, 77) (68, 68) (62, 62) (22, 22) (72, 72) (47, 47) (38, 38) (7, 7) (11, 11) (22, 22) (63, 63) 
(12, 12) (21, 21) (60, 60) (42, 42) (22, 22) (84, 84) (60, 60) (52, 52) (25, 25) (53, 53) (53, 53) (56, 56) (29, 29) (83, 83) (32, 32) 
(48, 48) (28, 28) (70, 70) (26, 26) (68, 68) (4, 4) (19, 19) (92, 92) (24, 24) (54, 54) (57, 57) (47, 47) (84, 84) (85, 85) (95, 95) 
(36, 36) (34, 34) (65, 65) (64, 64) (30, 30) (41, 41) (53, 53) (74, 74) (44, 44) (13, 13) (41, 41) (6, 6) (32, 32) (94, 94) (37, 37) 
(62, 62) (9, 9) (89, 89) (37, 37) (28, 28) (23, 23) (13, 13) (60, 60) (46, 46) (94, 94) (85, 85) (72, 72) (18, 18) (79, 79) (11, 11) 
(74, 74) (61, 61) (43, 43) (26, 26) (97, 97) (62, 62) (40, 40) (60, 60) (62, 62) (78, 78) (42, 42) (8, 8) (21, 21) (11, 11) (70, 70) 
(9, 9) (22, 22) (9, 9) (8, 8) (54, 54) (32, 32) (92, 92) (76, 76) (2, 2) (63, 63) (63, 63) (98, 98) (42, 42) (12, 12) (41, 41) 
(67, 67) (7, 7) (91, 91) (52, 52) (87, 87) (4, 4) (1, 1) (56, 56) (82, 82) (47, 47) (35, 35) (8, 8) (92, 92) (39, 39) (11, 11) 
(44, 44) (24, 24) (24, 24) (14, 14) (34, 34) (57, 57) (30, 30) (64, 64) (4, 4) (14, 14) (69, 69) (95, 95) (22, 22) (60, 60) (61, 61) 
