NUMERO DE TRABAJOS
15
NUMERO DE RECURSOS
15
SECUENCIA DE MAQUINAS
12 1 4 9 13 0 11 8 3 5 6 14 10 2 7 
5 1 14 10 13 9 6 12 8 2 7 0 3 4 11 
6 3 10 7 13 4 5 9 8 2 0 1 11 14 12 
10 7 5 0 9 13 2 8 1 14 11 3 12 6 4 
6 12 14 1 7 5 11 0 2 3 8 13 4 9 10 
4 7 6 0 8 13 12 14 3 2 5 9 10 1 11 
10 11 6 9 0 2 1 8 12 7 5 3 13 14 4 
3 10 5 6 8 4 0 14 2 7 9 11 12 1 13 
1 2 6 7 10 12 14 8 0 3 13 5 4 9 11 
12 7 6 14 3 4 0 13 10 8 11 9 5 2 1 
4 3 8 14 2 13 5 6 10 12 7 11 1 9 0 
6 12 7 5 2 4 13 11 8 0 10 3 1 9 14 
12 13 8 7 1 6 0 5 9 10 4 2 14 3 11 
12 1 4 8 6 10 7 3 0 5 13 2 9 14 11 
7 5 0 10 2 3 9 6 11 8 1 4 14 12 13 
DURACIONES
(40, 40) (96, 96) (59, 59) (95, 95) (76, 76) (75, 75) (23, 23) (65, 65) (65, 65) (16, 16) (71, 71) (52, 52) (84, 84) (99, 99) (24, 24) 
(2, 2) (88, 88) (99, 99) (52, 52) (68, 68) (13, 13) (38, 38) (35, 35) (57, 57) (37, 37) (93, 93) (38, 38) (68, 68) (94, 94) (71, 71) 
(87, 87) (46, 46) (14, 14) (87, 87) (30, 30) (79, 79) (62, 62) (37, 37) (54, 54) (1, 1) (97, 97) (16, 16) (2, 2) (51, 51) (96, 96) 
(19, 19) (15, 15) (42, 42) (8, 8) (72, 72) (15, 15) (76, 76) (25, 25) (78, 78) (84, 84) (62, 62) (70, 70) (81, 81) (16, 16) (97, 97) 
(68, 68) (71, 71) (3, 3) (68, 68) (91, 91) (37, 37) (73, 73) (21, 21) (85, 85) (79, 79) (51, 51) (50, 50) (21, 21) (30, 30) (64, 64) 
(14, 14) (1, 1) (29, 29) (72, 72) (6, 6) (31, 31) (98, 98) (50, 50) (83, 83) (2, 2) (86, 86) (33, 33) (33, 33) (98, 98) (59, 59) 
(21, 21) (80, 80) (99, 99) (70, 70) (80, 80) (71, 71) (47, 47) (96, 96) (56, 56) (78, 78) (53, 53) (10, 10) (92, 92) (1, 1) (33, 33) 
(29, 29) (85, 85) (89, 89) (10, 10) (30, 30) (38, 38) (38, 38) (48, 48) (16, 16) (65, 65) (90, 90) (73, 73) (88, 88) (46, 46) (47, 47) 
(37, 37) (9, 9) (49, 49) (23, 23) (1, 1) (78, 78) (39, 39) (15, 15) (9, 9) (41, 41) (35, 35) (83, 83) (8, 8) (61, 61) (60, 60) 
(1, 1) (73, 73) (47, 47) (46, 46) (10, 10) (37, 37) (60, 60) (84, 84) (26, 26) (11, 11) (37, 37) (79, 79) (75, 75) (49, 49) (51, 51) 
(22, 22) (49, 49) (33, 33) (2, 2) (24, 24) (3, 3) (73, 73) (68, 68) (21, 21) (61, 61) (69, 69) (94, 94) (43, 43) (39, 39) (48, 48) 
(81, 81) (46, 46) (21, 21) (23, 23) (86, 86) (19, 19) (64, 64) (52, 52) (22, 22) (50, 50) (11, 11) (73, 73) (77, 77) (16, 16) (75, 75) 
(21, 21) (80, 80) (30, 30) (32, 32) (22, 22) (23, 23) (85, 85) (92, 92) (14, 14) (13, 13) (68, 68) (60, 60) (45, 45) (32, 32) (90, 90) 
(29, 29) (95, 95) (52, 52) (59, 59) (33, 33) (12, 12) (73, 73) (96, 96) (75, 75) (12, 12) (83, 83) (3, 3) (90, 90) (57, 57) (6, 6) 
(94, 94) (18, 18) (54, 54) (42, 42) (70, 70) (29, 29) (43, 43) (50, 50) (75, 75) (70, 70) (40, 40) (48, 48) (1, 1) (27, 27) (12, 12) 
