NUMERO DE TRABAJOS
15
NUMERO DE RECURSOS
15
SECUENCIA DE MAQUINAS
7 12 5 8 3 14 13 9 0 1 4 2 6 11 10 
8 0 5 13 6 1 4 2 3 11 10 12 9 14 7 
6 8 7 1 9 5 12 4 0 2 14 11 3 13 10 
12 0 14 7 13 1 6 8 11 2 3 9 5 10 4 
8 2 12 11 10 9 4 3 14 5 0 7 6 13 1 
13 8 6 11 14 9 12 7 0 1 10 2 5 3 4 
4 1 2 13 7 6 0 8 12 14 10 9 5 3 11 
4 10 14 3 6 13 11 9 0 5 1 12 8 7 2 
7 1 5 4 14 8 0 9 12 3 10 2 13 11 6 
3 6 13 4 5 10 2 8 12 11 9 7 14 1 0 
1 4 7 2 14 10 12 13 6 5 9 0 3 8 11 
0 7 14 13 8 3 6 9 5 12 10 4 1 2 11 
14 10 0 8 12 13 4 11 1 3 6 5 2 9 7 
13 4 8 6 5 2 9 0 11 12 1 3 14 7 10 
14 2 6 4 3 11 1 5 7 0 8 10 9 12 13 
DURACIONES
(96, 96) (23, 23) (71, 71) (26, 26) (28, 28) (16, 16) (27, 27) (71, 71) (18, 18) (57, 57) (43, 43) (5, 5) (12, 12) (91, 91) (63, 63) 
(32, 32) (81, 81) (95, 95) (79, 79) (55, 55) (45, 45) (60, 60) (73, 73) (23, 23) (44, 44) (92, 92) (20, 20) (5, 5) (72, 72) (73, 73) 
(63, 63) (93, 93) (63, 63) (79, 79) (10, 10) (66, 66) (27, 27) (93, 93) (24, 24) (26, 26) (8, 8) (69, 69) (29, 29) (66, 66) (97, 97) 
(80, 80) (87, 87) (68, 68) (23, 23) (54, 54) (16, 16) (68, 68) (32, 32) (74, 74) (3, 3) (2, 2) (71, 71) (4, 4) (67, 67) (28, 28) 
(46, 46) (96, 96) (11, 11) (41, 41) (93, 93) (2, 2) (98, 98) (10, 10) (43, 43) (65, 65) (27, 27) (57, 57) (75, 75) (87, 87) (81, 81) 
(5, 5) (91, 91) (92, 92) (87, 87) (66, 66) (36, 36) (67, 67) (88, 88) (92, 92) (27, 27) (13, 13) (7, 7) (95, 95) (66, 66) (13, 13) 
(90, 90) (33, 33) (78, 78) (76, 76) (93, 93) (67, 67) (82, 82) (94, 94) (12, 12) (5, 5) (85, 85) (42, 42) (4, 4) (2, 2) (70, 70) 
(79, 79) (24, 24) (41, 41) (83, 83) (45, 45) (29, 29) (3, 3) (42, 42) (5, 5) (44, 44) (83, 83) (59, 59) (60, 60) (78, 78) (44, 44) 
(19, 19) (55, 55) (20, 20) (74, 74) (66, 66) (37, 37) (55, 55) (63, 63) (40, 40) (73, 73) (55, 55) (84, 84) (54, 54) (62, 62) (6, 6) 
(27, 27) (59, 59) (6, 6) (90, 90) (6, 6) (37, 37) (64, 64) (35, 35) (25, 25) (59, 59) (77, 77) (30, 30) (1, 1) (7, 7) (70, 70) 
(4, 4) (53, 53) (6, 6) (10, 10) (51, 51) (89, 89) (38, 38) (38, 38) (35, 35) (44, 44) (99, 99) (88, 88) (52, 52) (16, 16) (99, 99) 
(28, 28) (11, 11) (76, 76) (51, 51) (35, 35) (60, 60) (44, 44) (39, 39) (66, 66) (49, 49) (40, 40) (34, 34) (80, 80) (38, 38) (29, 29) 
(31, 31) (32, 32) (40, 40) (25, 25) (40, 40) (85, 85) (39, 39) (61, 61) (15, 15) (41, 41) (93, 93) (64, 64) (16, 16) (81, 81) (97, 97) 
(9, 9) (21, 21) (8, 8) (55, 55) (79, 79) (76, 76) (79, 79) (61, 61) (68, 68) (99, 99) (24, 24) (23, 23) (92, 92) (91, 91) (22, 22) 
(80, 80) (30, 30) (67, 67) (58, 58) (45, 45) (29, 29) (48, 48) (28, 28) (64, 64) (63, 63) (80, 80) (23, 23) (93, 93) (55, 55) (48, 48) 
