NUMERO DE TRABAJOS
15
NUMERO DE RECURSOS
15
SECUENCIA DE MAQUINAS
13 12 7 0 5 11 9 10 1 2 3 14 4 6 8 
2 1 8 14 13 0 5 11 9 12 10 7 3 4 6 
0 3 1 7 4 8 14 5 6 2 13 12 9 10 11 
9 11 0 7 12 14 6 1 13 10 4 5 3 2 8 
8 13 5 10 9 14 12 2 3 0 6 11 7 4 1 
12 13 14 9 5 1 6 7 0 3 8 10 4 11 2 
9 0 5 4 12 14 6 1 3 8 13 11 2 10 7 
12 1 9 14 6 10 2 7 4 11 13 5 3 8 0 
6 5 12 4 1 14 9 0 7 8 10 13 2 11 3 
8 3 5 4 1 10 7 9 13 2 0 11 6 12 14 
4 2 1 0 14 10 9 6 11 12 3 8 7 13 5 
8 3 13 14 2 11 5 4 9 12 10 7 1 0 6 
7 1 10 4 0 8 12 6 13 2 3 9 11 14 5 
8 11 3 7 1 12 6 4 10 13 2 5 14 9 0 
5 13 14 6 9 11 7 2 12 8 3 4 10 1 0 
DURACIONES
(52, 52) (19, 19) (6, 6) (20, 20) (1, 1) (26, 26) (90, 90) (44, 44) (27, 27) (18, 18) (51, 51) (80, 80) (10, 10) (51, 51) (41, 41) 
(44, 44) (85, 85) (2, 2) (78, 78) (86, 86) (88, 88) (61, 61) (20, 20) (56, 56) (12, 12) (69, 69) (34, 34) (55, 55) (34, 34) (84, 84) 
(62, 62) (72, 72) (74, 74) (63, 63) (95, 95) (29, 29) (24, 24) (34, 34) (89, 89) (83, 83) (90, 90) (26, 26) (98, 98) (65, 65) (31, 31) 
(10, 10) (15, 15) (93, 93) (79, 79) (77, 77) (61, 61) (1, 1) (48, 48) (22, 22) (27, 27) (21, 21) (17, 17) (45, 45) (96, 96) (11, 11) 
(83, 83) (52, 52) (70, 70) (78, 78) (7, 7) (28, 28) (97, 97) (52, 52) (29, 29) (81, 81) (60, 60) (91, 91) (80, 80) (54, 54) (35, 35) 
(3, 3) (31, 31) (98, 98) (97, 97) (77, 77) (39, 39) (41, 41) (10, 10) (9, 9) (93, 93) (7, 7) (49, 49) (20, 20) (45, 45) (59, 59) 
(28, 28) (93, 93) (4, 4) (51, 51) (67, 67) (5, 5) (18, 18) (52, 52) (47, 47) (21, 21) (49, 49) (63, 63) (96, 96) (85, 85) (90, 90) 
(25, 25) (82, 82) (58, 58) (15, 15) (67, 67) (50, 50) (66, 66) (92, 92) (56, 56) (82, 82) (57, 57) (16, 16) (34, 34) (99, 99) (61, 61) 
(82, 82) (31, 31) (22, 22) (16, 16) (87, 87) (48, 48) (59, 59) (63, 63) (29, 29) (99, 99) (48, 48) (36, 36) (91, 91) (61, 61) (59, 59) 
(28, 28) (25, 25) (69, 69) (65, 65) (62, 62) (57, 57) (97, 97) (31, 31) (15, 15) (25, 25) (83, 83) (98, 98) (55, 55) (66, 66) (31, 31) 
(20, 20) (99, 99) (13, 13) (88, 88) (25, 25) (75, 75) (90, 90) (84, 84) (70, 70) (41, 41) (17, 17) (54, 54) (63, 63) (1, 1) (95, 95) 
(59, 59) (22, 22) (46, 46) (10, 10) (1, 1) (21, 21) (3, 3) (84, 84) (93, 93) (59, 59) (78, 78) (73, 73) (59, 59) (42, 42) (63, 63) 
(72, 72) (80, 80) (12, 12) (56, 56) (22, 22) (8, 8) (93, 93) (27, 27) (17, 17) (38, 38) (26, 26) (51, 51) (43, 43) (80, 80) (94, 94) 
(72, 72) (78, 78) (29, 29) (90, 90) (46, 46) (46, 46) (43, 43) (75, 75) (90, 90) (29, 29) (8, 8) (92, 92) (16, 16) (62, 62) (6, 6) 
(89, 89) (44, 44) (41, 41) (32, 32) (10, 10) (85, 85) (16, 16) (23, 23) (91, 91) (46, 46) (35, 35) (17, 17) (93, 93) (45, 45) (93, 93) 
