NUMERO DE TRABAJOS
15
NUMERO DE RECURSOS
15
SECUENCIA DE MAQUINAS
3 6 7 13 4 1 12 10 8 14 0 9 5 2 11 
2 12 1 13 3 4 8 14 0 10 7 5 9 11 6 
8 14 3 0 10 5 9 13 2 11 6 4 7 1 12 
5 13 11 4 14 2 9 8 10 3 6 7 1 0 12 
13 5 2 14 1 8 4 3 11 6 7 12 9 0 10 
14 11 2 5 8 10 0 4 9 7 13 3 1 6 12 
8 12 5 10 7 11 2 13 0 14 6 9 1 4 3 
9 7 12 3 6 2 10 13 1 8 14 4 0 5 11 
0 4 5 1 11 7 6 2 14 13 8 9 3 10 12 
8 11 7 1 14 13 12 4 6 9 10 0 5 2 3 
12 4 5 13 6 0 1 7 9 8 11 10 14 2 3 
3 14 4 13 5 9 8 0 7 12 6 1 10 11 2 
10 8 4 1 2 0 7 14 12 13 9 6 3 11 5 
6 2 0 14 1 4 12 3 10 7 8 9 5 13 11 
10 2 9 13 5 0 6 7 1 14 11 4 12 3 8 
DURACIONES
(83, 83) (1, 1) (96, 96) (54, 54) (30, 30) (80, 80) (81, 81) (9, 9) (49, 49) (32, 32) (19, 19) (92, 92) (65, 65) (88, 88) (64, 64) 
(4, 4) (68, 68) (79, 79) (21, 21) (84, 84) (92, 92) (66, 66) (51, 51) (83, 83) (96, 96) (68, 68) (38, 38) (38, 38) (99, 99) (76, 76) 
(46, 46) (57, 57) (66, 66) (75, 75) (88, 88) (58, 58) (56, 56) (35, 35) (59, 59) (82, 82) (24, 24) (96, 96) (24, 24) (55, 55) (80, 80) 
(34, 34) (69, 69) (53, 53) (98, 98) (8, 8) (81, 81) (81, 81) (38, 38) (39, 39) (3, 3) (59, 59) (81, 81) (30, 30) (76, 76) (71, 71) 
(85, 85) (80, 80) (36, 36) (57, 57) (96, 96) (34, 34) (14, 14) (3, 3) (90, 90) (99, 99) (9, 9) (42, 42) (95, 95) (27, 27) (27, 27) 
(28, 28) (11, 11) (66, 66) (2, 2) (35, 35) (69, 69) (61, 61) (84, 84) (73, 73) (56, 56) (98, 98) (81, 81) (72, 72) (92, 92) (23, 23) 
(21, 21) (5, 5) (95, 95) (5, 5) (22, 22) (16, 16) (77, 77) (85, 85) (76, 76) (46, 46) (36, 36) (89, 89) (99, 99) (44, 44) (37, 37) 
(49, 49) (80, 80) (61, 61) (87, 87) (41, 41) (6, 6) (83, 83) (79, 79) (44, 44) (83, 83) (9, 9) (84, 84) (99, 99) (38, 38) (68, 68) 
(77, 77) (51, 51) (68, 68) (69, 69) (6, 6) (26, 26) (99, 99) (6, 6) (34, 34) (27, 27) (51, 51) (82, 82) (5, 5) (90, 90) (1, 1) 
(85, 85) (64, 64) (55, 55) (76, 76) (89, 89) (68, 68) (34, 34) (14, 14) (52, 52) (33, 33) (91, 91) (4, 4) (18, 18) (95, 95) (76, 76) 
(40, 40) (8, 8) (36, 36) (5, 5) (1, 1) (51, 51) (33, 33) (80, 80) (90, 90) (75, 75) (47, 47) (65, 65) (42, 42) (16, 16) (11, 11) 
(38, 38) (83, 83) (48, 48) (74, 74) (15, 15) (10, 10) (89, 89) (41, 41) (97, 97) (97, 97) (16, 16) (47, 47) (21, 21) (95, 95) (20, 20) 
(89, 89) (22, 22) (11, 11) (15, 15) (37, 37) (65, 65) (28, 28) (39, 39) (88, 88) (14, 14) (28, 28) (6, 6) (24, 24) (4, 4) (23, 23) 
(14, 14) (66, 66) (4, 4) (58, 58) (7, 7) (6, 6) (5, 5) (48, 48) (54, 54) (59, 59) (2, 2) (1, 1) (4, 4) (82, 82) (75, 75) 
(24, 24) (66, 66) (4, 4) (20, 20) (79, 79) (50, 50) (23, 23) (15, 15) (14, 14) (91, 91) (86, 86) (96, 96) (63, 63) (16, 16) (3, 3) 
