NUMERO DE TRABAJOS
15
NUMERO DE RECURSOS
15
SECUENCIA DE MAQUINAS
3 13 11 4 2 9 10 6 12 7 5 14 8 1 0 
13 9 14 0 4 5 6 11 1 7 8 12 10 3 2 
1 14 13 8 10 4 0 12 5 2 11 6 9 7 3 
14 5 4 3 10 7 1 11 13 6 9 12 2 8 0 
14 1 13 6 12 4 5 2 9 0 3 7 11 8 10 
9 11 14 10 13 7 8 2 1 0 12 5 4 6 3 
3 7 11 8 4 9 1 12 10 6 0 14 5 2 13 
14 13 5 0 9 8 2 3 1 11 6 10 4 7 12 
3 2 0 11 1 4 5 13 7 12 9 10 8 6 14 
14 9 11 13 1 5 3 4 0 12 6 2 8 10 7 
14 12 2 5 4 1 13 0 8 10 7 11 3 6 9 
4 13 3 1 11 8 9 7 0 2 6 10 5 12 14 
11 9 1 8 12 14 2 10 7 0 13 6 3 5 4 
1 4 5 6 11 3 9 10 8 2 7 13 14 12 0 
13 2 4 12 7 3 8 0 11 14 9 6 1 5 10 
DURACIONES
(91, 91) (15, 15) (45, 45) (26, 26) (90, 90) (53, 53) (7, 7) (78, 78) (94, 94) (8, 8) (19, 19) (56, 56) (69, 69) (66, 66) (98, 98) 
(34, 34) (1, 1) (40, 40) (74, 74) (43, 43) (73, 73) (96, 96) (80, 80) (87, 87) (78, 78) (88, 88) (90, 90) (49, 49) (85, 85) (3, 3) 
(88, 88) (98, 98) (82, 82) (46, 46) (79, 79) (69, 69) (95, 95) (41, 41) (39, 39) (12, 12) (1, 1) (71, 71) (27, 27) (77, 77) (99, 99) 
(50, 50) (1, 1) (21, 21) (72, 72) (46, 46) (20, 20) (62, 62) (33, 33) (79, 79) (56, 56) (67, 67) (23, 23) (56, 56) (44, 44) (56, 56) 
(15, 15) (15, 15) (16, 16) (79, 79) (8, 8) (73, 73) (86, 86) (52, 52) (79, 79) (62, 62) (93, 93) (86, 86) (44, 44) (80, 80) (18, 18) 
(79, 79) (63, 63) (94, 94) (9, 9) (86, 86) (89, 89) (12, 12) (66, 66) (55, 55) (70, 70) (35, 35) (14, 14) (3, 3) (54, 54) (62, 62) 
(42, 42) (39, 39) (42, 42) (9, 9) (37, 37) (25, 25) (78, 78) (76, 76) (16, 16) (38, 38) (30, 30) (80, 80) (34, 34) (92, 92) (29, 29) 
(96, 96) (25, 25) (49, 49) (67, 67) (53, 53) (20, 20) (52, 52) (29, 29) (51, 51) (35, 35) (38, 38) (18, 18) (43, 43) (46, 46) (98, 98) 
(73, 73) (68, 68) (3, 3) (98, 98) (68, 68) (8, 8) (15, 15) (88, 88) (72, 72) (20, 20) (89, 89) (59, 59) (68, 68) (63, 63) (41, 41) 
(30, 30) (43, 43) (80, 80) (64, 64) (14, 14) (6, 6) (36, 36) (88, 88) (71, 71) (51, 51) (63, 63) (32, 32) (16, 16) (63, 63) (7, 7) 
(18, 18) (90, 90) (55, 55) (25, 25) (72, 72) (92, 92) (88, 88) (69, 69) (89, 89) (83, 83) (58, 58) (35, 35) (79, 79) (43, 43) (86, 86) 
(50, 50) (64, 64) (88, 88) (57, 57) (25, 25) (73, 73) (18, 18) (4, 4) (69, 69) (40, 40) (28, 28) (37, 37) (42, 42) (82, 82) (83, 83) 
(2, 2) (41, 41) (13, 13) (75, 75) (31, 31) (66, 66) (72, 72) (66, 66) (96, 96) (45, 45) (29, 29) (49, 49) (96, 96) (50, 50) (38, 38) 
(80, 80) (90, 90) (36, 36) (50, 50) (76, 76) (15, 15) (31, 31) (89, 89) (87, 87) (55, 55) (49, 49) (23, 23) (19, 19) (38, 38) (93, 93) 
(75, 75) (45, 45) (75, 75) (72, 72) (65, 65) (6, 6) (16, 16) (24, 24) (24, 24) (44, 44) (4, 4) (22, 22) (99, 99) (10, 10) (85, 85) 
