NUMERO DE TRABAJOS
15
NUMERO DE RECURSOS
15
SECUENCIA DE MAQUINAS
8 2 7 14 12 0 4 3 13 5 9 10 6 1 11 
2 8 6 4 11 0 9 7 5 3 1 10 13 14 12 
5 11 8 14 12 1 4 9 10 6 13 0 2 3 7 
9 13 8 6 12 5 10 2 1 0 14 11 3 4 7 
8 10 3 13 14 5 4 0 12 11 9 6 2 1 7 
7 2 9 5 10 4 3 1 11 8 6 14 13 0 12 
2 10 1 12 14 3 0 4 9 5 11 13 7 8 6 
13 6 11 12 8 7 14 5 3 4 0 10 2 1 9 
8 4 6 7 0 11 13 12 2 3 10 1 5 14 9 
2 6 12 9 8 11 1 3 13 4 10 5 0 7 14 
0 9 4 8 10 2 11 12 14 6 3 7 5 1 13 
8 1 12 5 7 10 9 4 11 6 13 2 14 0 3 
13 14 2 9 7 8 12 4 10 6 1 0 5 11 3 
1 0 12 2 13 8 3 14 4 7 6 9 11 10 5 
3 13 2 5 9 6 7 4 8 0 12 10 14 1 11 
DURACIONES
(35, 35) (78, 78) (79, 79) (65, 65) (53, 53) (14, 14) (93, 93) (70, 70) (14, 14) (90, 90) (95, 95) (49, 49) (36, 36) (85, 85) (1, 1) 
(83, 83) (41, 41) (22, 22) (29, 29) (52, 52) (71, 71) (16, 16) (93, 93) (54, 54) (63, 63) (12, 12) (85, 85) (62, 62) (45, 45) (30, 30) 
(60, 60) (43, 43) (71, 71) (2, 2) (50, 50) (37, 37) (86, 86) (81, 81) (60, 60) (57, 57) (66, 66) (24, 24) (98, 98) (92, 92) (69, 69) 
(14, 14) (59, 59) (35, 35) (6, 6) (25, 25) (57, 57) (1, 1) (44, 44) (94, 94) (30, 30) (95, 95) (93, 93) (51, 51) (52, 52) (16, 16) 
(96, 96) (39, 39) (75, 75) (98, 98) (2, 2) (38, 38) (69, 69) (32, 32) (95, 95) (63, 63) (4, 4) (11, 11) (50, 50) (95, 95) (78, 78) 
(73, 73) (28, 28) (43, 43) (47, 47) (57, 57) (88, 88) (33, 33) (13, 13) (7, 7) (49, 49) (23, 23) (38, 38) (21, 21) (99, 99) (72, 72) 
(3, 3) (80, 80) (67, 67) (93, 93) (91, 91) (31, 31) (52, 52) (64, 64) (83, 83) (2, 2) (90, 90) (64, 64) (16, 16) (18, 18) (25, 25) 
(23, 23) (30, 30) (22, 22) (54, 54) (68, 68) (63, 63) (89, 89) (95, 95) (5, 5) (37, 37) (5, 5) (42, 42) (17, 17) (54, 54) (46, 46) 
(44, 44) (59, 59) (87, 87) (62, 62) (51, 51) (55, 55) (3, 3) (40, 40) (26, 26) (18, 18) (15, 15) (18, 18) (72, 72) (35, 35) (60, 60) 
(27, 27) (14, 14) (77, 77) (24, 24) (55, 55) (67, 67) (59, 59) (19, 19) (29, 29) (33, 33) (88, 88) (30, 30) (91, 91) (11, 11) (11, 11) 
(67, 67) (94, 94) (50, 50) (2, 2) (83, 83) (19, 19) (29, 29) (37, 37) (58, 58) (32, 32) (38, 38) (99, 99) (88, 88) (49, 49) (70, 70) 
(60, 60) (7, 7) (81, 81) (82, 82) (58, 58) (83, 83) (16, 16) (1, 1) (69, 69) (7, 7) (3, 3) (84, 84) (8, 8) (12, 12) (93, 93) 
(92, 92) (81, 81) (4, 4) (78, 78) (9, 9) (78, 78) (75, 75) (5, 5) (50, 50) (8, 8) (44, 44) (4, 4) (60, 60) (94, 94) (74, 74) 
(32, 32) (88, 88) (31, 31) (68, 68) (31, 31) (10, 10) (45, 45) (75, 75) (82, 82) (51, 51) (55, 55) (99, 99) (44, 44) (84, 84) (22, 22) 
(12, 12) (35, 35) (64, 64) (17, 17) (42, 42) (46, 46) (65, 65) (74, 74) (96, 96) (28, 28) (86, 86) (95, 95) (93, 93) (67, 67) (56, 56) 
