NUMERO DE TRABAJOS
20
NUMERO DE RECURSOS
15
SECUENCIA DE MAQUINAS
3 11 14 1 10 2 4 7 0 12 5 9 6 13 8 
5 0 3 8 4 1 12 14 6 7 10 2 9 13 11 
2 3 14 0 9 12 5 4 7 10 8 11 13 1 6 
8 10 1 13 3 4 14 9 2 5 11 7 0 6 12 
14 8 1 2 10 9 12 4 6 5 0 13 3 11 7 
3 10 1 5 6 0 8 7 11 13 2 14 12 9 4 
2 10 1 12 8 0 7 6 14 13 4 3 5 9 11 
1 0 2 4 7 13 11 3 12 5 6 14 9 8 10 
4 5 9 10 7 6 2 1 12 3 13 0 8 14 11 
1 4 3 10 14 0 6 13 11 8 5 12 7 9 2 
3 10 1 0 9 8 14 6 4 7 2 12 5 11 13 
2 7 6 8 3 5 14 4 1 0 9 10 13 11 12 
0 7 14 8 12 10 9 3 6 1 4 2 11 13 5 
12 3 9 4 1 0 10 6 5 2 14 13 7 8 11 
3 14 6 5 13 9 1 0 12 7 2 4 10 8 11 
5 14 6 12 8 2 4 9 11 13 3 1 7 0 10 
3 7 10 14 0 8 1 11 5 13 4 12 6 9 2 
10 8 2 11 13 6 14 3 9 7 4 5 12 0 1 
3 2 12 13 1 6 14 5 4 8 9 11 0 10 7 
11 14 5 6 10 9 13 1 4 8 0 3 12 2 7 
DURACIONES
(25, 25) (75, 75) (75, 75) (76, 76) (38, 38) (62, 62) (38, 38) (59, 59) (14, 14) (13, 13) (46, 46) (31, 31) (57, 57) (92, 92) (3, 3) 
(67, 67) (5, 5) (11, 11) (11, 11) (40, 40) (34, 34) (77, 77) (42, 42) (35, 35) (96, 96) (22, 22) (55, 55) (21, 21) (29, 29) (16, 16) 
(22, 22) (98, 98) (8, 8) (35, 35) (59, 59) (31, 31) (13, 13) (46, 46) (52, 52) (22, 22) (18, 18) (19, 19) (64, 64) (29, 29) (70, 70) 
(99, 99) (42, 42) (2, 2) (35, 35) (11, 11) (92, 92) (88, 88) (97, 97) (21, 21) (56, 56) (17, 17) (43, 43) (27, 27) (19, 19) (23, 23) 
(50, 50) (5, 5) (59, 59) (71, 71) (47, 47) (39, 39) (82, 82) (35, 35) (12, 12) (2, 2) (39, 39) (42, 42) (52, 52) (65, 65) (35, 35) 
(48, 48) (57, 57) (5, 5) (2, 2) (60, 60) (64, 64) (86, 86) (3, 3) (51, 51) (26, 26) (34, 34) (39, 39) (45, 45) (63, 63) (54, 54) 
(40, 40) (43, 43) (50, 50) (71, 71) (46, 46) (99, 99) (67, 67) (34, 34) (6, 6) (95, 95) (67, 67) (54, 54) (29, 29) (30, 30) (60, 60) 
(59, 59) (3, 3) (85, 85) (6, 6) (46, 46) (49, 49) (5, 5) (82, 82) (18, 18) (71, 71) (48, 48) (79, 79) (62, 62) (65, 65) (76, 76) 
(65, 65) (55, 55) (81, 81) (15, 15) (32, 32) (52, 52) (97, 97) (69, 69) (82, 82) (89, 89) (69, 69) (87, 87) (22, 22) (71, 71) (63, 63) 
(70, 70) (74, 74) (52, 52) (94, 94) (14, 14) (81, 81) (24, 24) (14, 14) (32, 32) (39, 39) (67, 67) (59, 59) (18, 18) (77, 77) (50, 50) 
(18, 18) (6, 6) (96, 96) (53, 53) (35, 35) (99, 99) (39, 39) (18, 18) (14, 14) (90, 90) (64, 64) (81, 81) (89, 89) (48, 48) (80, 80) 
(44, 44) (75, 75) (12, 12) (13, 13) (74, 74) (59, 59) (71, 71) (75, 75) (30, 30) (93, 93) (26, 26) (30, 30) (84, 84) (91, 91) (93, 93) 
(39, 39) (56, 56) (13, 13) (29, 29) (55, 55) (69, 69) (26, 26) (7, 7) (55, 55) (48, 48) (22, 22) (46, 46) (50, 50) (96, 96) (17, 17) 
(57, 57) (14, 14) (8, 8) (13, 13) (95, 95) (53, 53) (78, 78) (24, 24) (92, 92) (90, 90) (68, 68) (87, 87) (43, 43) (75, 75) (94, 94) 
(93, 93) (92, 92) (18, 18) (28, 28) (27, 27) (40, 40) (56, 56) (83, 83) (51, 51) (15, 15) (97, 97) (48, 48) (53, 53) (78, 78) (39, 39) 
(47, 47) (34, 34) (42, 42) (28, 28) (11, 11) (11, 11) (30, 30) (14, 14) (10, 10) (4, 4) (20, 20) (92, 92) (19, 19) (59, 59) (28, 28) 
(69, 69) (82, 82) (64, 64) (40, 40) (27, 27) (82, 82) (27, 27) (43, 43) (56, 56) (17, 17) (18, 18) (20, 20) (98, 98) (43, 43) (68, 68) 
(84, 84) (26, 26) (87, 87) (61, 61) (95, 95) (23, 23) (88, 88) (89, 89) (49, 49) (84, 84) (12, 12) (51, 51) (3, 3) (44, 44) (20, 20) 
(43, 43) (54, 54) (18, 18) (72, 72) (70, 70) (28, 28) (20, 20) (22, 22) (59, 59) (36, 36) (85, 85) (13, 13) (73, 73) (29, 29) (45, 45) 
(7, 7) (97, 97) (4, 4) (22, 22) (74, 74) (45, 45) (62, 62) (95, 95) (66, 66) (14, 14) (40, 40) (23, 23) (79, 79) (34, 34) (8, 8) 
