NUMERO DE TRABAJOS
20
NUMERO DE RECURSOS
15
SECUENCIA DE MAQUINAS
2 5 1 8 3 4 14 7 10 13 11 9 12 6 0 
14 8 12 4 11 3 6 9 0 10 1 13 2 7 5 
7 12 1 8 2 10 3 11 13 14 5 6 0 9 4 
1 8 5 11 7 6 3 2 4 9 12 13 0 14 10 
8 4 12 1 3 14 2 9 13 6 5 10 11 7 0 
2 14 10 7 3 0 1 13 9 6 11 12 4 5 8 
0 4 13 1 8 10 11 6 9 2 5 12 7 3 14 
12 2 11 9 8 10 13 4 5 14 6 3 1 7 0 
7 3 4 5 13 0 11 10 9 1 8 6 12 14 2 
7 14 12 6 5 9 10 0 3 4 2 1 8 13 11 
0 9 13 7 6 3 11 8 10 4 2 1 14 12 5 
14 10 3 12 5 7 4 6 1 2 0 13 9 11 8 
11 10 5 1 3 13 9 7 8 14 0 2 6 12 4 
7 6 13 10 3 1 5 11 4 8 0 12 9 2 14 
2 4 14 5 0 7 10 12 1 9 3 8 6 13 11 
5 14 12 7 3 13 0 9 10 6 1 2 8 4 11 
14 8 1 10 11 12 7 0 3 2 9 13 5 6 4 
5 2 10 3 12 4 6 11 0 13 8 14 7 1 9 
0 9 10 4 2 6 13 1 3 14 7 8 5 12 11 
2 12 9 8 4 6 10 14 7 5 1 11 3 0 13 
DURACIONES
(55, 55) (66, 66) (48, 48) (59, 59) (8, 8) (21, 21) (64, 64) (7, 7) (80, 80) (5, 5) (59, 59) (8, 8) (91, 91) (11, 11) (81, 81) 
(86, 86) (76, 76) (40, 40) (76, 76) (9, 9) (23, 23) (80, 80) (51, 51) (46, 46) (48, 48) (68, 68) (51, 51) (15, 15) (5, 5) (82, 82) 
(84, 84) (97, 97) (26, 26) (70, 70) (33, 33) (31, 31) (20, 20) (39, 39) (42, 42) (33, 33) (70, 70) (84, 84) (23, 23) (54, 54) (55, 55) 
(60, 60) (82, 82) (14, 14) (36, 36) (22, 22) (21, 21) (3, 3) (11, 11) (82, 82) (92, 92) (52, 52) (85, 85) (77, 77) (3, 3) (89, 89) 
(83, 83) (33, 33) (15, 15) (36, 36) (96, 96) (99, 99) (81, 81) (24, 24) (59, 59) (89, 89) (11, 11) (13, 13) (26, 26) (91, 91) (87, 87) 
(51, 51) (20, 20) (89, 89) (99, 99) (95, 95) (41, 41) (7, 7) (67, 67) (77, 77) (45, 45) (74, 74) (91, 91) (87, 87) (1, 1) (55, 55) 
(35, 35) (71, 71) (47, 47) (34, 34) (77, 77) (68, 68) (85, 85) (27, 27) (2, 2) (99, 99) (9, 9) (18, 18) (28, 28) (33, 33) (92, 92) 
(76, 76) (58, 58) (37, 37) (28, 28) (80, 80) (96, 96) (97, 97) (92, 92) (84, 84) (68, 68) (1, 1) (86, 86) (33, 33) (66, 66) (20, 20) 
(17, 17) (11, 11) (18, 18) (90, 90) (57, 57) (95, 95) (17, 17) (33, 33) (61, 61) (49, 49) (36, 36) (38, 38) (62, 62) (73, 73) (25, 25) 
(82, 82) (84, 84) (87, 87) (44, 44) (96, 96) (64, 64) (68, 68) (57, 57) (65, 65) (89, 89) (42, 42) (77, 77) (43, 43) (76, 76) (38, 38) 
(54, 54) (66, 66) (8, 8) (48, 48) (84, 84) (15, 15) (93, 93) (94, 94) (57, 57) (16, 16) (64, 64) (13, 13) (62, 62) (63, 63) (53, 53) 
(21, 21) (70, 70) (42, 42) (29, 29) (83, 83) (5, 5) (16, 16) (76, 76) (67, 67) (46, 46) (67, 67) (83, 83) (46, 46) (29, 29) (26, 26) 
(96, 96) (42, 42) (49, 49) (54, 54) (58, 58) (8, 8) (41, 41) (14, 14) (35, 35) (9, 9) (74, 74) (16, 16) (50, 50) (69, 69) (45, 45) 
(69, 69) (90, 90) (17, 17) (18, 18) (45, 45) (48, 48) (31, 31) (29, 29) (27, 27) (85, 85) (71, 71) (92, 92) (20, 20) (11, 11) (86, 86) 
(41, 41) (24, 24) (82, 82) (50, 50) (24, 24) (75, 75) (34, 34) (80, 80) (71, 71) (54, 54) (5, 5) (42, 42) (8, 8) (35, 35) (93, 93) 
(63, 63) (4, 4) (85, 85) (53, 53) (61, 61) (54, 54) (16, 16) (18, 18) (5, 5) (43, 43) (24, 24) (88, 88) (67, 67) (79, 79) (41, 41) 
(17, 17) (37, 37) (56, 56) (70, 70) (56, 56) (24, 24) (95, 95) (12, 12) (96, 96) (27, 27) (55, 55) (36, 36) (41, 41) (65, 65) (23, 23) 
(79, 79) (6, 6) (89, 89) (69, 69) (16, 16) (56, 56) (81, 81) (98, 98) (12, 12) (19, 19) (88, 88) (3, 3) (36, 36) (67, 67) (74, 74) 
(38, 38) (76, 76) (47, 47) (21, 21) (80, 80) (97, 97) (35, 35) (45, 45) (74, 74) (92, 92) (98, 98) (54, 54) (91, 91) (79, 79) (46, 46) 
(34, 34) (56, 56) (26, 26) (62, 62) (82, 82) (38, 38) (89, 89) (33, 33) (50, 50) (62, 62) (39, 39) (63, 63) (88, 88) (13, 13) (42, 42) 
