NUMERO DE TRABAJOS
20
NUMERO DE RECURSOS
15
SECUENCIA DE MAQUINAS
12 11 8 9 7 13 0 10 2 4 5 6 3 14 1 
2 5 0 10 4 1 13 11 3 14 6 8 9 12 7 
3 2 6 9 5 12 0 13 7 10 14 1 4 8 11 
9 14 5 7 13 10 12 2 3 8 1 6 11 0 4 
3 8 6 1 13 0 9 5 14 2 12 7 4 11 10 
3 8 13 11 12 1 4 14 6 5 9 0 7 10 2 
11 2 0 6 4 1 5 12 9 7 3 8 13 10 14 
12 3 4 11 8 1 5 0 13 6 10 9 2 14 7 
5 8 7 0 12 13 1 6 4 14 10 9 3 2 11 
6 3 9 8 2 1 12 7 5 14 0 4 11 13 10 
6 0 4 14 8 13 12 11 10 1 9 7 5 3 2 
0 6 4 3 8 2 11 1 9 5 13 12 10 14 7 
2 9 5 12 3 14 4 13 11 7 1 10 8 6 0 
11 7 10 4 8 14 6 3 9 5 1 13 2 12 0 
8 13 10 12 0 9 2 6 11 1 3 14 5 7 4 
14 7 11 6 10 9 2 0 1 12 8 3 4 13 5 
8 13 7 9 11 12 5 4 2 3 14 6 0 10 1 
8 14 5 11 1 0 7 3 12 2 9 10 13 6 4 
8 6 1 11 7 12 14 10 0 9 3 4 5 13 2 
13 1 4 0 5 7 3 6 12 8 11 2 10 14 9 
DURACIONES
(91, 91) (17, 17) (4, 4) (63, 63) (67, 67) (30, 30) (87, 87) (80, 80) (95, 95) (14, 14) (17, 17) (22, 22) (1, 1) (85, 85) (41, 41) 
(77, 77) (77, 77) (9, 9) (77, 77) (24, 24) (8, 8) (64, 64) (6, 6) (12, 12) (13, 13) (71, 71) (76, 76) (95, 95) (8, 8) (6, 6) 
(92, 92) (3, 3) (12, 12) (27, 27) (58, 58) (66, 66) (99, 99) (33, 33) (7, 7) (78, 78) (96, 96) (30, 30) (54, 54) (23, 23) (88, 88) 
(19, 19) (45, 45) (65, 65) (24, 24) (30, 30) (30, 30) (49, 49) (32, 32) (78, 78) (31, 31) (3, 3) (25, 25) (9, 9) (2, 2) (22, 22) 
(84, 84) (61, 61) (35, 35) (44, 44) (37, 37) (16, 16) (97, 97) (85, 85) (51, 51) (26, 26) (13, 13) (76, 76) (41, 41) (2, 2) (96, 96) 
(85, 85) (55, 55) (2, 2) (65, 65) (52, 52) (97, 97) (81, 81) (8, 8) (22, 22) (59, 59) (95, 95) (52, 52) (85, 85) (64, 64) (13, 13) 
(64, 64) (94, 94) (4, 4) (13, 13) (98, 98) (26, 26) (32, 32) (20, 20) (97, 97) (28, 28) (63, 63) (2, 2) (23, 23) (14, 14) (62, 62) 
(56, 56) (98, 98) (56, 56) (28, 28) (1, 1) (96, 96) (27, 27) (38, 38) (41, 41) (94, 94) (77, 77) (63, 63) (63, 63) (81, 81) (6, 6) 
(63, 63) (98, 98) (64, 64) (37, 37) (89, 89) (96, 96) (88, 88) (13, 13) (72, 72) (28, 28) (57, 57) (99, 99) (11, 11) (8, 8) (96, 96) 
(17, 17) (71, 71) (80, 80) (33, 33) (87, 87) (82, 82) (44, 44) (14, 14) (85, 85) (2, 2) (60, 60) (72, 72) (27, 27) (63, 63) (66, 66) 
(47, 47) (42, 42) (61, 61) (17, 17) (65, 65) (5, 5) (96, 96) (47, 47) (9, 9) (20, 20) (10, 10) (11, 11) (86, 86) (90, 90) (65, 65) 
(66, 66) (91, 91) (8, 8) (37, 37) (99, 99) (90, 90) (16, 16) (89, 89) (17, 17) (98, 98) (87, 87) (8, 8) (40, 40) (33, 33) (37, 37) 
(99, 99) (2, 2) (22, 22) (12, 12) (13, 13) (62, 62) (30, 30) (44, 44) (25, 25) (56, 56) (10, 10) (44, 44) (25, 25) (39, 39) (65, 65) 
(35, 35) (62, 62) (52, 52) (84, 84) (30, 30) (2, 2) (50, 50) (69, 69) (64, 64) (54, 54) (45, 45) (38, 38) (90, 90) (70, 70) (37, 37) 
(73, 73) (40, 40) (16, 16) (21, 21) (50, 50) (10, 10) (46, 46) (2, 2) (48, 48) (16, 16) (58, 58) (37, 37) (12, 12) (30, 30) (82, 82) 
(76, 76) (40, 40) (21, 21) (91, 91) (48, 48) (6, 6) (91, 91) (75, 75) (79, 79) (51, 51) (51, 51) (81, 81) (70, 70) (65, 65) (19, 19) 
(49, 49) (5, 5) (59, 59) (40, 40) (74, 74) (70, 70) (84, 84) (47, 47) (25, 25) (86, 86) (75, 75) (26, 26) (51, 51) (32, 32) (15, 15) 
(11, 11) (18, 18) (6, 6) (60, 60) (83, 83) (64, 64) (85, 85) (21, 21) (52, 52) (49, 49) (30, 30) (56, 56) (31, 31) (25, 25) (31, 31) 
(83, 83) (42, 42) (11, 11) (64, 64) (44, 44) (90, 90) (8, 8) (35, 35) (72, 72) (67, 67) (72, 72) (55, 55) (43, 43) (88, 88) (35, 35) 
(19, 19) (53, 53) (80, 80) (89, 89) (21, 21) (34, 34) (56, 56) (89, 89) (50, 50) (28, 28) (15, 15) (27, 27) (74, 74) (83, 83) (79, 79) 
