NUMERO DE TRABAJOS
20
NUMERO DE RECURSOS
15
SECUENCIA DE MAQUINAS
8 13 3 7 10 6 14 12 9 2 0 4 5 11 1 
11 4 6 3 8 9 12 5 13 0 7 10 14 2 1 
14 9 4 0 2 13 6 7 11 1 3 5 10 12 8 
0 12 10 1 11 14 8 5 9 13 2 6 3 4 7 
2 6 4 13 8 12 3 10 9 11 0 7 1 5 14 
1 4 13 7 12 8 3 0 14 5 10 11 9 6 2 
6 12 3 11 0 1 7 13 4 8 5 9 14 10 2 
5 7 14 11 4 3 10 0 1 6 13 12 8 9 2 
3 2 6 4 11 10 0 8 14 7 13 5 1 9 12 
3 11 14 10 2 4 1 13 6 9 5 8 12 7 0 
9 10 6 7 4 12 5 14 13 1 8 0 2 3 11 
7 5 11 14 8 0 13 12 2 9 10 1 4 3 6 
11 0 6 12 5 10 13 3 4 1 9 14 2 8 7 
2 9 4 6 3 7 13 5 12 10 1 11 8 14 0 
6 14 5 8 13 4 1 3 0 7 12 2 10 11 9 
10 14 8 7 6 5 1 13 11 2 3 9 12 0 4 
5 11 1 4 7 6 14 13 8 12 3 2 0 9 10 
4 14 2 6 0 11 7 13 9 1 5 3 8 10 12 
7 14 10 1 5 9 2 4 0 11 13 3 6 12 8 
11 13 7 8 6 0 5 4 10 1 3 2 9 12 14 
DURACIONES
(56, 56) (25, 25) (17, 17) (63, 63) (9, 9) (30, 30) (75, 75) (22, 22) (42, 42) (83, 83) (69, 69) (90, 90) (88, 88) (20, 20) (30, 30) 
(39, 39) (20, 20) (35, 35) (79, 79) (35, 35) (66, 66) (15, 15) (56, 56) (60, 60) (72, 72) (52, 52) (14, 14) (2, 2) (16, 16) (59, 59) 
(5, 5) (31, 31) (55, 55) (70, 70) (49, 49) (70, 70) (92, 92) (40, 40) (13, 13) (14, 14) (49, 49) (30, 30) (50, 50) (77, 77) (81, 81) 
(64, 64) (63, 63) (21, 21) (21, 21) (29, 29) (10, 10) (25, 25) (60, 60) (93, 93) (24, 24) (48, 48) (52, 52) (8, 8) (30, 30) (37, 37) 
(4, 4) (32, 32) (10, 10) (77, 77) (45, 45) (37, 37) (89, 89) (60, 60) (59, 59) (42, 42) (48, 48) (30, 30) (22, 22) (23, 23) (15, 15) 
(14, 14) (10, 10) (68, 68) (95, 95) (42, 42) (29, 29) (44, 44) (23, 23) (61, 61) (57, 57) (45, 45) (98, 98) (30, 30) (27, 27) (13, 13) 
(50, 50) (55, 55) (23, 23) (25, 25) (51, 51) (55, 55) (9, 9) (87, 87) (21, 21) (48, 48) (55, 55) (22, 22) (47, 47) (50, 50) (86, 86) 
(11, 11) (43, 43) (26, 26) (31, 31) (18, 18) (59, 59) (84, 84) (33, 33) (73, 73) (20, 20) (34, 34) (92, 92) (65, 65) (87, 87) (37, 37) 
(9, 9) (20, 20) (11, 11) (21, 21) (11, 11) (96, 96) (94, 94) (91, 91) (92, 92) (97, 97) (28, 28) (55, 55) (89, 89) (34, 34) (61, 61) 
(10, 10) (58, 58) (86, 86) (86, 86) (87, 87) (18, 18) (74, 74) (64, 64) (12, 12) (22, 22) (80, 80) (5, 5) (95, 95) (6, 6) (35, 35) 
(47, 47) (68, 68) (60, 60) (20, 20) (14, 14) (6, 6) (20, 20) (6, 6) (46, 46) (79, 79) (32, 32) (82, 82) (7, 7) (74, 74) (54, 54) 
(20, 20) (99, 99) (55, 55) (78, 78) (35, 35) (26, 26) (23, 23) (87, 87) (86, 86) (25, 25) (98, 98) (1, 1) (16, 16) (33, 33) (50, 50) 
(35, 35) (34, 34) (66, 66) (47, 47) (48, 48) (52, 52) (33, 33) (77, 77) (38, 38) (65, 65) (58, 58) (71, 71) (14, 14) (85, 85) (13, 13) 
(85, 85) (86, 86) (15, 15) (68, 68) (32, 32) (83, 83) (80, 80) (81, 81) (10, 10) (12, 12) (31, 31) (38, 38) (78, 78) (44, 44) (18, 18) 
(60, 60) (58, 58) (16, 16) (24, 24) (57, 57) (8, 8) (41, 41) (39, 39) (28, 28) (56, 56) (37, 37) (34, 34) (39, 39) (69, 69) (52, 52) 
(76, 76) (87, 87) (91, 91) (13, 13) (4, 4) (32, 32) (58, 58) (62, 62) (83, 83) (48, 48) (41, 41) (36, 36) (68, 68) (28, 28) (12, 12) 
(1, 1) (67, 67) (98, 98) (41, 41) (84, 84) (34, 34) (86, 86) (75, 75) (93, 93) (83, 83) (66, 66) (93, 93) (47, 47) (58, 58) (64, 64) 
(61, 61) (49, 49) (35, 35) (92, 92) (84, 84) (57, 57) (31, 31) (50, 50) (53, 53) (11, 11) (74, 74) (8, 8) (14, 14) (12, 12) (50, 50) 
(19, 19) (89, 89) (67, 67) (10, 10) (75, 75) (49, 49) (75, 75) (66, 66) (37, 37) (77, 77) (94, 94) (60, 60) (38, 38) (52, 52) (61, 61) 
(29, 29) (73, 73) (62, 62) (19, 19) (99, 99) (95, 95) (2, 2) (39, 39) (70, 70) (90, 90) (10, 10) (60, 60) (21, 21) (40, 40) (17, 17) 
