NUMERO DE TRABAJOS
20
NUMERO DE RECURSOS
15
SECUENCIA DE MAQUINAS
7 12 6 3 8 5 0 9 1 10 2 4 13 14 11 
8 3 12 5 6 9 1 14 4 2 11 0 10 13 7 
1 0 8 4 11 14 12 6 13 9 2 5 7 10 3 
11 13 10 0 4 7 14 5 3 2 9 1 12 8 6 
14 6 2 10 11 5 12 9 3 1 13 4 0 7 8 
7 5 12 13 9 11 1 4 3 6 2 8 0 14 10 
14 13 8 9 1 0 11 4 2 3 10 6 7 12 5 
7 13 4 11 0 10 5 2 6 1 8 12 3 9 14 
5 11 4 1 12 14 13 7 8 6 9 2 0 3 10 
9 4 3 8 14 5 6 13 11 10 12 7 1 2 0 
11 13 6 5 10 3 12 8 2 4 9 1 0 14 7 
11 1 4 7 12 3 5 10 14 2 13 0 6 9 8 
1 5 7 12 13 6 11 4 8 3 14 10 0 9 2 
4 10 7 8 3 13 0 14 11 12 9 6 1 2 5 
8 4 11 13 1 9 0 6 12 5 2 10 3 7 14 
13 8 10 5 6 14 11 7 12 0 1 4 9 2 3 
5 8 13 11 9 14 10 1 12 6 4 7 3 0 2 
2 9 4 0 5 7 8 10 12 11 3 13 6 1 14 
1 4 8 10 6 11 9 5 13 0 7 12 3 14 2 
1 10 13 12 5 4 6 14 11 7 8 2 9 0 3 
DURACIONES
(15, 15) (89, 89) (49, 49) (95, 95) (40, 40) (79, 79) (44, 44) (59, 59) (87, 87) (88, 88) (48, 48) (44, 44) (43, 43) (11, 11) (75, 75) 
(6, 6) (46, 46) (18, 18) (4, 4) (56, 56) (44, 44) (15, 15) (40, 40) (44, 44) (79, 79) (1, 1) (32, 32) (5, 5) (92, 92) (76, 76) 
(78, 78) (45, 45) (61, 61) (49, 49) (26, 26) (36, 36) (94, 94) (80, 80) (49, 49) (53, 53) (4, 4) (51, 51) (82, 82) (36, 36) (76, 76) 
(58, 58) (34, 34) (70, 70) (19, 19) (85, 85) (69, 69) (87, 87) (38, 38) (5, 5) (88, 88) (66, 66) (3, 3) (10, 10) (28, 28) (18, 18) 
(78, 78) (7, 7) (83, 83) (75, 75) (39, 39) (24, 24) (10, 10) (13, 13) (42, 42) (2, 2) (61, 61) (26, 26) (11, 11) (89, 89) (39, 39) 
(80, 80) (88, 88) (13, 13) (92, 92) (11, 11) (62, 62) (42, 42) (3, 3) (6, 6) (36, 36) (49, 49) (98, 98) (40, 40) (59, 59) (15, 15) 
(83, 83) (12, 12) (48, 48) (1, 1) (76, 76) (32, 32) (1, 1) (81, 81) (53, 53) (70, 70) (78, 78) (75, 75) (7, 7) (82, 82) (31, 31) 
(75, 75) (13, 13) (9, 9) (11, 11) (49, 49) (15, 15) (57, 57) (84, 84) (77, 77) (80, 80) (41, 41) (82, 82) (68, 68) (64, 64) (50, 50) 
(39, 39) (64, 64) (88, 88) (9, 9) (97, 97) (99, 99) (27, 27) (48, 48) (18, 18) (49, 49) (50, 50) (26, 26) (54, 54) (80, 80) (77, 77) 
(66, 66) (87, 87) (27, 27) (47, 47) (68, 68) (75, 75) (31, 31) (25, 25) (49, 49) (85, 85) (86, 86) (12, 12) (26, 26) (82, 82) (78, 78) 
(93, 93) (87, 87) (74, 74) (26, 26) (60, 60) (76, 76) (3, 3) (98, 98) (72, 72) (52, 52) (73, 73) (75, 75) (28, 28) (1, 1) (51, 51) 
(79, 79) (13, 13) (14, 14) (27, 27) (14, 14) (5, 5) (58, 58) (32, 32) (38, 38) (67, 67) (70, 70) (86, 86) (28, 28) (94, 94) (33, 33) 
(83, 83) (67, 67) (18, 18) (20, 20) (4, 4) (84, 84) (22, 22) (8, 8) (91, 91) (89, 89) (25, 25) (8, 8) (69, 69) (85, 85) (46, 46) 
(64, 64) (18, 18) (12, 12) (43, 43) (78, 78) (65, 65) (20, 20) (53, 53) (32, 32) (49, 49) (25, 25) (10, 10) (43, 43) (30, 30) (3, 3) 
(99, 99) (29, 29) (50, 50) (99, 99) (53, 53) (65, 65) (23, 23) (49, 49) (91, 91) (1, 1) (86, 86) (7, 7) (68, 68) (71, 71) (89, 89) 
(13, 13) (19, 19) (31, 31) (94, 94) (78, 78) (43, 43) (16, 16) (56, 56) (76, 76) (1, 1) (11, 11) (24, 24) (13, 13) (62, 62) (55, 55) 
(43, 43) (24, 24) (85, 85) (20, 20) (6, 6) (44, 44) (49, 49) (41, 41) (67, 67) (47, 47) (25, 25) (86, 86) (6, 6) (6, 6) (30, 30) 
(68, 68) (92, 92) (15, 15) (80, 80) (29, 29) (72, 72) (22, 22) (41, 41) (49, 49) (36, 36) (97, 97) (80, 80) (23, 23) (77, 77) (4, 4) 
(51, 51) (34, 34) (10, 10) (96, 96) (74, 74) (80, 80) (65, 65) (75, 75) (14, 14) (83, 83) (13, 13) (78, 78) (61, 61) (43, 43) (58, 58) 
(69, 69) (56, 56) (15, 15) (89, 89) (22, 22) (21, 21) (89, 89) (16, 16) (59, 59) (83, 83) (20, 20) (33, 33) (11, 11) (67, 67) (90, 90) 
