NUMERO DE TRABAJOS
20
NUMERO DE RECURSOS
15
SECUENCIA DE MAQUINAS
2 11 0 13 1 8 9 6 4 7 12 3 14 5 10 
5 8 9 3 1 13 11 0 14 7 4 12 10 6 2 
5 2 8 14 13 1 6 9 12 4 11 0 7 3 10 
8 10 4 0 3 11 13 6 1 5 2 9 12 14 7 
8 11 1 0 5 13 2 14 10 12 9 3 4 6 7 
11 3 13 9 14 1 0 7 4 5 10 12 6 2 8 
13 3 11 10 5 12 0 4 14 6 7 8 9 2 1 
5 8 6 7 2 3 10 4 1 14 11 9 13 0 12 
12 8 9 7 3 6 11 13 10 0 2 5 1 4 14 
5 14 11 4 10 8 9 2 13 12 7 1 0 3 6 
10 9 1 12 2 7 3 4 0 5 6 8 13 14 11 
9 7 5 6 0 14 1 3 8 11 2 12 10 13 4 
2 13 12 3 9 1 5 10 11 6 0 7 8 14 4 
3 0 9 13 8 2 6 1 10 12 7 14 4 5 11 
6 5 0 13 8 14 2 7 12 4 10 3 1 9 11 
6 8 0 7 4 1 11 10 13 14 12 2 9 3 5 
13 2 1 8 3 12 6 14 11 9 5 7 4 10 0 
13 7 5 11 4 6 10 14 2 9 0 3 8 12 1 
9 2 10 11 7 1 14 3 6 8 5 4 12 0 13 
13 4 11 12 7 0 5 1 8 14 9 2 3 10 6 
DURACIONES
(76, 76) (17, 17) (58, 58) (26, 26) (90, 90) (77, 77) (63, 63) (87, 87) (74, 74) (35, 35) (60, 60) (90, 90) (64, 64) (68, 68) (28, 28) 
(5, 5) (79, 79) (71, 71) (42, 42) (71, 71) (20, 20) (86, 86) (88, 88) (47, 47) (62, 62) (37, 37) (87, 87) (47, 47) (97, 97) (24, 24) 
(2, 2) (67, 67) (28, 28) (98, 98) (66, 66) (42, 42) (46, 46) (23, 23) (94, 94) (25, 25) (89, 89) (3, 3) (38, 38) (76, 76) (76, 76) 
(96, 96) (79, 79) (19, 19) (36, 36) (87, 87) (6, 6) (9, 9) (18, 18) (32, 32) (37, 37) (55, 55) (3, 3) (15, 15) (12, 12) (45, 45) 
(71, 71) (73, 73) (17, 17) (41, 41) (71, 71) (88, 88) (43, 43) (59, 59) (37, 37) (22, 22) (21, 21) (77, 77) (66, 66) (46, 46) (52, 52) 
(19, 19) (12, 12) (87, 87) (22, 22) (41, 41) (29, 29) (6, 6) (4, 4) (79, 79) (78, 78) (21, 21) (27, 27) (16, 16) (54, 54) (60, 60) 
(96, 96) (39, 39) (82, 82) (15, 15) (22, 22) (29, 29) (64, 64) (92, 92) (68, 68) (60, 60) (37, 37) (10, 10) (47, 47) (68, 68) (74, 74) 
(28, 28) (3, 3) (71, 71) (59, 59) (94, 94) (60, 60) (98, 98) (77, 77) (9, 9) (57, 57) (21, 21) (74, 74) (19, 19) (74, 74) (19, 19) 
(7, 7) (38, 38) (63, 63) (69, 69) (13, 13) (56, 56) (53, 53) (58, 58) (2, 2) (93, 93) (90, 90) (6, 6) (66, 66) (76, 76) (60, 60) 
(85, 85) (46, 46) (75, 75) (34, 34) (33, 33) (94, 94) (50, 50) (20, 20) (4, 4) (28, 28) (60, 60) (74, 74) (90, 90) (51, 51) (67, 67) 
(88, 88) (11, 11) (35, 35) (87, 87) (14, 14) (85, 85) (12, 12) (21, 21) (23, 23) (37, 37) (12, 12) (88, 88) (98, 98) (33, 33) (76, 76) 
(30, 30) (89, 89) (91, 91) (3, 3) (97, 97) (71, 71) (73, 73) (16, 16) (15, 15) (98, 98) (71, 71) (19, 19) (65, 65) (89, 89) (2, 2) 
(61, 61) (86, 86) (71, 71) (76, 76) (88, 88) (32, 32) (31, 31) (50, 50) (25, 25) (84, 84) (79, 79) (34, 34) (59, 59) (75, 75) (78, 78) 
(9, 9) (59, 59) (93, 93) (69, 69) (38, 38) (65, 65) (96, 96) (67, 67) (74, 74) (41, 41) (61, 61) (68, 68) (11, 11) (24, 24) (25, 25) 
(86, 86) (77, 77) (21, 21) (50, 50) (72, 72) (68, 68) (91, 91) (72, 72) (65, 65) (52, 52) (45, 45) (5, 5) (71, 71) (68, 68) (25, 25) 
(37, 37) (27, 27) (23, 23) (26, 26) (2, 2) (36, 36) (20, 20) (65, 65) (61, 61) (27, 27) (35, 35) (50, 50) (45, 45) (80, 80) (19, 19) 
(5, 5) (57, 57) (70, 70) (95, 95) (46, 46) (36, 36) (88, 88) (42, 42) (49, 49) (23, 23) (63, 63) (77, 77) (47, 47) (88, 88) (7, 7) 
(29, 29) (64, 64) (23, 23) (42, 42) (33, 33) (65, 65) (92, 92) (80, 80) (49, 49) (3, 3) (83, 83) (20, 20) (63, 63) (78, 78) (85, 85) 
(67, 67) (47, 47) (48, 48) (57, 57) (84, 84) (63, 63) (48, 48) (70, 70) (85, 85) (93, 93) (1, 1) (63, 63) (87, 87) (29, 29) (90, 90) 
(80, 80) (14, 14) (41, 41) (73, 73) (22, 22) (93, 93) (6, 6) (81, 81) (19, 19) (62, 62) (62, 62) (85, 85) (25, 25) (70, 70) (10, 10) 
