NUMERO DE TRABAJOS
20
NUMERO DE RECURSOS
15
SECUENCIA DE MAQUINAS
6 8 11 0 14 13 9 5 3 12 10 2 7 4 1 
0 9 1 6 5 13 11 8 3 4 12 14 7 2 10 
8 3 9 1 0 10 5 14 12 13 6 2 7 11 4 
5 1 7 10 0 2 13 11 14 3 6 9 8 12 4 
2 9 6 7 0 8 13 5 10 3 12 4 14 1 11 
5 3 9 2 1 4 10 8 13 0 11 12 6 14 7 
8 7 12 9 6 14 4 11 5 1 3 13 10 0 2 
13 7 6 11 2 0 14 4 3 1 10 8 9 12 5 
1 14 0 10 11 8 7 5 9 3 4 6 12 2 13 
13 1 3 14 5 9 2 0 11 7 12 4 10 6 8 
10 5 9 13 6 8 11 4 14 0 7 2 12 1 3 
13 9 14 10 3 7 2 5 6 11 8 1 0 12 4 
5 9 7 8 10 13 2 6 1 0 12 11 3 4 14 
9 11 6 7 2 8 14 3 0 12 4 13 5 1 10 
10 2 1 5 0 3 14 11 4 8 9 7 12 6 13 
12 14 0 2 10 5 13 3 7 11 1 9 6 8 4 
8 6 12 4 13 10 5 7 9 0 1 14 3 2 11 
14 5 12 4 1 13 6 2 8 7 10 11 9 3 0 
7 2 6 3 8 14 5 9 4 13 0 11 12 1 10 
10 7 13 4 5 3 6 1 8 0 12 11 9 14 2 
DURACIONES
(40, 40) (57, 57) (95, 95) (33, 33) (72, 72) (31, 31) (55, 55) (36, 36) (92, 92) (72, 72) (80, 80) (39, 39) (3, 3) (86, 86) (29, 29) 
(20, 20) (56, 56) (68, 68) (49, 49) (35, 35) (58, 58) (90, 90) (52, 52) (97, 97) (95, 95) (94, 94) (32, 32) (56, 56) (71, 71) (83, 83) 
(98, 98) (5, 5) (97, 97) (85, 85) (31, 31) (5, 5) (16, 16) (19, 19) (75, 75) (50, 50) (23, 23) (63, 63) (89, 89) (65, 65) (24, 24) 
(80, 80) (58, 58) (41, 41) (34, 34) (94, 94) (63, 63) (8, 8) (75, 75) (60, 60) (42, 42) (38, 38) (3, 3) (73, 73) (79, 79) (36, 36) 
(71, 71) (65, 65) (26, 26) (59, 59) (54, 54) (69, 69) (86, 86) (86, 86) (43, 43) (7, 7) (35, 35) (86, 86) (99, 99) (94, 94) (99, 99) 
(82, 82) (70, 70) (53, 53) (74, 74) (58, 58) (70, 70) (50, 50) (37, 37) (90, 90) (22, 22) (9, 9) (98, 98) (30, 30) (94, 94) (43, 43) 
(71, 71) (63, 63) (65, 65) (15, 15) (39, 39) (93, 93) (97, 97) (67, 67) (5, 5) (61, 61) (64, 64) (68, 68) (2, 2) (31, 31) (17, 17) 
(7, 7) (10, 10) (65, 65) (63, 63) (92, 92) (90, 90) (85, 85) (81, 81) (32, 32) (62, 62) (5, 5) (21, 21) (5, 5) (49, 49) (36, 36) 
(9, 9) (31, 31) (77, 77) (49, 49) (24, 24) (67, 67) (66, 66) (37, 37) (82, 82) (69, 69) (63, 63) (4, 4) (62, 62) (52, 52) (66, 66) 
(67, 67) (73, 73) (87, 87) (28, 28) (43, 43) (13, 13) (18, 18) (73, 73) (69, 69) (20, 20) (97, 97) (73, 73) (64, 64) (8, 8) (13, 13) 
(85, 85) (30, 30) (80, 80) (64, 64) (18, 18) (72, 72) (66, 66) (72, 72) (28, 28) (13, 13) (17, 17) (55, 55) (17, 17) (42, 42) (58, 58) 
(87, 87) (36, 36) (87, 87) (27, 27) (23, 23) (72, 72) (49, 49) (79, 79) (30, 30) (17, 17) (57, 57) (56, 56) (82, 82) (4, 4) (66, 66) 
(6, 6) (62, 62) (78, 78) (78, 78) (62, 62) (17, 17) (43, 43) (18, 18) (53, 53) (16, 16) (66, 66) (20, 20) (69, 69) (49, 49) (4, 4) 
(34, 34) (89, 89) (23, 23) (69, 69) (12, 12) (59, 59) (50, 50) (57, 57) (85, 85) (16, 16) (55, 55) (82, 82) (61, 61) (5, 5) (36, 36) 
(71, 71) (19, 19) (96, 96) (9, 9) (85, 85) (88, 88) (3, 3) (68, 68) (52, 52) (29, 29) (29, 29) (22, 22) (10, 10) (9, 9) (65, 65) 
(23, 23) (34, 34) (73, 73) (34, 34) (85, 85) (40, 40) (73, 73) (15, 15) (51, 51) (91, 91) (1, 1) (43, 43) (7, 7) (63, 63) (7, 7) 
(18, 18) (62, 62) (97, 97) (49, 49) (4, 4) (71, 71) (68, 68) (51, 51) (42, 42) (40, 40) (32, 32) (92, 92) (11, 11) (46, 46) (99, 99) 
(1, 1) (93, 93) (46, 46) (12, 12) (11, 11) (82, 82) (56, 56) (39, 39) (84, 84) (43, 43) (77, 77) (22, 22) (23, 23) (47, 47) (43, 43) 
(98, 98) (38, 38) (92, 92) (72, 72) (78, 78) (70, 70) (47, 47) (32, 32) (84, 84) (84, 84) (63, 63) (95, 95) (59, 59) (26, 26) (14, 14) 
(80, 80) (53, 53) (72, 72) (9, 9) (89, 89) (30, 30) (35, 35) (34, 34) (52, 52) (87, 87) (97, 97) (34, 34) (73, 73) (68, 68) (31, 31) 
