NUMERO DE TRABAJOS
20
NUMERO DE RECURSOS
15
SECUENCIA DE MAQUINAS
1 6 10 14 7 5 13 4 3 8 0 9 12 2 11 
0 9 3 2 8 5 14 12 6 11 10 7 4 1 13 
1 6 2 11 3 4 10 9 12 8 7 5 0 14 13 
12 14 8 9 5 3 0 1 13 10 6 11 4 7 2 
14 10 8 6 0 4 5 9 11 3 7 13 1 12 2 
8 2 9 12 3 0 13 14 5 11 7 1 4 6 10 
5 3 8 7 0 12 4 2 14 6 10 11 9 1 13 
5 8 12 1 7 4 2 9 6 14 13 0 3 10 11 
14 8 7 12 6 10 0 1 11 9 5 4 2 3 13 
0 14 2 5 10 4 9 7 11 6 3 13 1 12 8 
1 3 11 0 9 5 2 14 6 7 8 12 13 10 4 
12 8 3 10 2 0 7 9 14 5 4 1 11 13 6 
1 6 14 2 11 4 8 3 13 10 0 9 12 7 5 
1 4 9 3 11 14 8 0 13 10 2 6 5 7 12 
2 7 3 1 8 4 14 11 12 5 10 0 13 6 9 
10 2 4 6 1 9 7 12 3 11 13 14 5 8 0 
2 0 5 14 4 6 11 10 8 7 13 1 3 9 12 
3 0 11 14 5 10 4 13 9 6 8 1 7 2 12 
1 0 7 5 9 8 14 13 2 10 4 3 12 11 6 
1 12 14 4 7 9 8 3 6 0 10 2 11 13 5 
DURACIONES
(70, 70) (6, 6) (29, 29) (55, 55) (14, 14) (33, 33) (66, 66) (14, 14) (7, 7) (57, 57) (55, 55) (18, 18) (62, 62) (46, 46) (92, 92) 
(30, 30) (53, 53) (19, 19) (1, 1) (98, 98) (81, 81) (63, 63) (62, 62) (10, 10) (15, 15) (73, 73) (75, 75) (80, 80) (84, 84) (97, 97) 
(42, 42) (61, 61) (6, 6) (60, 60) (24, 24) (70, 70) (78, 78) (11, 11) (35, 35) (38, 38) (61, 61) (90, 90) (74, 74) (1, 1) (60, 60) 
(76, 76) (84, 84) (72, 72) (17, 17) (27, 27) (86, 86) (84, 84) (71, 71) (90, 90) (27, 27) (13, 13) (98, 98) (3, 3) (57, 57) (66, 66) 
(38, 38) (58, 58) (80, 80) (24, 24) (50, 50) (76, 76) (6, 6) (12, 12) (26, 26) (14, 14) (35, 35) (38, 38) (55, 55) (33, 33) (42, 42) 
(77, 77) (87, 87) (59, 59) (19, 19) (84, 84) (85, 85) (63, 63) (51, 51) (18, 18) (29, 29) (2, 2) (13, 13) (1, 1) (25, 25) (54, 54) 
(19, 19) (83, 83) (71, 71) (22, 22) (4, 4) (68, 68) (68, 68) (88, 88) (80, 80) (55, 55) (11, 11) (19, 19) (39, 39) (68, 68) (37, 37) 
(38, 38) (98, 98) (11, 11) (3, 3) (33, 33) (43, 43) (19, 19) (90, 90) (56, 56) (83, 83) (76, 76) (97, 97) (2, 2) (76, 76) (1, 1) 
(25, 25) (65, 65) (88, 88) (56, 56) (75, 75) (48, 48) (40, 40) (19, 19) (39, 39) (40, 40) (43, 43) (99, 99) (23, 23) (74, 74) (39, 39) 
(97, 97) (66, 66) (54, 54) (29, 29) (23, 23) (9, 9) (74, 74) (46, 46) (85, 85) (98, 98) (74, 74) (12, 12) (71, 71) (65, 65) (25, 25) 
(3, 3) (40, 40) (81, 81) (74, 74) (67, 67) (93, 93) (76, 76) (16, 16) (12, 12) (67, 67) (52, 52) (20, 20) (24, 24) (71, 71) (90, 90) 
(13, 13) (59, 59) (95, 95) (79, 79) (46, 46) (16, 16) (67, 67) (67, 67) (64, 64) (85, 85) (85, 85) (27, 27) (26, 26) (56, 56) (1, 1) 
(64, 64) (1, 1) (29, 29) (66, 66) (32, 32) (35, 35) (8, 8) (26, 26) (94, 94) (94, 94) (62, 62) (42, 42) (60, 60) (56, 56) (7, 7) 
(3, 3) (7, 7) (40, 40) (93, 93) (55, 55) (75, 75) (25, 25) (21, 21) (30, 30) (82, 82) (1, 1) (58, 58) (53, 53) (88, 88) (19, 19) 
(66, 66) (88, 88) (48, 48) (77, 77) (38, 38) (78, 78) (16, 16) (41, 41) (93, 93) (38, 38) (25, 25) (51, 51) (14, 14) (98, 98) (61, 61) 
(33, 33) (23, 23) (7, 7) (60, 60) (74, 74) (54, 54) (2, 2) (22, 22) (32, 32) (15, 15) (79, 79) (83, 83) (69, 69) (41, 41) (19, 19) 
(61, 61) (26, 26) (66, 66) (85, 85) (34, 34) (15, 15) (59, 59) (75, 75) (3, 3) (80, 80) (39, 39) (69, 69) (6, 6) (73, 73) (65, 65) 
(96, 96) (6, 6) (52, 52) (22, 22) (35, 35) (79, 79) (16, 16) (72, 72) (29, 29) (26, 26) (52, 52) (58, 58) (57, 57) (31, 31) (74, 74) 
(42, 42) (79, 79) (84, 84) (25, 25) (70, 70) (90, 90) (8, 8) (60, 60) (81, 81) (88, 88) (11, 11) (71, 71) (61, 61) (49, 49) (81, 81) 
(52, 52) (3, 3) (57, 57) (66, 66) (88, 88) (42, 42) (23, 23) (72, 72) (97, 97) (91, 91) (50, 50) (43, 43) (82, 82) (62, 62) (27, 27) 
