NUMERO DE TRABAJOS
20
NUMERO DE RECURSOS
15
SECUENCIA DE MAQUINAS
8 1 10 7 9 5 6 3 2 13 4 0 14 11 12 
1 9 4 5 0 11 6 7 12 2 14 8 13 10 3 
6 2 8 9 3 5 4 12 11 7 10 13 0 14 1 
4 9 1 2 13 3 6 0 12 5 10 7 8 11 14 
6 7 9 13 11 1 5 0 12 3 14 2 4 8 10 
2 12 6 13 8 4 1 14 5 9 10 0 3 7 11 
13 2 12 5 11 6 8 4 10 7 1 0 3 9 14 
9 8 14 7 3 10 1 12 4 13 11 6 5 0 2 
14 3 6 8 12 9 4 5 1 7 0 10 2 11 13 
11 4 14 8 13 10 9 0 5 6 2 12 3 1 7 
6 2 8 0 3 5 7 10 14 9 11 13 4 1 12 
9 1 14 0 13 2 7 8 5 11 4 10 6 3 12 
8 11 12 3 7 13 6 1 14 5 9 2 4 0 10 
8 12 7 11 3 14 6 10 5 1 2 9 0 4 13 
10 13 12 8 3 11 5 14 0 4 2 6 1 9 7 
8 6 10 14 1 11 3 5 12 9 2 4 0 7 13 
13 2 8 14 7 0 9 6 3 11 10 5 12 1 4 
0 13 12 6 7 2 11 14 8 3 4 10 1 5 9 
9 6 2 12 0 8 11 4 5 1 7 3 14 10 13 
2 8 6 12 14 10 13 5 0 7 11 9 3 4 1 
DURACIONES
(78, 78) (22, 22) (89, 89) (46, 46) (42, 42) (59, 59) (13, 13) (90, 90) (41, 41) (69, 69) (71, 71) (13, 13) (48, 48) (97, 97) (62, 62) 
(87, 87) (56, 56) (44, 44) (1, 1) (74, 74) (3, 3) (89, 89) (77, 77) (29, 29) (17, 17) (12, 12) (60, 60) (92, 92) (35, 35) (24, 24) 
(57, 57) (6, 6) (73, 73) (36, 36) (57, 57) (25, 25) (94, 94) (21, 21) (46, 46) (89, 89) (47, 47) (2, 2) (57, 57) (67, 67) (55, 55) 
(74, 74) (40, 40) (1, 1) (37, 37) (52, 52) (84, 84) (50, 50) (39, 39) (65, 65) (80, 80) (44, 44) (70, 70) (25, 25) (27, 27) (12, 12) 
(15, 15) (72, 72) (25, 25) (69, 69) (8, 8) (96, 96) (14, 14) (13, 13) (31, 31) (74, 74) (13, 13) (91, 91) (39, 39) (57, 57) (46, 46) 
(95, 95) (2, 2) (68, 68) (22, 22) (40, 40) (33, 33) (36, 36) (32, 32) (50, 50) (32, 32) (10, 10) (63, 63) (85, 85) (16, 16) (1, 1) 
(15, 15) (98, 98) (21, 21) (10, 10) (35, 35) (76, 76) (29, 29) (64, 64) (34, 34) (25, 25) (88, 88) (30, 30) (52, 52) (43, 43) (45, 45) 
(14, 14) (21, 21) (86, 86) (2, 2) (19, 19) (78, 78) (92, 92) (85, 85) (54, 54) (61, 61) (6, 6) (13, 13) (85, 85) (87, 87) (43, 43) 
(8, 8) (58, 58) (67, 67) (16, 16) (99, 99) (33, 33) (14, 14) (47, 47) (21, 21) (77, 77) (64, 64) (29, 29) (73, 73) (10, 10) (47, 47) 
(55, 55) (84, 84) (55, 55) (26, 26) (83, 83) (6, 6) (99, 99) (51, 51) (28, 28) (63, 63) (93, 93) (52, 52) (86, 86) (68, 68) (46, 46) 
(43, 43) (19, 19) (32, 32) (36, 36) (18, 18) (60, 60) (97, 97) (13, 13) (48, 48) (36, 36) (79, 79) (14, 14) (69, 69) (15, 15) (23, 23) 
(12, 12) (68, 68) (36, 36) (72, 72) (90, 90) (68, 68) (28, 28) (13, 13) (18, 18) (68, 68) (49, 49) (52, 52) (50, 50) (63, 63) (10, 10) 
(76, 76) (75, 75) (73, 73) (40, 40) (58, 58) (23, 23) (6, 6) (31, 31) (5, 5) (16, 16) (73, 73) (41, 41) (47, 47) (67, 67) (37, 37) 
(93, 93) (58, 58) (58, 58) (93, 93) (21, 21) (90, 90) (13, 13) (82, 82) (6, 6) (62, 62) (52, 52) (44, 44) (4, 4) (29, 29) (20, 20) 
(98, 98) (66, 66) (63, 63) (63, 63) (71, 71) (9, 9) (10, 10) (94, 94) (93, 93) (77, 77) (47, 47) (40, 40) (24, 24) (96, 96) (56, 56) 
(33, 33) (18, 18) (95, 95) (80, 80) (87, 87) (3, 3) (72, 72) (18, 18) (30, 30) (32, 32) (93, 93) (10, 10) (86, 86) (58, 58) (45, 45) 
(69, 69) (83, 83) (62, 62) (77, 77) (41, 41) (13, 13) (8, 8) (87, 87) (3, 3) (65, 65) (40, 40) (11, 11) (32, 32) (71, 71) (86, 86) 
(21, 21) (77, 77) (76, 76) (77, 77) (61, 61) (82, 82) (76, 76) (42, 42) (6, 6) (88, 88) (51, 51) (50, 50) (29, 29) (63, 63) (18, 18) 
(87, 87) (16, 16) (98, 98) (27, 27) (58, 58) (59, 59) (69, 69) (95, 95) (85, 85) (80, 80) (97, 97) (88, 88) (11, 11) (8, 8) (42, 42) 
(25, 25) (16, 16) (20, 20) (67, 67) (85, 85) (74, 74) (48, 48) (44, 44) (95, 95) (28, 28) (66, 66) (34, 34) (25, 25) (94, 94) (19, 19) 
