NUMERO DE TRABAJOS
20
NUMERO DE RECURSOS
15
SECUENCIA DE MAQUINAS
7 0 12 4 1 9 2 11 10 14 5 6 13 3 8 
4 8 7 3 9 13 12 0 11 10 1 6 5 14 2 
1 4 7 13 3 8 10 5 12 14 9 6 2 0 11 
5 11 9 12 7 1 6 13 8 2 0 14 3 4 10 
4 11 12 1 0 9 6 13 2 14 5 10 3 8 7 
2 6 3 8 14 0 4 10 11 1 7 13 12 5 9 
4 14 5 10 8 7 6 1 0 12 9 13 11 3 2 
7 10 11 14 3 2 4 5 1 12 9 6 13 0 8 
14 11 0 13 3 2 1 8 5 7 4 12 6 10 9 
0 5 12 1 13 10 9 4 2 8 14 11 7 6 3 
4 3 8 12 9 11 2 14 5 7 13 6 10 1 0 
9 6 1 0 14 7 13 12 2 11 5 8 10 3 4 
4 3 0 14 13 9 7 2 11 8 10 1 6 12 5 
12 10 3 6 4 5 0 7 2 8 13 11 14 9 1 
14 7 5 8 11 0 2 13 12 4 6 1 10 9 3 
6 14 12 2 7 5 8 13 11 9 0 3 4 1 10 
9 5 14 10 12 1 4 13 0 11 3 2 7 6 8 
9 12 4 14 11 8 0 7 5 3 1 10 6 13 2 
12 2 3 14 5 1 6 11 13 9 7 10 8 0 4 
3 12 10 5 14 0 9 8 13 6 11 1 7 2 4 
DURACIONES
(84, 84) (58, 58) (71, 71) (26, 26) (98, 98) (36, 36) (12, 12) (30, 30) (87, 87) (95, 95) (45, 45) (28, 28) (73, 73) (73, 73) (45, 45) 
(29, 29) (22, 22) (47, 47) (75, 75) (94, 94) (15, 15) (4, 4) (82, 82) (14, 14) (35, 35) (79, 79) (34, 34) (57, 57) (23, 23) (56, 56) 
(73, 73) (36, 36) (48, 48) (26, 26) (49, 49) (60, 60) (15, 15) (66, 66) (90, 90) (39, 39) (8, 8) (74, 74) (63, 63) (94, 94) (91, 91) 
(1, 1) (35, 35) (23, 23) (93, 93) (75, 75) (50, 50) (40, 40) (60, 60) (41, 41) (7, 7) (57, 57) (72, 72) (40, 40) (75, 75) (7, 7) 
(13, 13) (15, 15) (17, 17) (14, 14) (67, 67) (94, 94) (18, 18) (52, 52) (53, 53) (16, 16) (33, 33) (61, 61) (47, 47) (65, 65) (39, 39) 
(54, 54) (80, 80) (87, 87) (36, 36) (54, 54) (72, 72) (17, 17) (44, 44) (37, 37) (88, 88) (77, 77) (84, 84) (17, 17) (82, 82) (90, 90) 
(4, 4) (62, 62) (33, 33) (62, 62) (86, 86) (30, 30) (39, 39) (67, 67) (42, 42) (31, 31) (83, 83) (39, 39) (67, 67) (67, 67) (31, 31) 
(29, 29) (29, 29) (69, 69) (26, 26) (55, 55) (46, 46) (53, 53) (65, 65) (97, 97) (24, 24) (69, 69) (22, 22) (17, 17) (39, 39) (13, 13) 
(12, 12) (73, 73) (36, 36) (70, 70) (12, 12) (80, 80) (99, 99) (70, 70) (51, 51) (14, 14) (71, 71) (28, 28) (35, 35) (58, 58) (35, 35) 
(61, 61) (49, 49) (74, 74) (90, 90) (60, 60) (88, 88) (3, 3) (60, 60) (59, 59) (94, 94) (91, 91) (34, 34) (26, 26) (4, 4) (26, 26) 
(89, 89) (90, 90) (95, 95) (32, 32) (18, 18) (73, 73) (9, 9) (19, 19) (97, 97) (58, 58) (36, 36) (62, 62) (13, 13) (16, 16) (1, 1) 
(71, 71) (47, 47) (95, 95) (7, 7) (63, 63) (49, 49) (24, 24) (46, 46) (72, 72) (73, 73) (19, 19) (96, 96) (41, 41) (15, 15) (81, 81) 
(45, 45) (9, 9) (97, 97) (62, 62) (77, 77) (78, 78) (70, 70) (19, 19) (86, 86) (15, 15) (23, 23) (46, 46) (32, 32) (6, 6) (70, 70) 
(74, 74) (46, 46) (98, 98) (1, 1) (53, 53) (59, 59) (86, 86) (98, 98) (76, 76) (12, 12) (91, 91) (98, 98) (98, 98) (11, 11) (27, 27) 
(73, 73) (70, 70) (14, 14) (32, 32) (19, 19) (57, 57) (17, 17) (96, 96) (56, 56) (73, 73) (32, 32) (7, 7) (79, 79) (10, 10) (91, 91) 
(39, 39) (87, 87) (11, 11) (81, 81) (7, 7) (79, 79) (24, 24) (9, 9) (58, 58) (42, 42) (67, 67) (27, 27) (20, 20) (19, 19) (67, 67) 
(76, 76) (89, 89) (64, 64) (14, 14) (11, 11) (14, 14) (99, 99) (85, 85) (81, 81) (3, 3) (46, 46) (47, 47) (40, 40) (81, 81) (27, 27) 
(55, 55) (71, 71) (5, 5) (83, 83) (16, 16) (4, 4) (20, 20) (15, 15) (60, 60) (8, 8) (93, 93) (33, 33) (63, 63) (71, 71) (29, 29) 
(92, 92) (25, 25) (8, 8) (86, 86) (22, 22) (79, 79) (23, 23) (96, 96) (24, 24) (94, 94) (97, 97) (17, 17) (48, 48) (67, 67) (47, 47) 
(5, 5) (77, 77) (74, 74) (59, 59) (13, 13) (57, 57) (62, 62) (37, 37) (54, 54) (69, 69) (80, 80) (35, 35) (88, 88) (47, 47) (98, 98) 
