NUMERO DE TRABAJOS
20
NUMERO DE RECURSOS
20
SECUENCIA DE MAQUINAS
6 1 15 2 19 13 16 18 3 12 14 5 10 7 8 9 0 17 11 4 
8 6 10 9 19 1 0 17 2 11 7 13 18 15 4 14 5 3 16 12 
1 3 4 12 0 14 7 19 10 11 5 18 13 15 16 8 9 2 17 6 
18 15 10 1 19 9 2 12 4 0 13 16 14 11 3 5 8 17 6 7 
2 10 12 15 7 14 17 5 8 1 13 0 3 16 4 9 11 18 6 19 
0 16 10 9 17 8 5 3 19 11 15 2 14 4 12 13 1 6 7 18 
11 0 1 19 9 10 8 17 18 16 4 3 12 7 6 15 5 14 2 13 
16 3 8 10 18 7 1 14 19 2 12 6 5 11 17 4 13 9 15 0 
17 18 15 11 10 12 14 3 1 0 16 9 6 19 7 8 4 2 13 5 
9 5 3 2 11 4 16 14 7 13 1 18 8 15 12 6 17 19 0 10 
5 9 18 0 3 16 6 1 2 11 15 19 7 8 4 10 12 17 14 13 
11 5 9 4 3 15 17 7 18 19 13 1 6 12 10 0 14 16 2 8 
15 3 4 7 18 13 19 9 2 10 11 14 6 17 12 16 0 8 1 5 
13 10 16 8 4 1 2 19 14 12 18 17 0 5 9 7 6 3 11 15 
0 5 4 19 14 8 1 16 15 10 12 2 11 6 7 18 13 3 17 9 
11 16 17 10 15 12 0 5 4 8 3 7 13 1 18 9 19 6 14 2 
7 8 5 13 19 16 11 1 14 18 10 6 3 15 4 2 0 9 17 12 
17 10 15 5 4 14 8 18 13 6 19 3 1 9 11 2 12 16 7 0 
14 3 16 0 10 18 4 1 5 19 12 9 11 15 13 7 17 8 6 2 
13 10 3 14 1 8 0 16 19 4 6 9 11 5 2 7 17 12 15 18 
DURACIONES
(64, 64) (57, 57) (81, 81) (98, 98) (59, 59) (87, 87) (93, 93) (62, 62) (20, 20) (14, 14) (85, 85) (45, 45) (47, 47) (9, 9) (94, 94) (9, 9) (15, 15) (66, 66) (1, 1) (94, 94) 
(39, 39) (96, 96) (88, 88) (83, 83) (77, 77) (58, 58) (83, 83) (3, 3) (78, 78) (68, 68) (64, 64) (97, 97) (33, 33) (25, 25) (47, 47) (44, 44) (7, 7) (60, 60) (42, 42) (91, 91) 
(96, 96) (66, 66) (88, 88) (60, 60) (22, 22) (92, 92) (62, 62) (14, 14) (89, 89) (39, 39) (94, 94) (66, 66) (10, 10) (53, 53) (26, 26) (15, 15) (65, 65) (82, 82) (10, 10) (27, 27) 
(93, 93) (92, 92) (96, 96) (70, 70) (83, 83) (74, 74) (31, 31) (88, 88) (51, 51) (57, 57) (78, 78) (8, 8) (7, 7) (91, 91) (79, 79) (18, 18) (51, 51) (18, 18) (99, 99) (33, 33) 
(4, 4) (82, 82) (40, 40) (86, 86) (50, 50) (54, 54) (21, 21) (6, 6) (54, 54) (68, 68) (82, 82) (20, 20) (39, 39) (35, 35) (68, 68) (73, 73) (23, 23) (30, 30) (30, 30) (53, 53) 
(94, 94) (58, 58) (93, 93) (32, 32) (91, 91) (30, 30) (56, 56) (27, 27) (92, 92) (9, 9) (78, 78) (23, 23) (21, 21) (60, 60) (36, 36) (29, 29) (95, 95) (99, 99) (79, 79) (76, 76) 
(93, 93) (42, 42) (52, 52) (42, 42) (96, 96) (29, 29) (61, 61) (88, 88) (70, 70) (16, 16) (31, 31) (65, 65) (83, 83) (78, 78) (26, 26) (50, 50) (87, 87) (62, 62) (14, 14) (30, 30) 
(18, 18) (75, 75) (20, 20) (4, 4) (91, 91) (68, 68) (19, 19) (54, 54) (85, 85) (73, 73) (43, 43) (24, 24) (37, 37) (87, 87) (66, 66) (32, 32) (52, 52) (9, 9) (49, 49) (61, 61) 
(35, 35) (99, 99) (62, 62) (6, 6) (62, 62) (7, 7) (80, 80) (3, 3) (57, 57) (7, 7) (85, 85) (30, 30) (96, 96) (91, 91) (13, 13) (87, 87) (82, 82) (83, 83) (78, 78) (56, 56) 
(85, 85) (8, 8) (66, 66) (88, 88) (15, 15) (5, 5) (59, 59) (30, 30) (60, 60) (41, 41) (17, 17) (66, 66) (89, 89) (78, 78) (88, 88) (69, 69) (45, 45) (82, 82) (6, 6) (13, 13) 
(90, 90) (27, 27) (1, 1) (8, 8) (91, 91) (80, 80) (89, 89) (49, 49) (32, 32) (28, 28) (90, 90) (93, 93) (6, 6) (35, 35) (73, 73) (47, 47) (43, 43) (75, 75) (8, 8) (51, 51) 
(3, 3) (84, 84) (34, 34) (28, 28) (60, 60) (69, 69) (45, 45) (67, 67) (58, 58) (87, 87) (65, 65) (62, 62) (97, 97) (20, 20) (31, 31) (33, 33) (33, 33) (77, 77) (50, 50) (80, 80) 
(48, 48) (90, 90) (75, 75) (96, 96) (44, 44) (28, 28) (21, 21) (51, 51) (75, 75) (17, 17) (89, 89) (59, 59) (56, 56) (63, 63) (18, 18) (17, 17) (30, 30) (16, 16) (7, 7) (35, 35) 
(57, 57) (16, 16) (42, 42) (34, 34) (37, 37) (26, 26) (68, 68) (73, 73) (5, 5) (8, 8) (12, 12) (87, 87) (83, 83) (20, 20) (97, 97) (20, 20) (85, 85) (61, 61) (9, 9) (36, 36) 
(63, 63) (11, 11) (45, 45) (10, 10) (33, 33) (5, 5) (41, 41) (47, 47) (9, 9) (74, 74) (33, 33) (35, 35) (78, 78) (12, 12) (22, 22) (44, 44) (8, 8) (97, 97) (10, 10) (86, 86) 
(33, 33) (60, 60) (21, 21) (96, 96) (69, 69) (34, 34) (94, 94) (15, 15) (23, 23) (84, 84) (16, 16) (55, 55) (50, 50) (5, 5) (59, 59) (35, 35) (12, 12) (57, 57) (11, 11) (51, 51) 
(72, 72) (42, 42) (4, 4) (62, 62) (15, 15) (27, 27) (16, 16) (34, 34) (8, 8) (50, 50) (85, 85) (12, 12) (48, 48) (5, 5) (25, 25) (40, 40) (81, 81) (46, 46) (67, 67) (25, 25) 
(83, 83) (92, 92) (25, 25) (40, 40) (21, 21) (4, 4) (43, 43) (38, 38) (60, 60) (24, 24) (3, 3) (28, 28) (86, 86) (68, 68) (55, 55) (91, 91) (97, 97) (19, 19) (73, 73) (20, 20) 
(28, 28) (81, 81) (46, 46) (98, 98) (46, 46) (29, 29) (96, 96) (12, 12) (71, 71) (32, 32) (64, 64) (39, 39) (16, 16) (97, 97) (99, 99) (49, 49) (75, 75) (7, 7) (79, 79) (80, 80) 
(71, 71) (9, 9) (11, 11) (8, 8) (4, 4) (47, 47) (93, 93) (82, 82) (6, 6) (49, 49) (7, 7) (24, 24) (92, 92) (13, 13) (86, 86) (80, 80) (34, 34) (75, 75) (35, 35) (29, 29) 
