NUMERO DE TRABAJOS
20
NUMERO DE RECURSOS
20
SECUENCIA DE MAQUINAS
3 2 19 11 10 13 16 15 1 0 12 17 18 9 5 7 14 4 8 6 
14 12 4 17 7 2 10 15 8 9 3 6 16 13 11 1 0 5 19 18 
18 17 0 13 7 1 11 19 5 3 2 16 15 4 8 14 9 12 10 6 
17 10 8 12 5 16 14 11 6 1 9 4 19 0 18 15 3 2 13 7 
8 12 1 10 13 15 5 17 9 7 18 3 4 0 2 14 19 11 16 6 
6 0 9 16 14 18 17 10 2 13 11 7 19 1 8 3 4 15 12 5 
12 1 6 14 11 15 3 10 9 19 5 17 2 4 8 18 7 0 13 16 
5 12 19 1 8 13 18 9 10 2 17 3 15 6 16 7 0 4 11 14 
2 8 3 10 16 15 0 17 7 13 5 14 12 9 19 6 18 11 4 1 
17 2 7 19 11 16 13 10 15 1 5 6 8 9 3 12 18 14 0 4 
7 12 8 11 16 15 4 3 14 9 19 2 13 17 6 1 10 18 5 0 
4 17 11 16 15 18 14 19 6 7 5 10 13 0 3 9 2 8 1 12 
8 16 12 2 5 15 10 17 7 13 4 1 0 3 19 9 18 14 11 6 
1 8 18 11 17 9 10 16 19 5 12 4 3 6 7 2 14 0 13 15 
13 7 4 0 19 2 14 3 11 17 16 10 1 9 12 6 15 8 5 18 
15 0 18 16 8 4 5 14 7 17 1 3 10 19 6 2 13 12 9 11 
3 11 2 9 15 1 10 7 19 5 8 13 17 6 0 16 14 12 18 4 
17 6 11 5 16 4 12 9 18 0 10 14 7 3 15 1 8 19 2 13 
5 6 8 12 2 9 16 13 18 1 7 17 0 15 19 3 11 4 14 10 
3 15 10 4 18 1 16 9 12 7 11 0 2 19 13 14 17 5 6 8 
DURACIONES
(94, 94) (61, 61) (12, 12) (68, 68) (40, 40) (84, 84) (30, 30) (16, 16) (34, 34) (92, 92) (53, 53) (55, 55) (61, 61) (67, 67) (30, 30) (88, 88) (12, 12) (20, 20) (16, 16) (51, 51) 
(22, 22) (75, 75) (29, 29) (87, 87) (47, 47) (48, 48) (21, 21) (46, 46) (77, 77) (35, 35) (10, 10) (92, 92) (9, 9) (75, 75) (40, 40) (89, 89) (86, 86) (33, 33) (2, 2) (1, 1) 
(32, 32) (8, 8) (99, 99) (14, 14) (41, 41) (53, 53) (97, 97) (19, 19) (39, 39) (20, 20) (91, 91) (54, 54) (97, 97) (79, 79) (21, 21) (22, 22) (93, 93) (67, 67) (17, 17) (84, 84) 
(13, 13) (43, 43) (97, 97) (41, 41) (4, 4) (35, 35) (6, 6) (93, 93) (32, 32) (35, 35) (2, 2) (54, 54) (77, 77) (9, 9) (97, 97) (10, 10) (45, 45) (81, 81) (76, 76) (37, 37) 
(26, 26) (70, 70) (33, 33) (58, 58) (38, 38) (77, 77) (86, 86) (53, 53) (47, 47) (20, 20) (71, 71) (69, 69) (95, 95) (4, 4) (23, 23) (89, 89) (87, 87) (20, 20) (67, 67) (65, 65) 
(86, 86) (73, 73) (93, 93) (26, 26) (98, 98) (37, 37) (67, 67) (87, 87) (33, 33) (6, 6) (68, 68) (16, 16) (12, 12) (5, 5) (33, 33) (87, 87) (96, 96) (46, 46) (87, 87) (89, 89) 
(3, 3) (34, 34) (2, 2) (96, 96) (67, 67) (37, 37) (30, 30) (50, 50) (84, 84) (27, 27) (37, 37) (89, 89) (92, 92) (68, 68) (20, 20) (80, 80) (76, 76) (74, 74) (11, 11) (38, 38) 
(60, 60) (97, 97) (42, 42) (73, 73) (28, 28) (69, 69) (90, 90) (44, 44) (27, 27) (54, 54) (24, 24) (36, 36) (82, 82) (13, 13) (33, 33) (80, 80) (44, 44) (99, 99) (80, 80) (82, 82) 
(79, 79) (62, 62) (31, 31) (27, 27) (72, 72) (12, 12) (4, 4) (4, 4) (11, 11) (35, 35) (83, 83) (57, 57) (19, 19) (80, 80) (20, 20) (16, 16) (96, 96) (24, 24) (64, 64) (93, 93) 
(61, 61) (86, 86) (46, 46) (58, 58) (2, 2) (19, 19) (46, 46) (50, 50) (79, 79) (84, 84) (14, 14) (16, 16) (76, 76) (89, 89) (85, 85) (86, 86) (60, 60) (44, 44) (28, 28) (63, 63) 
(10, 10) (44, 44) (26, 26) (61, 61) (92, 92) (30, 30) (19, 19) (27, 27) (22, 22) (86, 86) (22, 22) (62, 62) (75, 75) (10, 10) (78, 78) (3, 3) (97, 97) (88, 88) (10, 10) (46, 46) 
(21, 21) (51, 51) (3, 3) (94, 94) (82, 82) (26, 26) (83, 83) (57, 57) (86, 86) (61, 61) (80, 80) (81, 81) (25, 25) (5, 5) (75, 75) (38, 38) (16, 16) (20, 20) (50, 50) (52, 52) 
(17, 17) (86, 86) (6, 6) (49, 49) (74, 74) (82, 82) (86, 86) (26, 26) (80, 80) (46, 46) (94, 94) (7, 7) (27, 27) (26, 26) (97, 97) (14, 14) (27, 27) (3, 3) (12, 12) (82, 82) 
(46, 46) (21, 21) (1, 1) (99, 99) (83, 83) (22, 22) (2, 2) (42, 42) (61, 61) (79, 79) (17, 17) (67, 67) (61, 61) (72, 72) (49, 49) (91, 91) (38, 38) (28, 28) (34, 34) (14, 14) 
(50, 50) (49, 49) (40, 40) (63, 63) (5, 5) (80, 80) (70, 70) (3, 3) (62, 62) (43, 43) (58, 58) (39, 39) (52, 52) (68, 68) (71, 71) (86, 86) (61, 61) (53, 53) (1, 1) (97, 97) 
(53, 53) (51, 51) (25, 25) (16, 16) (91, 91) (93, 93) (37, 37) (61, 61) (41, 41) (49, 49) (20, 20) (24, 24) (58, 58) (8, 8) (72, 72) (30, 30) (15, 15) (86, 86) (31, 31) (40, 40) 
(72, 72) (77, 77) (34, 34) (45, 45) (83, 83) (85, 85) (19, 19) (5, 5) (77, 77) (75, 75) (61, 61) (89, 89) (77, 77) (44, 44) (32, 32) (86, 86) (40, 40) (23, 23) (35, 35) (57, 57) 
(33, 33) (16, 16) (60, 60) (70, 70) (67, 67) (37, 37) (42, 42) (24, 24) (75, 75) (1, 1) (22, 22) (32, 32) (21, 21) (3, 3) (69, 69) (77, 77) (53, 53) (64, 64) (34, 34) (15, 15) 
(58, 58) (55, 55) (68, 68) (5, 5) (20, 20) (88, 88) (91, 91) (79, 79) (55, 55) (16, 16) (53, 53) (84, 84) (1, 1) (66, 66) (14, 14) (83, 83) (1, 1) (96, 96) (54, 54) (30, 30) 
(80, 80) (81, 81) (9, 9) (49, 49) (32, 32) (19, 19) (92, 92) (65, 65) (88, 88) (64, 64) (4, 4) (68, 68) (79, 79) (21, 21) (84, 84) (92, 92) (66, 66) (51, 51) (83, 83) (96, 96) 
