NUMERO DE TRABAJOS
20
NUMERO DE RECURSOS
20
SECUENCIA DE MAQUINAS
7 4 0 10 17 18 16 15 3 11 5 6 9 19 12 8 14 13 2 1 
3 19 17 14 11 1 2 7 16 13 9 5 8 0 18 10 6 4 15 12 
15 0 4 8 2 14 18 12 7 5 6 16 17 11 10 13 19 9 1 3 
17 7 12 9 0 13 1 14 2 16 10 18 8 4 6 15 19 5 3 11 
19 6 5 15 13 4 2 18 3 16 11 14 1 17 8 9 7 10 12 0 
14 0 5 18 11 2 12 7 6 13 4 19 15 1 3 10 16 17 9 8 
8 14 18 7 6 3 1 11 17 10 15 19 4 2 16 13 9 0 5 12 
17 18 13 15 5 8 19 16 0 2 7 3 1 9 11 14 6 10 4 12 
11 0 9 18 1 19 16 12 6 10 7 14 15 8 4 13 17 5 2 3 
0 8 18 4 13 14 1 7 19 15 16 10 3 6 11 5 12 17 9 2 
16 6 3 8 10 1 19 17 0 13 2 4 5 12 9 15 7 18 11 14 
4 7 16 10 9 0 18 1 19 8 14 2 13 11 6 5 12 15 3 17 
12 13 2 18 9 8 0 10 7 3 15 17 6 16 14 5 4 11 1 19 
17 18 5 8 2 4 9 15 7 10 3 12 13 16 14 1 0 6 11 19 
12 7 10 2 18 4 19 14 13 3 6 1 5 16 15 8 9 0 11 17 
0 3 15 1 16 13 14 7 18 10 5 11 6 19 2 17 8 9 12 4 
3 15 1 4 2 11 13 17 18 14 16 0 6 8 12 5 9 19 7 10 
2 17 10 1 19 12 6 8 15 14 5 9 3 18 11 13 0 4 16 7 
11 3 19 1 15 14 8 6 4 16 0 5 13 10 17 2 18 12 7 9 
2 17 9 10 3 5 1 0 16 14 15 12 11 8 18 4 13 19 6 7 
DURACIONES
(33, 33) (8, 8) (81, 81) (68, 68) (28, 28) (91, 91) (91, 91) (74, 74) (7, 7) (7, 7) (19, 19) (50, 50) (65, 65) (53, 53) (9, 9) (90, 90) (69, 69) (50, 50) (58, 58) (13, 13) 
(69, 69) (10, 10) (58, 58) (10, 10) (91, 91) (5, 5) (37, 37) (9, 9) (93, 93) (94, 94) (46, 46) (55, 55) (99, 99) (28, 28) (95, 95) (94, 94) (4, 4) (51, 51) (59, 59) (10, 10) 
(79, 79) (70, 70) (35, 35) (82, 82) (35, 35) (84, 84) (34, 34) (87, 87) (91, 91) (69, 69) (12, 12) (31, 31) (94, 94) (65, 65) (13, 13) (16, 16) (39, 39) (46, 46) (4, 4) (74, 74) 
(50, 50) (40, 40) (81, 81) (47, 47) (96, 96) (67, 67) (94, 94) (53, 53) (22, 22) (17, 17) (23, 23) (24, 24) (66, 66) (15, 15) (56, 56) (84, 84) (79, 79) (25, 25) (13, 13) (72, 72) 
(7, 7) (81, 81) (62, 62) (50, 50) (91, 91) (77, 77) (32, 32) (10, 10) (78, 78) (78, 78) (21, 21) (78, 78) (21, 21) (10, 10) (88, 88) (23, 23) (92, 92) (34, 34) (88, 88) (48, 48) 
(66, 66) (71, 71) (55, 55) (25, 25) (43, 43) (24, 24) (87, 87) (59, 59) (90, 90) (63, 63) (90, 90) (22, 22) (6, 6) (50, 50) (9, 9) (18, 18) (19, 19) (52, 52) (83, 83) (66, 66) 
(66, 66) (39, 39) (10, 10) (80, 80) (55, 55) (38, 38) (29, 29) (41, 41) (63, 63) (32, 32) (91, 91) (27, 27) (72, 72) (71, 71) (61, 61) (35, 35) (17, 17) (26, 26) (42, 42) (64, 64) 
(11, 11) (33, 33) (84, 84) (12, 12) (18, 18) (57, 57) (43, 43) (24, 24) (77, 77) (85, 85) (62, 62) (49, 49) (5, 5) (46, 46) (93, 93) (85, 85) (92, 92) (30, 30) (64, 64) (77, 77) 
(38, 38) (30, 30) (31, 31) (25, 25) (90, 90) (79, 79) (3, 3) (52, 52) (87, 87) (30, 30) (87, 87) (4, 4) (57, 57) (43, 43) (55, 55) (21, 21) (30, 30) (1, 1) (72, 72) (75, 75) 
(9, 9) (49, 49) (91, 91) (39, 39) (40, 40) (59, 59) (20, 20) (27, 27) (67, 67) (22, 22) (2, 2) (47, 47) (91, 91) (11, 11) (70, 70) (97, 97) (78, 78) (69, 69) (17, 17) (40, 40) 
(57, 57) (32, 32) (67, 67) (26, 26) (23, 23) (55, 55) (14, 14) (77, 77) (77, 77) (82, 82) (34, 34) (1, 1) (64, 64) (90, 90) (37, 37) (47, 47) (27, 27) (54, 54) (3, 3) (94, 94) 
(25, 25) (33, 33) (12, 12) (27, 27) (32, 32) (49, 49) (35, 35) (5, 5) (73, 73) (3, 3) (28, 28) (54, 54) (45, 45) (32, 32) (53, 53) (99, 99) (85, 85) (86, 86) (13, 13) (99, 99) 
(64, 64) (77, 77) (82, 82) (32, 32) (75, 75) (32, 32) (68, 68) (16, 16) (63, 63) (81, 81) (31, 31) (58, 58) (73, 73) (12, 12) (25, 25) (64, 64) (98, 98) (72, 72) (47, 47) (84, 84) 
(17, 17) (98, 98) (99, 99) (39, 39) (73, 73) (82, 82) (1, 1) (43, 43) (48, 48) (62, 62) (44, 44) (50, 50) (44, 44) (72, 72) (89, 89) (45, 45) (44, 44) (21, 21) (79, 79) (60, 60) 
(87, 87) (63, 63) (8, 8) (20, 20) (88, 88) (88, 88) (77, 77) (88, 88) (46, 46) (30, 30) (44, 44) (42, 42) (84, 84) (41, 41) (74, 74) (52, 52) (25, 25) (87, 87) (43, 43) (77, 77) 
(39, 39) (93, 93) (44, 44) (23, 23) (75, 75) (7, 7) (60, 60) (45, 45) (71, 71) (49, 49) (3, 3) (68, 68) (56, 56) (20, 20) (35, 35) (8, 8) (79, 79) (21, 21) (48, 48) (43, 43) 
(75, 75) (92, 92) (83, 83) (48, 48) (7, 7) (99, 99) (43, 43) (94, 94) (6, 6) (34, 34) (48, 48) (60, 60) (33, 33) (16, 16) (34, 34) (99, 99) (83, 83) (11, 11) (80, 80) (43, 43) 
(97, 97) (80, 80) (2, 2) (37, 37) (31, 31) (37, 37) (58, 58) (11, 11) (24, 24) (84, 84) (10, 10) (30, 30) (97, 97) (89, 89) (47, 47) (37, 37) (73, 73) (11, 11) (90, 90) (54, 54) 
(1, 1) (97, 97) (68, 68) (8, 8) (7, 7) (72, 72) (38, 38) (50, 50) (42, 42) (32, 32) (54, 54) (94, 94) (31, 31) (52, 52) (76, 76) (20, 20) (29, 29) (56, 56) (36, 36) (16, 16) 
(29, 29) (31, 31) (49, 49) (91, 91) (7, 7) (37, 37) (86, 86) (75, 75) (21, 21) (46, 46) (47, 47) (1, 1) (16, 16) (29, 29) (47, 47) (81, 81) (52, 52) (44, 44) (95, 95) (79, 79) 
