NUMERO DE TRABAJOS
20
NUMERO DE RECURSOS
20
SECUENCIA DE MAQUINAS
1 18 4 15 16 19 0 10 5 14 13 7 8 6 2 11 3 9 12 17 
4 2 3 14 1 0 13 17 18 16 5 10 9 15 19 11 8 6 7 12 
1 16 8 18 13 14 6 0 9 15 19 3 12 5 4 11 10 7 2 17 
19 3 4 9 1 2 18 8 6 16 13 14 12 5 7 11 15 10 17 0 
15 12 1 10 0 19 11 13 2 14 17 6 16 3 7 4 8 9 18 5 
3 7 9 0 5 6 14 16 4 2 19 12 13 18 1 11 17 10 8 15 
17 3 11 9 4 13 16 8 0 18 1 19 10 5 6 15 14 12 7 2 
17 13 16 4 11 7 12 6 8 10 2 18 0 9 15 1 3 5 14 19 
0 11 1 18 2 13 9 7 8 15 16 12 14 10 6 17 3 5 4 19 
9 3 6 12 0 13 2 1 17 16 18 19 4 11 14 7 15 5 8 10 
12 10 16 9 18 7 8 0 6 3 15 1 5 4 17 14 13 19 11 2 
6 18 8 4 7 17 0 14 11 19 3 10 9 16 12 5 1 13 2 15 
17 4 16 12 19 1 2 18 11 3 10 6 5 7 9 0 8 13 15 14 
14 11 1 9 12 7 10 19 2 17 13 16 8 15 5 3 18 0 6 4 
4 10 19 18 16 11 5 15 1 7 2 14 13 3 17 0 12 6 9 8 
2 3 7 18 14 6 12 0 9 13 4 16 10 5 19 11 17 15 8 1 
3 2 15 9 18 11 7 17 16 8 19 13 0 6 4 10 14 1 5 12 
4 10 8 1 12 18 17 15 11 19 3 14 13 7 2 9 5 6 0 16 
13 15 5 14 3 18 17 10 2 19 6 12 11 16 7 0 4 1 9 8 
3 13 18 8 11 9 17 12 16 0 2 14 19 7 10 1 15 4 6 5 
DURACIONES
(30, 30) (80, 80) (34, 34) (92, 92) (29, 29) (96, 96) (25, 25) (49, 49) (67, 67) (53, 53) (20, 20) (52, 52) (29, 29) (51, 51) (35, 35) (38, 38) (18, 18) (43, 43) (46, 46) (98, 98) 
(73, 73) (68, 68) (3, 3) (98, 98) (68, 68) (8, 8) (15, 15) (88, 88) (72, 72) (20, 20) (89, 89) (59, 59) (68, 68) (63, 63) (41, 41) (30, 30) (43, 43) (80, 80) (64, 64) (14, 14) 
(6, 6) (36, 36) (88, 88) (71, 71) (51, 51) (63, 63) (32, 32) (16, 16) (63, 63) (7, 7) (18, 18) (90, 90) (55, 55) (25, 25) (72, 72) (92, 92) (88, 88) (69, 69) (89, 89) (83, 83) 
(58, 58) (35, 35) (79, 79) (43, 43) (86, 86) (50, 50) (64, 64) (88, 88) (57, 57) (25, 25) (73, 73) (18, 18) (4, 4) (69, 69) (40, 40) (28, 28) (37, 37) (42, 42) (82, 82) (83, 83) 
(2, 2) (41, 41) (13, 13) (75, 75) (31, 31) (66, 66) (72, 72) (66, 66) (96, 96) (45, 45) (29, 29) (49, 49) (96, 96) (50, 50) (38, 38) (80, 80) (90, 90) (36, 36) (50, 50) (76, 76) 
(15, 15) (31, 31) (89, 89) (87, 87) (55, 55) (49, 49) (23, 23) (19, 19) (38, 38) (93, 93) (75, 75) (45, 45) (75, 75) (72, 72) (65, 65) (6, 6) (16, 16) (24, 24) (24, 24) (44, 44) 
(4, 4) (22, 22) (99, 99) (10, 10) (85, 85) (79, 79) (2, 2) (54, 54) (80, 80) (2, 2) (58, 58) (33, 33) (92, 92) (93, 93) (94, 94) (34, 34) (36, 36) (48, 48) (54, 54) (12, 12) 
(19, 19) (2, 2) (7, 7) (60, 60) (36, 36) (11, 11) (97, 97) (57, 57) (71, 71) (60, 60) (20, 20) (68, 68) (53, 53) (54, 54) (59, 59) (16, 16) (60, 60) (68, 68) (65, 65) (42, 42) 
(57, 57) (16, 16) (92, 92) (99, 99) (82, 82) (91, 91) (12, 12) (19, 19) (59, 59) (43, 43) (20, 20) (84, 84) (24, 24) (80, 80) (60, 60) (82, 82) (62, 62) (32, 32) (29, 29) (20, 20) 
(76, 76) (78, 78) (78, 78) (42, 42) (3, 3) (30, 30) (7, 7) (82, 82) (62, 62) (13, 13) (84, 84) (22, 22) (78, 78) (80, 80) (58, 58) (53, 53) (6, 6) (85, 85) (23, 23) (99, 99) 
(83, 83) (9, 9) (72, 72) (88, 88) (84, 84) (87, 87) (78, 78) (65, 65) (23, 23) (7, 7) (35, 35) (94, 94) (33, 33) (10, 10) (6, 6) (85, 85) (88, 88) (18, 18) (94, 94) (92, 92) 
(28, 28) (33, 33) (93, 93) (11, 11) (25, 25) (67, 67) (44, 44) (28, 28) (69, 69) (67, 67) (9, 9) (82, 82) (43, 43) (53, 53) (48, 48) (39, 39) (52, 52) (75, 75) (81, 81) (44, 44) 
(24, 24) (44, 44) (58, 58) (73, 73) (30, 30) (25, 25) (21, 21) (14, 14) (6, 6) (41, 41) (19, 19) (21, 21) (36, 36) (72, 72) (96, 96) (32, 32) (5, 5) (46, 46) (61, 61) (82, 82) 
(91, 91) (42, 42) (97, 97) (65, 65) (78, 78) (40, 40) (93, 93) (64, 64) (8, 8) (56, 56) (10, 10) (93, 93) (28, 28) (77, 77) (87, 87) (26, 26) (33, 33) (17, 17) (2, 2) (35, 35) 
(15, 15) (45, 45) (96, 96) (11, 11) (95, 95) (39, 39) (22, 22) (73, 73) (79, 79) (64, 64) (79, 79) (88, 88) (65, 65) (24, 24) (38, 38) (17, 17) (3, 3) (73, 73) (59, 59) (92, 92) 
(3, 3) (28, 28) (17, 17) (71, 71) (91, 91) (17, 17) (69, 69) (69, 69) (51, 51) (40, 40) (93, 93) (82, 82) (47, 47) (42, 42) (59, 59) (7, 7) (43, 43) (83, 83) (45, 45) (83, 83) 
(67, 67) (9, 9) (37, 37) (62, 62) (82, 82) (69, 69) (34, 34) (39, 39) (15, 15) (84, 84) (32, 32) (72, 72) (68, 68) (95, 95) (70, 70) (80, 80) (78, 78) (80, 80) (30, 30) (44, 44) 
(13, 13) (96, 96) (26, 26) (4, 4) (89, 89) (98, 98) (83, 83) (8, 8) (70, 70) (68, 68) (37, 37) (20, 20) (35, 35) (99, 99) (27, 27) (12, 12) (73, 73) (92, 92) (98, 98) (75, 75) 
(75, 75) (1, 1) (35, 35) (73, 73) (35, 35) (6, 6) (38, 38) (34, 34) (70, 70) (51, 51) (16, 16) (78, 78) (58, 58) (9, 9) (97, 97) (55, 55) (38, 38) (65, 65) (1, 1) (8, 8) 
(27, 27) (36, 36) (50, 50) (21, 21) (32, 32) (6, 6) (34, 34) (84, 84) (50, 50) (39, 39) (4, 4) (94, 94) (49, 49) (20, 20) (98, 98) (64, 64) (41, 41) (29, 29) (4, 4) (90, 90) 
