NUMERO DE TRABAJOS
20
NUMERO DE RECURSOS
20
SECUENCIA DE MAQUINAS
9 6 2 14 18 13 0 1 10 19 17 16 11 15 7 8 12 4 5 3 
10 5 17 19 4 11 9 12 0 7 8 15 1 6 13 14 2 3 16 18 
6 8 19 10 14 5 4 17 2 11 15 0 7 3 1 13 9 12 16 18 
11 4 17 15 8 13 9 6 16 19 0 7 1 10 18 3 2 5 12 14 
11 19 16 0 8 5 2 10 18 13 9 3 12 15 7 4 1 17 6 14 
11 9 16 7 6 15 1 19 10 18 8 17 2 14 4 12 13 3 0 5 
3 12 2 7 16 14 15 9 19 18 1 5 0 10 11 8 13 6 17 4 
18 12 0 9 3 7 16 8 4 17 11 10 5 2 14 15 6 19 1 13 
0 17 8 12 6 15 13 1 9 5 11 2 18 3 7 4 16 10 19 14 
11 18 5 6 0 10 2 1 15 14 3 12 4 19 16 8 13 7 17 9 
13 7 6 17 15 10 2 19 12 11 1 16 8 14 3 0 5 4 9 18 
6 19 12 13 5 10 9 18 14 16 7 11 0 2 3 15 4 17 1 8 
6 9 10 14 12 5 11 7 2 17 19 4 15 0 1 13 16 3 18 8 
11 19 5 7 10 9 15 4 2 14 6 12 0 13 16 17 1 18 3 8 
9 19 5 10 4 11 0 6 2 3 7 13 1 18 8 15 16 14 17 12 
7 4 6 2 3 18 0 5 1 8 13 17 11 14 19 16 12 15 10 9 
15 12 5 2 8 7 14 9 4 3 13 6 16 17 19 1 11 10 18 0 
19 13 9 5 6 4 8 3 15 10 2 12 0 1 18 16 14 11 7 17 
7 17 5 12 4 14 13 2 18 9 1 11 0 6 16 10 15 8 19 3 
8 14 11 18 15 16 19 13 17 1 9 5 6 0 3 4 10 2 7 12 
DURACIONES
(14, 14) (62, 62) (32, 32) (81, 81) (65, 65) (53, 53) (31, 31) (98, 98) (34, 34) (27, 27) (60, 60) (43, 43) (30, 30) (24, 24) (61, 61) (40, 40) (7, 7) (15, 15) (50, 50) (10, 10) 
(12, 12) (42, 42) (69, 69) (12, 12) (84, 84) (24, 24) (87, 87) (69, 69) (45, 45) (37, 37) (38, 38) (72, 72) (54, 54) (66, 66) (45, 45) (4, 4) (61, 61) (20, 20) (49, 49) (17, 17) 
(60, 60) (45, 45) (34, 34) (74, 74) (65, 65) (75, 75) (92, 92) (69, 69) (40, 40) (26, 26) (69, 69) (30, 30) (18, 18) (88, 88) (49, 49) (68, 68) (25, 25) (1, 1) (95, 95) (25, 25) 
(77, 77) (61, 61) (42, 42) (65, 65) (99, 99) (81, 81) (84, 84) (33, 33) (8, 8) (21, 21) (26, 26) (58, 58) (91, 91) (7, 7) (95, 95) (91, 91) (91, 91) (14, 14) (46, 46) (49, 49) 
(62, 62) (88, 88) (2, 2) (12, 12) (68, 68) (99, 99) (46, 46) (35, 35) (87, 87) (53, 53) (60, 60) (54, 54) (99, 99) (59, 59) (10, 10) (34, 34) (67, 67) (31, 31) (52, 52) (53, 53) 
(21, 21) (92, 92) (33, 33) (8, 8) (9, 9) (51, 51) (44, 44) (1, 1) (69, 69) (83, 83) (17, 17) (86, 86) (51, 51) (95, 95) (40, 40) (32, 32) (84, 84) (54, 54) (3, 3) (31, 31) 
(46, 46) (87, 87) (45, 45) (62, 62) (10, 10) (19, 19) (3, 3) (69, 69) (51, 51) (56, 56) (20, 20) (51, 51) (41, 41) (12, 12) (6, 6) (45, 45) (17, 17) (2, 2) (93, 93) (39, 39) 
(10, 10) (82, 82) (44, 44) (22, 22) (9, 9) (55, 55) (29, 29) (3, 3) (3, 3) (77, 77) (78, 78) (43, 43) (9, 9) (84, 84) (1, 1) (11, 11) (59, 59) (97, 97) (23, 23) (83, 83) 
(3, 3) (89, 89) (34, 34) (4, 4) (94, 94) (10, 10) (90, 90) (16, 16) (18, 18) (55, 55) (69, 69) (39, 39) (99, 99) (77, 77) (65, 65) (55, 55) (27, 27) (84, 84) (94, 94) (2, 2) 
(85, 85) (98, 98) (6, 6) (74, 74) (24, 24) (54, 54) (85, 85) (7, 7) (60, 60) (49, 49) (92, 92) (59, 59) (26, 26) (97, 97) (87, 87) (28, 28) (81, 81) (46, 46) (4, 4) (82, 82) 
(49, 49) (99, 99) (92, 92) (55, 55) (38, 38) (23, 23) (97, 97) (42, 42) (94, 94) (95, 95) (93, 93) (31, 31) (91, 91) (3, 3) (30, 30) (28, 28) (56, 56) (21, 21) (51, 51) (22, 22) 
(51, 51) (65, 65) (71, 71) (81, 81) (56, 56) (45, 45) (41, 41) (26, 26) (52, 52) (88, 88) (97, 97) (3, 3) (32, 32) (16, 16) (1, 1) (13, 13) (8, 8) (50, 50) (66, 66) (5, 5) 
(93, 93) (78, 78) (90, 90) (25, 25) (83, 83) (40, 40) (83, 83) (67, 67) (59, 59) (90, 90) (91, 91) (50, 50) (22, 22) (9, 9) (12, 12) (28, 28) (28, 28) (40, 40) (43, 43) (29, 29) 
(65, 65) (30, 30) (14, 14) (33, 33) (50, 50) (91, 91) (19, 19) (50, 50) (86, 86) (83, 83) (13, 13) (49, 49) (30, 30) (43, 43) (46, 46) (67, 67) (6, 6) (77, 77) (87, 87) (64, 64) 
(92, 92) (96, 96) (76, 76) (42, 42) (39, 39) (17, 17) (46, 46) (61, 61) (17, 17) (29, 29) (69, 69) (58, 58) (69, 69) (98, 98) (60, 60) (97, 97) (76, 76) (41, 41) (55, 55) (32, 32) 
(37, 37) (38, 38) (77, 77) (4, 4) (72, 72) (31, 31) (32, 32) (98, 98) (44, 44) (65, 65) (16, 16) (84, 84) (60, 60) (88, 88) (20, 20) (60, 60) (92, 92) (91, 91) (72, 72) (58, 58) 
(15, 15) (37, 37) (51, 51) (9, 9) (15, 15) (14, 14) (73, 73) (93, 93) (79, 79) (63, 63) (21, 21) (68, 68) (9, 9) (51, 51) (25, 25) (57, 57) (41, 41) (51, 51) (80, 80) (20, 20) 
(50, 50) (50, 50) (19, 19) (81, 81) (1, 1) (6, 6) (15, 15) (30, 30) (19, 19) (36, 36) (64, 64) (76, 76) (40, 40) (32, 32) (77, 77) (62, 62) (52, 52) (7, 7) (97, 97) (40, 40) 
(29, 29) (35, 35) (7, 7) (59, 59) (1, 1) (65, 65) (92, 92) (39, 39) (56, 56) (93, 93) (29, 29) (54, 54) (41, 41) (54, 54) (7, 7) (85, 85) (74, 74) (79, 79) (72, 72) (79, 79) 
(31, 31) (9, 9) (76, 76) (54, 54) (44, 44) (39, 39) (48, 48) (17, 17) (4, 4) (13, 13) (87, 87) (24, 24) (68, 68) (84, 84) (82, 82) (1, 1) (4, 4) (60, 60) (56, 56) (58, 58) 
