NUMERO DE TRABAJOS
20
NUMERO DE RECURSOS
20
SECUENCIA DE MAQUINAS
10 2 9 3 7 4 18 12 6 14 15 0 5 17 8 13 19 11 16 1 
0 14 2 11 8 6 7 15 12 18 1 16 13 19 10 5 4 3 17 9 
8 7 1 12 4 18 14 2 15 10 11 16 0 17 9 5 13 19 6 3 
10 15 0 6 18 16 9 2 19 5 11 13 8 7 4 17 12 1 3 14 
10 18 16 4 5 9 8 3 12 14 17 1 0 11 2 19 15 13 7 6 
3 12 9 11 19 14 2 1 10 13 5 8 7 17 16 18 0 15 4 6 
2 7 6 19 5 9 11 16 10 8 1 18 4 0 13 3 15 14 12 17 
12 7 18 19 5 10 8 14 11 17 0 9 15 6 1 4 3 2 16 13 
8 12 7 4 5 10 3 9 0 2 13 11 1 19 14 16 17 15 18 6 
17 14 5 10 13 11 9 4 2 7 0 3 6 8 18 1 15 16 19 12 
2 17 9 14 1 7 15 3 4 6 5 0 18 11 10 12 16 8 19 13 
19 10 9 4 1 7 18 2 15 11 3 8 13 16 6 12 17 5 14 0 
0 16 1 12 17 13 8 19 4 3 7 9 18 15 10 6 2 11 5 14 
7 12 13 8 17 9 16 10 6 3 14 4 11 19 5 1 18 15 0 2 
5 10 1 4 2 6 14 7 11 18 9 13 15 3 0 19 17 16 12 8 
4 13 18 3 19 10 14 2 12 1 7 11 5 8 15 6 9 0 16 17 
8 15 16 19 5 6 12 2 10 14 0 3 9 13 1 4 11 17 18 7 
5 19 11 12 6 3 4 8 1 17 18 2 13 14 15 16 10 7 0 9 
7 1 10 18 14 16 5 13 4 19 2 6 0 12 11 15 3 17 8 9 
0 9 16 4 2 7 15 13 1 6 19 3 10 8 11 5 18 12 17 14 
DURACIONES
(47, 47) (61, 61) (7, 7) (13, 13) (52, 52) (33, 33) (83, 83) (60, 60) (57, 57) (7, 7) (74, 74) (93, 93) (59, 59) (46, 46) (7, 7) (84, 84) (56, 56) (58, 58) (45, 45) (4, 4) 
(97, 97) (15, 15) (18, 18) (73, 73) (37, 37) (94, 94) (20, 20) (69, 69) (13, 13) (26, 26) (48, 48) (71, 71) (96, 96) (5, 5) (42, 42) (15, 15) (64, 64) (36, 36) (6, 6) (74, 74) 
(87, 87) (89, 89) (28, 28) (81, 81) (47, 47) (53, 53) (67, 67) (78, 78) (14, 14) (92, 92) (94, 94) (26, 26) (68, 68) (36, 36) (79, 79) (71, 71) (94, 94) (28, 28) (25, 25) (2, 2) 
(99, 99) (65, 65) (9, 9) (52, 52) (10, 10) (55, 55) (20, 20) (67, 67) (69, 69) (16, 16) (10, 10) (54, 54) (47, 47) (4, 4) (66, 66) (33, 33) (9, 9) (53, 53) (30, 30) (29, 29) 
(33, 33) (64, 64) (17, 17) (81, 81) (42, 42) (60, 60) (14, 14) (95, 95) (36, 36) (95, 95) (37, 37) (85, 85) (48, 48) (74, 74) (76, 76) (68, 68) (77, 77) (14, 14) (91, 91) (69, 69) 
(86, 86) (16, 16) (34, 34) (83, 83) (79, 79) (89, 89) (22, 22) (74, 74) (58, 58) (71, 71) (22, 22) (36, 36) (53, 53) (80, 80) (53, 53) (1, 1) (57, 57) (68, 68) (26, 26) (26, 26) 
(4, 4) (83, 83) (26, 26) (54, 54) (16, 16) (88, 88) (16, 16) (61, 61) (41, 41) (54, 54) (98, 98) (3, 3) (84, 84) (11, 11) (55, 55) (18, 18) (67, 67) (62, 62) (17, 17) (31, 31) 
(16, 16) (99, 99) (46, 46) (40, 40) (54, 54) (27, 27) (71, 71) (95, 95) (9, 9) (46, 46) (57, 57) (86, 86) (7, 7) (16, 16) (70, 70) (15, 15) (71, 71) (41, 41) (83, 83) (14, 14) 
(30, 30) (24, 24) (95, 95) (41, 41) (53, 53) (84, 84) (55, 55) (54, 54) (42, 42) (75, 75) (55, 55) (57, 57) (62, 62) (23, 23) (28, 28) (3, 3) (83, 83) (88, 88) (11, 11) (68, 68) 
(78, 78) (63, 63) (21, 21) (64, 64) (91, 91) (75, 75) (53, 53) (35, 35) (77, 77) (29, 29) (68, 68) (92, 92) (89, 89) (49, 49) (47, 47) (33, 33) (4, 4) (58, 58) (18, 18) (33, 33) 
(25, 25) (86, 86) (55, 55) (68, 68) (56, 56) (43, 43) (23, 23) (15, 15) (88, 88) (28, 28) (41, 41) (87, 87) (75, 75) (77, 77) (49, 49) (52, 52) (80, 80) (25, 25) (94, 94) (55, 55) 
(40, 40) (29, 29) (27, 27) (70, 70) (76, 76) (19, 19) (67, 67) (9, 9) (10, 10) (8, 8) (83, 83) (49, 49) (70, 70) (62, 62) (70, 70) (38, 38) (68, 68) (46, 46) (77, 77) (9, 9) 
(72, 72) (82, 82) (78, 78) (12, 12) (98, 98) (98, 98) (46, 46) (79, 79) (88, 88) (11, 11) (36, 36) (67, 67) (97, 97) (22, 22) (53, 53) (21, 21) (22, 22) (17, 17) (43, 43) (60, 60) 
(60, 60) (77, 77) (32, 32) (51, 51) (31, 31) (65, 65) (18, 18) (3, 3) (31, 31) (12, 12) (35, 35) (54, 54) (44, 44) (10, 10) (43, 43) (77, 77) (40, 40) (98, 98) (69, 69) (33, 33) 
(72, 72) (42, 42) (20, 20) (2, 2) (50, 50) (67, 67) (81, 81) (95, 95) (39, 39) (45, 45) (82, 82) (50, 50) (89, 89) (77, 77) (63, 63) (44, 44) (42, 42) (40, 40) (86, 86) (84, 84) 
(62, 62) (6, 6) (46, 46) (40, 40) (75, 75) (89, 89) (11, 11) (13, 13) (89, 89) (71, 71) (69, 69) (86, 86) (60, 60) (92, 92) (56, 56) (88, 88) (80, 80) (18, 18) (75, 75) (66, 66) 
(51, 51) (16, 16) (60, 60) (38, 38) (43, 43) (94, 94) (3, 3) (53, 53) (80, 80) (96, 96) (70, 70) (66, 66) (83, 83) (82, 82) (83, 83) (70, 70) (22, 22) (94, 94) (46, 46) (57, 57) 
(6, 6) (28, 28) (71, 71) (9, 9) (27, 27) (88, 88) (90, 90) (72, 72) (43, 43) (16, 16) (36, 36) (44, 44) (41, 41) (37, 37) (80, 80) (84, 84) (86, 86) (91, 91) (24, 24) (3, 3) 
(43, 43) (27, 27) (46, 46) (67, 67) (89, 89) (10, 10) (63, 63) (33, 33) (14, 14) (95, 95) (61, 61) (66, 66) (68, 68) (46, 46) (27, 27) (5, 5) (17, 17) (64, 64) (10, 10) (74, 74) 
(83, 83) (35, 35) (39, 39) (97, 97) (99, 99) (77, 77) (98, 98) (88, 88) (51, 51) (31, 31) (88, 88) (24, 24) (34, 34) (44, 44) (29, 29) (37, 37) (23, 23) (15, 15) (50, 50) (56, 56) 
