NUMERO DE TRABAJOS
20
NUMERO DE RECURSOS
20
SECUENCIA DE MAQUINAS
7 13 17 6 8 11 4 3 12 18 9 2 0 1 10 16 15 14 5 19 
7 17 16 10 0 15 12 1 2 9 18 5 3 6 19 14 4 11 8 13 
11 17 19 0 2 4 8 14 10 3 5 12 18 15 1 16 6 7 9 13 
2 7 17 12 1 16 13 6 19 3 18 11 5 0 4 14 8 10 15 9 
3 5 12 0 10 17 16 2 7 8 9 18 19 4 13 11 1 6 15 14 
9 13 6 0 7 18 12 17 19 10 3 4 16 1 15 8 2 11 14 5 
7 3 5 17 14 19 8 9 13 11 1 12 16 0 2 18 15 4 10 6 
15 16 12 5 4 9 18 3 8 19 17 6 13 11 0 7 14 10 1 2 
2 5 6 19 4 18 1 0 8 9 7 12 13 14 17 15 16 3 10 11 
19 0 17 14 7 11 8 6 12 4 10 2 16 13 3 9 1 15 18 5 
10 4 14 9 19 6 18 0 13 12 16 5 7 8 17 3 1 2 15 11 
4 18 12 15 3 8 19 9 5 6 16 14 10 0 2 1 17 13 11 7 
4 5 6 7 11 10 0 17 2 9 14 13 1 16 8 19 15 12 3 18 
5 0 17 14 8 12 2 9 18 6 19 3 13 7 4 15 11 1 10 16 
10 1 15 5 8 4 9 13 14 2 17 6 3 16 19 11 7 18 0 12 
1 5 2 16 11 17 14 8 9 18 4 12 15 19 7 0 13 6 10 3 
1 18 2 14 5 8 10 6 19 4 13 9 16 7 11 12 15 0 3 17 
11 3 14 7 1 13 18 9 19 12 8 15 4 6 16 17 2 10 0 5 
10 2 17 7 8 18 13 6 5 16 0 15 1 3 12 11 9 14 19 4 
8 16 0 2 11 10 19 17 7 14 3 4 13 15 6 5 1 9 12 18 
DURACIONES
(86, 86) (43, 43) (61, 61) (99, 99) (7, 7) (70, 70) (21, 21) (2, 2) (88, 88) (38, 38) (65, 65) (81, 81) (38, 38) (51, 51) (81, 81) (37, 37) (72, 72) (94, 94) (44, 44) (99, 99) 
(80, 80) (66, 66) (90, 90) (83, 83) (89, 89) (7, 7) (55, 55) (17, 17) (13, 13) (45, 45) (28, 28) (73, 73) (44, 44) (65, 65) (50, 50) (84, 84) (70, 70) (71, 71) (32, 32) (91, 91) 
(90, 90) (43, 43) (37, 37) (71, 71) (64, 64) (88, 88) (27, 27) (30, 30) (34, 34) (99, 99) (10, 10) (44, 44) (99, 99) (94, 94) (96, 96) (98, 98) (44, 44) (7, 7) (33, 33) (59, 59) 
(34, 34) (52, 52) (5, 5) (4, 4) (84, 84) (54, 54) (3, 3) (97, 97) (39, 39) (9, 9) (9, 9) (91, 91) (60, 60) (4, 4) (63, 63) (3, 3) (35, 35) (79, 79) (66, 66) (97, 97) 
(52, 52) (51, 51) (72, 72) (24, 24) (96, 96) (54, 54) (51, 51) (61, 61) (92, 92) (81, 81) (74, 74) (49, 49) (24, 24) (59, 59) (4, 4) (21, 21) (78, 78) (2, 2) (3, 3) (49, 49) 
(42, 42) (47, 47) (10, 10) (27, 27) (38, 38) (92, 92) (88, 88) (16, 16) (3, 3) (56, 56) (80, 80) (10, 10) (26, 26) (78, 78) (69, 69) (91, 91) (82, 82) (77, 77) (73, 73) (96, 96) 
(19, 19) (38, 38) (83, 83) (50, 50) (31, 31) (87, 87) (67, 67) (99, 99) (69, 69) (77, 77) (4, 4) (31, 31) (96, 96) (77, 77) (80, 80) (68, 68) (74, 74) (86, 86) (30, 30) (54, 54) 
(25, 25) (47, 47) (10, 10) (16, 16) (83, 83) (62, 62) (3, 3) (38, 38) (87, 87) (19, 19) (98, 98) (2, 2) (58, 58) (30, 30) (22, 22) (55, 55) (80, 80) (69, 69) (77, 77) (40, 40) 
(17, 17) (98, 98) (25, 25) (41, 41) (62, 62) (28, 28) (52, 52) (5, 5) (25, 25) (37, 37) (93, 93) (63, 63) (23, 23) (58, 58) (92, 92) (70, 70) (90, 90) (29, 29) (26, 26) (69, 69) 
(41, 41) (65, 65) (34, 34) (4, 4) (73, 73) (79, 79) (58, 58) (14, 14) (97, 97) (71, 71) (97, 97) (95, 95) (58, 58) (12, 12) (17, 17) (66, 66) (78, 78) (68, 68) (69, 69) (53, 53) 
(27, 27) (83, 83) (20, 20) (12, 12) (86, 86) (34, 34) (36, 36) (28, 28) (63, 63) (37, 37) (23, 23) (50, 50) (90, 90) (5, 5) (17, 17) (80, 80) (35, 35) (4, 4) (41, 41) (81, 81) 
(85, 85) (92, 92) (90, 90) (95, 95) (19, 19) (59, 59) (94, 94) (75, 75) (75, 75) (47, 47) (9, 9) (6, 6) (43, 43) (30, 30) (88, 88) (19, 19) (10, 10) (76, 76) (58, 58) (29, 29) 
(23, 23) (87, 87) (50, 50) (76, 76) (26, 26) (28, 28) (36, 36) (35, 35) (4, 4) (32, 32) (22, 22) (74, 74) (52, 52) (13, 13) (14, 14) (61, 61) (47, 47) (87, 87) (73, 73) (64, 64) 
(80, 80) (43, 43) (45, 45) (92, 92) (68, 68) (66, 66) (60, 60) (37, 37) (60, 60) (51, 51) (41, 41) (61, 61) (98, 98) (59, 59) (95, 95) (38, 38) (67, 67) (12, 12) (95, 95) (22, 22) 
(57, 57) (96, 96) (11, 11) (25, 25) (69, 69) (59, 59) (45, 45) (52, 52) (85, 85) (26, 26) (91, 91) (57, 57) (30, 30) (32, 32) (58, 58) (40, 40) (11, 11) (19, 19) (19, 19) (82, 82) 
(81, 81) (83, 83) (77, 77) (45, 45) (63, 63) (95, 95) (25, 25) (48, 48) (27, 27) (56, 56) (54, 54) (82, 82) (32, 32) (99, 99) (41, 41) (1, 1) (2, 2) (61, 61) (23, 23) (26, 26) 
(47, 47) (9, 9) (90, 90) (28, 28) (68, 68) (23, 23) (66, 66) (46, 46) (75, 75) (96, 96) (68, 68) (60, 60) (46, 46) (35, 35) (9, 9) (89, 89) (96, 96) (42, 42) (2, 2) (86, 86) 
(90, 90) (52, 52) (10, 10) (25, 25) (59, 59) (55, 55) (30, 30) (33, 33) (18, 18) (80, 80) (73, 73) (41, 41) (9, 9) (64, 64) (79, 79) (31, 31) (79, 79) (44, 44) (14, 14) (73, 73) 
(59, 59) (57, 57) (67, 67) (47, 47) (13, 13) (35, 35) (72, 72) (74, 74) (56, 56) (85, 85) (52, 52) (25, 25) (92, 92) (92, 92) (81, 81) (76, 76) (91, 91) (93, 93) (36, 36) (88, 88) 
(28, 28) (89, 89) (3, 3) (75, 75) (31, 31) (87, 87) (66, 66) (67, 67) (34, 34) (19, 19) (30, 30) (91, 91) (53, 53) (81, 81) (13, 13) (15, 15) (59, 59) (17, 17) (85, 85) (11, 11) 
