NUMERO DE TRABAJOS
20
NUMERO DE RECURSOS
20
SECUENCIA DE MAQUINAS
17 7 9 12 4 5 14 8 0 2 18 3 10 11 16 13 19 15 1 6 
18 10 6 3 4 16 1 14 15 13 11 19 17 8 0 9 2 5 12 7 
13 16 8 7 4 3 15 19 18 17 5 1 10 14 12 11 6 9 2 0 
13 18 4 6 5 14 9 19 1 3 10 7 12 2 15 11 8 17 16 0 
17 10 8 12 3 14 16 15 2 0 7 5 13 19 11 18 6 4 9 1 
5 0 19 17 8 7 12 6 1 3 13 16 15 2 14 10 9 11 18 4 
17 14 6 8 18 2 16 12 5 0 4 15 7 10 3 19 1 11 9 13 
11 1 15 16 2 13 9 14 0 6 18 10 7 5 4 17 3 19 12 8 
17 10 7 2 16 13 11 0 8 4 19 3 1 12 5 18 9 14 6 15 
18 15 14 12 9 19 10 16 7 17 6 11 0 2 4 8 13 5 3 1 
1 0 9 6 19 17 11 18 15 16 14 8 7 13 3 10 12 4 5 2 
15 2 10 19 9 3 17 16 13 11 4 6 1 7 14 12 5 18 0 8 
6 1 19 14 17 11 10 3 13 2 12 15 4 16 8 18 5 0 9 7 
2 10 1 19 5 12 8 14 17 13 11 4 16 18 15 0 6 7 9 3 
14 0 8 3 9 10 2 17 4 6 19 1 16 5 12 13 15 7 18 11 
8 12 13 10 7 0 4 16 5 15 18 3 9 2 11 19 14 6 1 17 
8 12 19 11 10 4 2 7 9 6 0 15 13 1 16 14 5 3 17 18 
9 6 16 4 3 2 14 8 12 7 17 15 19 18 1 0 5 10 13 11 
9 18 12 10 14 16 1 17 4 7 0 8 2 15 19 6 5 3 11 13 
6 2 17 9 19 11 14 7 4 3 8 12 18 15 16 0 5 1 10 13 
DURACIONES
(24, 24) (8, 8) (42, 42) (87, 87) (95, 95) (14, 14) (30, 30) (89, 89) (69, 69) (32, 32) (59, 59) (20, 20) (26, 26) (35, 35) (83, 83) (25, 25) (48, 48) (51, 51) (58, 58) (99, 99) 
(5, 5) (34, 34) (32, 32) (29, 29) (44, 44) (79, 79) (73, 73) (13, 13) (25, 25) (8, 8) (37, 37) (6, 6) (1, 1) (31, 31) (97, 97) (7, 7) (47, 47) (91, 91) (74, 74) (38, 38) 
(67, 67) (68, 68) (44, 44) (31, 31) (90, 90) (29, 29) (21, 21) (37, 37) (82, 82) (27, 27) (33, 33) (1, 1) (73, 73) (35, 35) (83, 83) (79, 79) (79, 79) (92, 92) (44, 44) (78, 78) 
(13, 13) (85, 85) (76, 76) (84, 84) (77, 77) (20, 20) (63, 63) (1, 1) (5, 5) (5, 5) (50, 50) (11, 11) (8, 8) (14, 14) (34, 34) (20, 20) (58, 58) (32, 32) (56, 56) (74, 74) 
(71, 71) (12, 12) (79, 79) (78, 78) (26, 26) (38, 38) (72, 72) (83, 83) (51, 51) (9, 9) (45, 45) (13, 13) (31, 31) (91, 91) (40, 40) (5, 5) (91, 91) (24, 24) (96, 96) (72, 72) 
(83, 83) (98, 98) (83, 83) (22, 22) (8, 8) (28, 28) (93, 93) (5, 5) (82, 82) (65, 65) (77, 77) (56, 56) (66, 66) (61, 61) (82, 82) (9, 9) (82, 82) (35, 35) (83, 83) (51, 51) 
(38, 38) (78, 78) (91, 91) (21, 21) (88, 88) (93, 93) (15, 15) (10, 10) (68, 68) (75, 75) (53, 53) (35, 35) (11, 11) (68, 68) (98, 98) (56, 56) (37, 37) (57, 57) (15, 15) (83, 83) 
(3, 3) (98, 98) (19, 19) (67, 67) (33, 33) (78, 78) (59, 59) (2, 2) (32, 32) (78, 78) (97, 97) (77, 77) (72, 72) (34, 34) (45, 45) (26, 26) (79, 79) (28, 28) (88, 88) (19, 19) 
(46, 46) (28, 28) (99, 99) (95, 95) (17, 17) (84, 84) (68, 68) (26, 26) (32, 32) (85, 85) (98, 98) (59, 59) (67, 67) (44, 44) (80, 80) (70, 70) (95, 95) (70, 70) (9, 9) (49, 49) 
(27, 27) (17, 17) (6, 6) (62, 62) (90, 90) (17, 17) (58, 58) (94, 94) (11, 11) (65, 65) (96, 96) (76, 76) (58, 58) (60, 60) (51, 51) (51, 51) (98, 98) (26, 26) (92, 92) (66, 66) 
(92, 92) (9, 9) (71, 71) (66, 66) (57, 57) (56, 56) (8, 8) (80, 80) (11, 11) (78, 78) (50, 50) (37, 37) (92, 92) (5, 5) (13, 13) (63, 63) (21, 21) (6, 6) (2, 2) (27, 27) 
(70, 70) (55, 55) (13, 13) (50, 50) (23, 23) (75, 75) (24, 24) (69, 69) (72, 72) (53, 53) (94, 94) (25, 25) (21, 21) (57, 57) (16, 16) (17, 17) (70, 70) (34, 34) (42, 42) (6, 6) 
(94, 94) (80, 80) (74, 74) (71, 71) (8, 8) (51, 51) (87, 87) (86, 86) (37, 37) (93, 93) (82, 82) (1, 1) (76, 76) (49, 49) (35, 35) (44, 44) (50, 50) (75, 75) (63, 63) (4, 4) 
(19, 19) (40, 40) (30, 30) (92, 92) (10, 10) (60, 60) (32, 32) (71, 71) (73, 73) (61, 61) (31, 31) (94, 94) (61, 61) (85, 85) (91, 91) (98, 98) (35, 35) (55, 55) (84, 84) (93, 93) 
(68, 68) (13, 13) (30, 30) (83, 83) (46, 46) (8, 8) (41, 41) (83, 83) (33, 33) (19, 19) (75, 75) (37, 37) (17, 17) (29, 29) (5, 5) (62, 62) (96, 96) (7, 7) (73, 73) (39, 39) 
(49, 49) (19, 19) (10, 10) (67, 67) (6, 6) (42, 42) (87, 87) (83, 83) (7, 7) (51, 51) (55, 55) (79, 79) (24, 24) (2, 2) (88, 88) (80, 80) (37, 37) (58, 58) (20, 20) (45, 45) 
(89, 89) (33, 33) (27, 27) (20, 20) (2, 2) (26, 26) (88, 88) (24, 24) (62, 62) (68, 68) (59, 59) (53, 53) (7, 7) (85, 85) (66, 66) (14, 14) (22, 22) (15, 15) (8, 8) (58, 58) 
(88, 88) (88, 88) (91, 91) (72, 72) (9, 9) (41, 41) (76, 76) (24, 24) (77, 77) (60, 60) (93, 93) (39, 39) (93, 93) (71, 71) (13, 13) (73, 73) (44, 44) (15, 15) (19, 19) (95, 95) 
(93, 93) (34, 34) (36, 36) (82, 82) (28, 28) (52, 52) (22, 22) (33, 33) (77, 77) (27, 27) (62, 62) (59, 59) (52, 52) (1, 1) (39, 39) (85, 85) (62, 62) (34, 34) (77, 77) (74, 74) 
(15, 15) (38, 38) (83, 83) (32, 32) (12, 12) (41, 41) (81, 81) (79, 79) (90, 90) (12, 12) (18, 18) (37, 37) (1, 1) (91, 91) (73, 73) (5, 5) (82, 82) (64, 64) (37, 37) (91, 91) 
