NUMERO DE TRABAJOS
20
NUMERO DE RECURSOS
20
SECUENCIA DE MAQUINAS
10 9 16 18 17 5 14 2 13 19 12 3 8 4 1 15 0 6 11 7 
4 19 5 6 2 7 16 12 9 11 8 13 14 3 1 15 18 17 0 10 
10 3 14 0 16 1 2 5 7 15 17 13 19 4 11 12 9 18 8 6 
1 8 17 11 0 10 12 5 13 4 6 3 15 7 16 14 9 2 19 18 
13 16 18 10 15 4 14 5 19 2 17 0 6 7 3 1 9 12 11 8 
5 7 15 19 17 4 12 2 3 18 8 13 0 9 14 10 11 6 1 16 
10 3 12 8 9 16 19 6 13 11 17 0 14 18 1 4 15 5 7 2 
4 14 18 3 16 7 9 10 17 11 15 0 5 6 19 13 12 1 8 2 
8 4 7 5 9 19 3 0 13 14 11 17 16 10 1 2 12 6 18 15 
11 19 12 4 18 6 8 13 15 2 0 1 3 17 16 10 5 9 7 14 
0 17 1 18 13 12 6 7 2 5 15 10 11 9 19 16 4 14 3 8 
0 10 5 8 2 1 15 7 18 3 12 13 9 17 19 11 16 6 14 4 
16 13 4 19 18 6 10 5 9 17 1 12 14 8 15 11 3 0 7 2 
17 13 4 12 7 0 11 3 2 8 16 18 1 6 14 15 10 19 5 9 
12 10 16 5 9 0 6 18 1 2 15 11 14 3 8 7 13 19 17 4 
7 1 4 13 16 12 9 3 14 18 0 10 5 17 8 2 19 6 15 11 
14 8 18 17 15 19 3 12 16 0 2 1 13 5 10 11 9 7 6 4 
8 9 15 7 5 1 0 18 14 2 6 12 17 4 10 19 11 13 16 3 
16 4 15 14 8 7 18 19 12 5 6 9 1 2 13 3 0 11 17 10 
4 8 2 14 15 6 13 17 12 9 7 5 3 1 0 11 19 10 18 16 
DURACIONES
(84, 84) (45, 45) (53, 53) (48, 48) (9, 9) (9, 9) (39, 39) (79, 79) (83, 83) (50, 50) (24, 24) (49, 49) (81, 81) (5, 5) (70, 70) (89, 89) (91, 91) (25, 25) (80, 80) (36, 36) 
(75, 75) (48, 48) (6, 6) (32, 32) (68, 68) (23, 23) (44, 44) (21, 21) (42, 42) (13, 13) (74, 74) (31, 31) (62, 62) (91, 91) (65, 65) (66, 66) (26, 26) (96, 96) (97, 97) (51, 51) 
(49, 49) (26, 26) (35, 35) (64, 64) (55, 55) (78, 78) (72, 72) (83, 83) (59, 59) (16, 16) (92, 92) (68, 68) (64, 64) (4, 4) (76, 76) (82, 82) (70, 70) (75, 75) (65, 65) (31, 31) 
(55, 55) (58, 58) (37, 37) (32, 32) (31, 31) (65, 65) (65, 65) (85, 85) (50, 50) (94, 94) (37, 37) (20, 20) (94, 94) (20, 20) (31, 31) (30, 30) (49, 49) (8, 8) (22, 22) (47, 47) 
(81, 81) (68, 68) (2, 2) (69, 69) (38, 38) (7, 7) (81, 81) (79, 79) (76, 76) (94, 94) (65, 65) (11, 11) (98, 98) (38, 38) (95, 95) (93, 93) (9, 9) (21, 21) (17, 17) (79, 79) 
(64, 64) (7, 7) (94, 94) (29, 29) (77, 77) (75, 75) (50, 50) (78, 78) (57, 57) (29, 29) (66, 66) (93, 93) (74, 74) (73, 73) (80, 80) (8, 8) (26, 26) (87, 87) (69, 69) (85, 85) 
(49, 49) (59, 59) (91, 91) (59, 59) (25, 25) (44, 44) (50, 50) (41, 41) (33, 33) (89, 89) (79, 79) (3, 3) (54, 54) (82, 82) (63, 63) (31, 31) (15, 15) (2, 2) (67, 67) (71, 71) 
(4, 4) (20, 20) (23, 23) (33, 33) (65, 65) (44, 44) (57, 57) (20, 20) (93, 93) (23, 23) (18, 18) (8, 8) (72, 72) (54, 54) (18, 18) (93, 93) (43, 43) (18, 18) (56, 56) (21, 21) 
(58, 58) (25, 25) (34, 34) (89, 89) (54, 54) (89, 89) (12, 12) (51, 51) (74, 74) (78, 78) (4, 4) (72, 72) (81, 81) (92, 92) (69, 69) (35, 35) (25, 25) (35, 35) (10, 10) (33, 33) 
(33, 33) (84, 84) (75, 75) (66, 66) (49, 49) (77, 77) (87, 87) (44, 44) (37, 37) (67, 67) (33, 33) (75, 75) (65, 65) (44, 44) (66, 66) (45, 45) (93, 93) (98, 98) (22, 22) (67, 67) 
(17, 17) (26, 26) (54, 54) (25, 25) (92, 92) (34, 34) (47, 47) (80, 80) (24, 24) (92, 92) (75, 75) (68, 68) (84, 84) (72, 72) (84, 84) (94, 94) (69, 69) (96, 96) (34, 34) (29, 29) 
(66, 66) (79, 79) (74, 74) (67, 67) (72, 72) (22, 22) (50, 50) (30, 30) (47, 47) (75, 75) (43, 43) (44, 44) (71, 71) (61, 61) (54, 54) (99, 99) (11, 11) (97, 97) (75, 75) (81, 81) 
(35, 35) (75, 75) (99, 99) (72, 72) (92, 92) (90, 90) (26, 26) (91, 91) (70, 70) (82, 82) (13, 13) (45, 45) (82, 82) (58, 58) (38, 38) (19, 19) (66, 66) (23, 23) (49, 49) (19, 19) 
(82, 82) (74, 74) (40, 40) (33, 33) (9, 9) (33, 33) (26, 26) (44, 44) (18, 18) (73, 73) (41, 41) (96, 96) (39, 39) (91, 91) (89, 89) (11, 11) (1, 1) (2, 2) (69, 69) (10, 10) 
(25, 25) (32, 32) (41, 41) (14, 14) (67, 67) (25, 25) (94, 94) (89, 89) (21, 21) (98, 98) (92, 92) (72, 72) (57, 57) (4, 4) (1, 1) (2, 2) (84, 84) (91, 91) (42, 42) (85, 85) 
(29, 29) (98, 98) (41, 41) (87, 87) (52, 52) (9, 9) (22, 22) (2, 2) (79, 79) (73, 73) (16, 16) (22, 22) (97, 97) (13, 13) (19, 19) (13, 13) (50, 50) (43, 43) (91, 91) (34, 34) 
(91, 91) (41, 41) (47, 47) (61, 61) (66, 66) (31, 31) (92, 92) (42, 42) (19, 19) (98, 98) (36, 36) (29, 29) (8, 8) (25, 25) (5, 5) (90, 90) (62, 62) (63, 63) (17, 17) (23, 23) 
(69, 69) (78, 78) (61, 61) (52, 52) (40, 40) (71, 71) (40, 40) (61, 61) (93, 93) (37, 37) (32, 32) (48, 48) (7, 7) (37, 37) (69, 69) (4, 4) (79, 79) (81, 81) (10, 10) (75, 75) 
(90, 90) (16, 16) (68, 68) (32, 32) (96, 96) (7, 7) (42, 42) (52, 52) (38, 38) (68, 68) (72, 72) (78, 78) (10, 10) (61, 61) (40, 40) (31, 31) (81, 81) (69, 69) (84, 84) (27, 27) 
(91, 91) (17, 17) (75, 75) (7, 7) (44, 44) (10, 10) (32, 32) (78, 78) (9, 9) (69, 69) (45, 45) (87, 87) (90, 90) (50, 50) (42, 42) (2, 2) (21, 21) (62, 62) (93, 93) (88, 88) 
