NUMERO DE TRABAJOS
20
NUMERO DE RECURSOS
20
SECUENCIA DE MAQUINAS
18 15 6 8 14 12 19 11 7 4 9 16 10 13 3 5 2 0 1 17 
18 13 8 3 1 19 14 16 0 2 9 10 11 4 5 12 6 7 15 17 
10 7 4 17 14 0 8 1 16 5 3 13 2 15 6 18 19 12 11 9 
2 19 5 16 11 15 13 4 0 8 17 6 18 10 9 3 1 7 12 14 
12 15 2 3 11 7 10 17 9 16 0 13 4 14 1 19 8 6 5 18 
6 12 13 8 14 0 5 11 7 2 19 3 1 18 4 15 10 16 9 17 
11 15 17 7 18 9 12 4 16 1 2 10 8 5 0 3 14 6 13 19 
18 17 0 7 4 12 1 10 2 15 13 14 19 5 6 3 9 8 11 16 
15 11 12 7 1 0 14 9 18 8 13 5 16 3 19 4 10 6 17 2 
7 18 4 19 12 9 13 5 2 15 10 14 0 16 1 6 8 17 11 3 
17 13 18 14 19 1 6 11 12 4 15 0 16 3 10 8 2 9 7 5 
10 14 12 9 2 0 19 5 4 13 7 11 3 15 18 16 1 6 17 8 
7 19 1 10 11 14 8 9 4 5 12 15 17 13 3 6 2 18 0 16 
17 11 13 1 2 4 7 0 10 8 3 19 14 6 9 5 18 16 12 15 
11 3 5 19 10 1 17 7 6 13 2 18 0 15 12 8 14 16 9 4 
12 8 16 0 18 13 7 19 4 9 17 5 11 14 10 3 6 15 1 2 
9 5 19 7 11 12 16 14 13 0 8 4 10 18 1 6 3 17 15 2 
19 4 6 1 14 2 0 18 7 10 3 12 15 9 13 5 8 17 16 11 
19 3 15 4 7 12 13 16 18 14 17 5 8 0 2 11 6 10 9 1 
11 17 13 4 3 15 18 12 0 10 5 19 9 2 7 14 6 8 1 16 
DURACIONES
(84, 84) (9, 9) (34, 34) (62, 62) (11, 11) (60, 60) (43, 43) (52, 52) (77, 77) (37, 37) (15, 15) (43, 43) (8, 8) (5, 5) (36, 36) (56, 56) (46, 46) (51, 51) (86, 86) (86, 86) 
(61, 61) (56, 56) (60, 60) (78, 78) (73, 73) (12, 12) (8, 8) (16, 16) (12, 12) (63, 63) (31, 31) (62, 62) (97, 97) (53, 53) (1, 1) (3, 3) (99, 99) (65, 65) (63, 63) (32, 32) 
(86, 86) (53, 53) (59, 59) (12, 12) (34, 34) (27, 27) (2, 2) (86, 86) (85, 85) (21, 21) (58, 58) (70, 70) (55, 55) (77, 77) (15, 15) (20, 20) (32, 32) (42, 42) (17, 17) (38, 38) 
(3, 3) (13, 13) (67, 67) (13, 13) (63, 63) (88, 88) (68, 68) (21, 21) (21, 21) (86, 86) (7, 7) (91, 91) (8, 8) (56, 56) (92, 92) (58, 58) (94, 94) (54, 54) (57, 57) (87, 87) 
(29, 29) (74, 74) (89, 89) (18, 18) (38, 38) (75, 75) (18, 18) (15, 15) (95, 95) (11, 11) (24, 24) (4, 4) (12, 12) (17, 17) (34, 34) (35, 35) (62, 62) (90, 90) (48, 48) (21, 21) 
(11, 11) (14, 14) (90, 90) (74, 74) (67, 67) (91, 91) (70, 70) (8, 8) (7, 7) (49, 49) (13, 13) (78, 78) (75, 75) (80, 80) (31, 31) (22, 22) (99, 99) (66, 66) (80, 80) (66, 66) 
(97, 97) (63, 63) (11, 11) (71, 71) (1, 1) (63, 63) (70, 70) (33, 33) (74, 74) (76, 76) (86, 86) (87, 87) (9, 9) (18, 18) (51, 51) (27, 27) (48, 48) (31, 31) (45, 45) (76, 76) 
(19, 19) (64, 64) (94, 94) (4, 4) (81, 81) (5, 5) (72, 72) (30, 30) (2, 2) (16, 16) (38, 38) (93, 93) (15, 15) (17, 17) (61, 61) (71, 71) (18, 18) (22, 22) (17, 17) (20, 20) 
(61, 61) (66, 66) (62, 62) (70, 70) (59, 59) (80, 80) (82, 82) (2, 2) (97, 97) (76, 76) (72, 72) (90, 90) (74, 74) (95, 95) (41, 41) (9, 9) (46, 46) (20, 20) (78, 78) (32, 32) 
(61, 61) (90, 90) (37, 37) (86, 86) (15, 15) (19, 19) (62, 62) (82, 82) (86, 86) (59, 59) (92, 92) (89, 89) (82, 82) (48, 48) (13, 13) (29, 29) (28, 28) (45, 45) (84, 84) (62, 62) 
(7, 7) (86, 86) (79, 79) (67, 67) (85, 85) (68, 68) (94, 94) (61, 61) (47, 47) (49, 49) (50, 50) (55, 55) (3, 3) (18, 18) (79, 79) (32, 32) (43, 43) (97, 97) (53, 53) (44, 44) 
(20, 20) (50, 50) (72, 72) (90, 90) (25, 25) (24, 24) (43, 43) (4, 4) (26, 26) (62, 62) (42, 42) (77, 77) (9, 9) (61, 61) (19, 19) (69, 69) (9, 9) (60, 60) (5, 5) (54, 54) 
(45, 45) (73, 73) (50, 50) (58, 58) (94, 94) (90, 90) (97, 97) (42, 42) (36, 36) (72, 72) (84, 84) (33, 33) (44, 44) (59, 59) (47, 47) (40, 40) (81, 81) (85, 85) (26, 26) (28, 28) 
(67, 67) (46, 46) (9, 9) (40, 40) (81, 81) (97, 97) (7, 7) (2, 2) (69, 69) (9, 9) (17, 17) (81, 81) (81, 81) (46, 46) (26, 26) (30, 30) (88, 88) (73, 73) (44, 44) (99, 99) 
(16, 16) (62, 62) (3, 3) (30, 30) (16, 16) (40, 40) (62, 62) (96, 96) (75, 75) (69, 69) (86, 86) (90, 90) (93, 93) (15, 15) (30, 30) (46, 46) (50, 50) (29, 29) (9, 9) (97, 97) 
(5, 5) (73, 73) (54, 54) (81, 81) (26, 26) (36, 36) (35, 35) (56, 56) (62, 62) (31, 31) (2, 2) (23, 23) (60, 60) (12, 12) (88, 88) (38, 38) (95, 95) (65, 65) (86, 86) (64, 64) 
(3, 3) (99, 99) (81, 81) (93, 93) (82, 82) (17, 17) (1, 1) (1, 1) (32, 32) (36, 36) (30, 30) (62, 62) (90, 90) (20, 20) (98, 98) (3, 3) (66, 66) (75, 75) (79, 79) (67, 67) 
(52, 52) (76, 76) (79, 79) (63, 63) (52, 52) (23, 23) (35, 35) (22, 22) (58, 58) (13, 13) (26, 26) (68, 68) (84, 84) (16, 16) (28, 28) (28, 28) (54, 54) (76, 76) (86, 86) (47, 47) 
(74, 74) (34, 34) (68, 68) (37, 37) (26, 26) (48, 48) (29, 29) (24, 24) (60, 60) (98, 98) (54, 54) (97, 97) (19, 19) (99, 99) (62, 62) (46, 46) (25, 25) (53, 53) (11, 11) (4, 4) 
(15, 15) (92, 92) (41, 41) (63, 63) (87, 87) (67, 67) (77, 77) (89, 89) (65, 65) (17, 17) (24, 24) (67, 67) (10, 10) (87, 87) (91, 91) (58, 58) (52, 52) (26, 26) (33, 33) (3, 3) 
