NUMERO DE TRABAJOS
30
NUMERO DE RECURSOS
15
SECUENCIA DE MAQUINAS
3 10 14 1 5 8 4 11 13 12 2 9 7 0 6 
6 4 2 3 14 5 7 13 9 0 11 12 8 10 1 
4 2 10 5 12 13 3 11 9 7 8 6 14 1 0 
0 13 4 1 14 9 12 3 8 5 2 6 10 7 11 
6 1 10 4 8 5 2 9 7 0 13 11 3 14 12 
5 6 12 3 0 4 2 8 1 13 11 9 14 7 10 
11 13 1 6 4 12 14 0 10 8 5 7 2 9 3 
5 2 1 4 9 13 8 10 11 3 7 0 6 12 14 
7 13 12 5 10 9 0 11 8 4 2 1 14 6 3 
6 7 14 1 9 11 3 5 10 2 8 0 13 12 4 
10 0 3 4 5 11 7 12 13 14 8 1 6 2 9 
5 0 9 11 12 6 10 14 8 4 7 3 13 1 2 
8 0 7 4 3 1 13 5 6 12 11 9 2 14 10 
4 9 13 12 6 2 7 1 11 10 8 14 0 5 3 
7 14 11 2 10 12 1 3 13 9 4 8 5 0 6 
13 12 4 11 1 0 10 6 5 9 2 7 3 14 8 
0 7 12 14 3 2 8 11 13 9 4 1 5 6 10 
5 6 7 4 12 9 11 3 10 8 1 0 2 14 13 
12 4 3 13 11 6 5 0 10 1 2 9 7 8 14 
0 7 3 11 10 1 8 12 5 6 2 14 9 13 4 
14 5 7 1 10 6 9 3 12 0 11 13 4 2 8 
12 11 6 8 13 10 1 7 14 9 4 3 2 0 5 
8 9 11 3 4 13 10 2 0 12 5 6 7 1 14 
12 8 6 9 11 5 2 7 14 0 4 1 3 13 10 
14 11 8 4 10 5 3 2 6 9 12 13 0 1 7 
7 14 4 0 12 10 8 5 3 1 6 9 2 11 13 
11 12 4 14 13 1 5 8 0 7 10 9 2 6 3 
14 8 7 1 0 6 9 12 5 10 4 13 11 2 3 
8 7 10 14 5 12 9 2 11 1 3 0 13 6 4 
2 12 13 3 0 14 6 5 10 11 8 9 1 7 4 
DURACIONES
(99, 99) (43, 43) (6, 6) (99, 99) (23, 23) (98, 98) (84, 84) (24, 24) (30, 30) (53, 53) (34, 34) (95, 95) (50, 50) (48, 48) (38, 38) 
(19, 19) (24, 24) (65, 65) (16, 16) (94, 94) (9, 9) (60, 60) (32, 32) (59, 59) (85, 85) (9, 9) (36, 36) (22, 22) (25, 25) (5, 5) 
(54, 54) (62, 62) (93, 93) (78, 78) (59, 59) (71, 71) (49, 49) (88, 88) (40, 40) (13, 13) (17, 17) (88, 88) (47, 47) (30, 30) (56, 56) 
(60, 60) (16, 16) (79, 79) (84, 84) (84, 84) (42, 42) (59, 59) (14, 14) (74, 74) (60, 60) (98, 98) (17, 17) (42, 42) (31, 31) (19, 19) 
(49, 49) (52, 52) (46, 46) (50, 50) (1, 1) (14, 14) (2, 2) (56, 56) (64, 64) (51, 51) (75, 75) (28, 28) (9, 9) (37, 37) (6, 6) 
(59, 59) (65, 65) (85, 85) (40, 40) (23, 23) (39, 39) (99, 99) (46, 46) (17, 17) (94, 94) (6, 6) (67, 67) (69, 69) (86, 86) (8, 8) 
(10, 10) (7, 7) (22, 22) (36, 36) (31, 31) (75, 75) (57, 57) (49, 49) (44, 44) (21, 21) (77, 77) (70, 70) (64, 64) (46, 46) (69, 69) 
(53, 53) (74, 74) (93, 93) (26, 26) (54, 54) (89, 89) (82, 82) (66, 66) (37, 37) (63, 63) (71, 71) (17, 17) (58, 58) (4, 4) (46, 46) 
(76, 76) (72, 72) (42, 42) (17, 17) (27, 27) (56, 56) (78, 78) (5, 5) (72, 72) (19, 19) (90, 90) (46, 46) (43, 43) (56, 56) (17, 17) 
(18, 18) (79, 79) (93, 93) (71, 71) (48, 48) (23, 23) (20, 20) (90, 90) (94, 94) (87, 87) (6, 6) (36, 36) (84, 84) (25, 25) (83, 83) 
(52, 52) (61, 61) (45, 45) (60, 60) (15, 15) (74, 74) (49, 49) (26, 26) (94, 94) (54, 54) (1, 1) (58, 58) (56, 56) (54, 54) (72, 72) 
(63, 63) (73, 73) (82, 82) (84, 84) (15, 15) (54, 54) (52, 52) (52, 52) (36, 36) (21, 21) (45, 45) (41, 41) (21, 21) (97, 97) (50, 50) 
(90, 90) (90, 90) (77, 77) (33, 33) (31, 31) (26, 26) (14, 14) (75, 75) (92, 92) (70, 70) (55, 55) (56, 56) (39, 39) (49, 49) (23, 23) 
(87, 87) (47, 47) (58, 58) (34, 34) (29, 29) (83, 83) (24, 24) (48, 48) (97, 97) (89, 89) (84, 84) (82, 82) (53, 53) (99, 99) (10, 10) 
(35, 35) (32, 32) (30, 30) (93, 93) (58, 58) (28, 28) (88, 88) (16, 16) (98, 98) (4, 4) (82, 82) (98, 98) (26, 26) (29, 29) (77, 77) 
(18, 18) (92, 92) (62, 62) (59, 59) (3, 3) (94, 94) (34, 34) (56, 56) (24, 24) (18, 18) (66, 66) (53, 53) (30, 30) (41, 41) (10, 10) 
(2, 2) (26, 26) (17, 17) (18, 18) (60, 60) (39, 39) (23, 23) (95, 95) (81, 81) (56, 56) (34, 34) (8, 8) (47, 47) (72, 72) (56, 56) 
(6, 6) (79, 79) (65, 65) (58, 58) (94, 94) (45, 45) (80, 80) (3, 3) (29, 29) (80, 80) (27, 27) (60, 60) (94, 94) (14, 14) (76, 76) 
(31, 31) (79, 79) (87, 87) (79, 79) (57, 57) (48, 48) (33, 33) (42, 42) (93, 93) (86, 86) (54, 54) (32, 32) (8, 8) (16, 16) (63, 63) 
(96, 96) (1, 1) (75, 75) (42, 42) (45, 45) (51, 51) (10, 10) (58, 58) (71, 71) (92, 92) (23, 23) (18, 18) (63, 63) (27, 27) (63, 63) 
(84, 84) (82, 82) (16, 16) (61, 61) (43, 43) (75, 75) (28, 28) (15, 15) (19, 19) (93, 93) (22, 22) (1, 1) (62, 62) (9, 9) (5, 5) 
(46, 46) (29, 29) (50, 50) (12, 12) (72, 72) (18, 18) (79, 79) (73, 73) (23, 23) (1, 1) (58, 58) (1, 1) (95, 95) (25, 25) (71, 71) 
(10, 10) (39, 39) (49, 49) (56, 56) (71, 71) (40, 40) (90, 90) (28, 28) (89, 89) (42, 42) (9, 9) (92, 92) (52, 52) (6, 6) (20, 20) 
(70, 70) (63, 63) (68, 68) (97, 97) (86, 86) (81, 81) (38, 38) (7, 7) (53, 53) (48, 48) (43, 43) (59, 59) (88, 88) (29, 29) (87, 87) 
(81, 81) (97, 97) (65, 65) (60, 60) (15, 15) (29, 29) (9, 9) (80, 80) (78, 78) (85, 85) (95, 95) (85, 85) (91, 91) (28, 28) (92, 92) 
(39, 39) (6, 6) (59, 59) (34, 34) (34, 34) (32, 32) (12, 12) (7, 7) (35, 35) (4, 4) (53, 53) (69, 69) (89, 89) (3, 3) (40, 40) 
(98, 98) (85, 85) (51, 51) (9, 9) (24, 24) (7, 7) (59, 59) (98, 98) (50, 50) (98, 98) (64, 64) (31, 31) (31, 31) (29, 29) (1, 1) 
(59, 59) (68, 68) (3, 3) (8, 8) (2, 2) (9, 9) (69, 69) (14, 14) (72, 72) (84, 84) (69, 69) (54, 54) (45, 45) (59, 59) (7, 7) 
(92, 92) (21, 21) (53, 53) (64, 64) (59, 59) (79, 79) (52, 52) (14, 14) (61, 61) (86, 86) (82, 82) (98, 98) (83, 83) (24, 24) (87, 87) 
(51, 51) (70, 70) (94, 94) (80, 80) (35, 35) (56, 56) (8, 8) (94, 94) (11, 11) (3, 3) (60, 60) (73, 73) (26, 26) (21, 21) (45, 45) 
