NUMERO DE TRABAJOS
30
NUMERO DE RECURSOS
15
SECUENCIA DE MAQUINAS
13 0 10 2 12 8 5 6 4 14 1 11 9 3 7 
7 3 0 12 13 14 8 1 10 4 11 2 6 9 5 
12 14 10 1 13 5 3 11 6 2 4 7 8 0 9 
14 13 1 12 7 0 4 5 3 2 6 8 11 10 9 
7 5 1 3 8 12 2 13 0 4 6 10 11 14 9 
11 5 4 14 10 3 0 9 7 12 6 2 13 8 1 
5 8 12 9 3 2 14 4 1 13 7 0 11 6 10 
7 14 5 9 3 1 4 10 12 2 6 13 11 0 8 
10 14 6 5 13 12 3 8 0 7 2 9 4 11 1 
6 5 4 3 12 14 7 9 1 13 11 8 2 0 10 
5 1 0 11 13 6 12 7 2 9 3 4 10 8 14 
12 13 0 3 2 5 10 11 4 1 7 14 9 6 8 
11 0 9 12 7 2 13 8 5 4 3 1 14 6 10 
5 8 13 10 14 7 9 0 12 2 6 4 11 3 1 
9 3 10 5 2 6 7 11 4 1 12 13 14 8 0 
1 7 2 5 6 9 10 8 14 11 4 12 0 3 13 
13 11 5 2 0 6 8 9 10 4 7 1 12 14 3 
9 8 1 10 3 2 6 11 0 7 5 12 13 14 4 
5 12 3 0 13 10 7 9 6 14 1 4 2 8 11 
5 10 11 7 4 6 9 0 8 12 2 3 1 13 14 
10 14 3 1 11 13 9 12 6 8 0 5 2 7 4 
14 12 8 13 6 9 5 2 7 10 3 1 4 11 0 
11 8 7 6 0 9 13 10 12 5 2 14 1 4 3 
1 9 12 7 5 8 13 2 3 14 6 0 10 11 4 
2 5 13 0 9 3 8 1 12 14 6 4 10 11 7 
1 8 7 14 10 3 5 6 4 12 13 11 0 2 9 
2 14 3 13 10 5 12 7 1 8 0 11 4 6 9 
14 4 3 2 9 0 8 6 7 11 1 13 12 5 10 
9 12 5 4 2 3 0 13 8 7 6 10 1 11 14 
11 6 7 8 5 14 13 3 10 1 12 0 2 9 4 
DURACIONES
(79, 79) (31, 31) (42, 42) (88, 88) (16, 16) (99, 99) (82, 82) (53, 53) (29, 29) (49, 49) (9, 9) (15, 15) (92, 92) (73, 73) (98, 98) 
(76, 76) (89, 89) (48, 48) (15, 15) (54, 54) (37, 37) (53, 53) (63, 63) (44, 44) (91, 91) (13, 13) (73, 73) (42, 42) (99, 99) (41, 41) 
(49, 49) (52, 52) (25, 25) (89, 89) (3, 3) (2, 2) (40, 40) (44, 44) (94, 94) (7, 7) (68, 68) (73, 73) (73, 73) (30, 30) (14, 14) 
(28, 28) (49, 49) (13, 13) (87, 87) (62, 62) (10, 10) (29, 29) (62, 62) (34, 34) (7, 7) (47, 47) (40, 40) (57, 57) (80, 80) (86, 86) 
(39, 39) (12, 12) (34, 34) (91, 91) (48, 48) (71, 71) (45, 45) (98, 98) (23, 23) (91, 91) (90, 90) (41, 41) (90, 90) (54, 54) (87, 87) 
(30, 30) (63, 63) (57, 57) (36, 36) (72, 72) (54, 54) (69, 69) (9, 9) (53, 53) (72, 72) (68, 68) (33, 33) (61, 61) (12, 12) (89, 89) 
(65, 65) (40, 40) (34, 34) (37, 37) (64, 64) (62, 62) (14, 14) (78, 78) (1, 1) (65, 65) (2, 2) (67, 67) (56, 56) (75, 75) (26, 26) 
(22, 22) (98, 98) (67, 67) (56, 56) (41, 41) (89, 89) (25, 25) (94, 94) (76, 76) (37, 37) (8, 8) (84, 84) (73, 73) (65, 65) (74, 74) 
(44, 44) (33, 33) (41, 41) (52, 52) (86, 86) (11, 11) (60, 60) (87, 87) (13, 13) (40, 40) (62, 62) (47, 47) (39, 39) (65, 65) (77, 77) 
(88, 88) (31, 31) (63, 63) (49, 49) (50, 50) (77, 77) (6, 6) (80, 80) (20, 20) (30, 30) (11, 11) (41, 41) (43, 43) (74, 74) (73, 73) 
(7, 7) (69, 69) (69, 69) (53, 53) (52, 52) (33, 33) (19, 19) (84, 84) (12, 12) (36, 36) (85, 85) (74, 74) (2, 2) (97, 97) (52, 52) 
(33, 33) (8, 8) (74, 74) (75, 75) (51, 51) (64, 64) (55, 55) (7, 7) (81, 81) (82, 82) (70, 70) (33, 33) (84, 84) (37, 37) (48, 48) 
(54, 54) (97, 97) (79, 79) (71, 71) (70, 70) (84, 84) (28, 28) (14, 14) (20, 20) (99, 99) (6, 6) (30, 30) (51, 51) (68, 68) (41, 41) 
(10, 10) (90, 90) (14, 14) (72, 72) (30, 30) (77, 77) (69, 69) (56, 56) (78, 78) (55, 55) (98, 98) (91, 91) (27, 27) (36, 36) (86, 86) 
(92, 92) (97, 97) (71, 71) (13, 13) (93, 93) (65, 65) (44, 44) (46, 46) (71, 71) (69, 69) (26, 26) (18, 18) (31, 31) (10, 10) (47, 47) 
(47, 47) (5, 5) (14, 14) (47, 47) (81, 81) (84, 84) (62, 62) (91, 91) (5, 5) (58, 58) (77, 77) (55, 55) (49, 49) (5, 5) (5, 5) 
(46, 46) (96, 96) (61, 61) (67, 67) (2, 2) (9, 9) (94, 94) (38, 38) (66, 66) (25, 25) (67, 67) (57, 57) (79, 79) (74, 74) (47, 47) 
(74, 74) (52, 52) (50, 50) (43, 43) (93, 93) (30, 30) (85, 85) (75, 75) (58, 58) (47, 47) (70, 70) (42, 42) (62, 62) (58, 58) (81, 81) 
(5, 5) (42, 42) (63, 63) (42, 42) (28, 28) (40, 40) (36, 36) (49, 49) (65, 65) (6, 6) (14, 14) (20, 20) (85, 85) (41, 41) (70, 70) 
(7, 7) (36, 36) (54, 54) (91, 91) (98, 98) (31, 31) (33, 33) (72, 72) (21, 21) (61, 61) (1, 1) (30, 30) (85, 85) (79, 79) (32, 32) 
(79, 79) (82, 82) (49, 49) (51, 51) (43, 43) (16, 16) (44, 44) (62, 62) (20, 20) (12, 12) (7, 7) (1, 1) (64, 64) (21, 21) (37, 37) 
(94, 94) (75, 75) (56, 56) (25, 25) (89, 89) (72, 72) (84, 84) (71, 71) (74, 74) (83, 83) (6, 6) (69, 69) (87, 87) (19, 19) (68, 68) 
(7, 7) (29, 29) (15, 15) (3, 3) (62, 62) (53, 53) (92, 92) (1, 1) (27, 27) (21, 21) (66, 66) (92, 92) (19, 19) (22, 22) (48, 48) 
(75, 75) (12, 12) (46, 46) (37, 37) (72, 72) (35, 35) (6, 6) (32, 32) (50, 50) (33, 33) (14, 14) (34, 34) (93, 93) (83, 83) (11, 11) 
(87, 87) (56, 56) (70, 70) (81, 81) (80, 80) (58, 58) (75, 75) (48, 48) (55, 55) (92, 92) (9, 9) (16, 16) (41, 41) (71, 71) (63, 63) 
(29, 29) (66, 66) (18, 18) (55, 55) (53, 53) (81, 81) (47, 47) (86, 86) (33, 33) (30, 30) (75, 75) (73, 73) (27, 27) (51, 51) (67, 67) 
(60, 60) (17, 17) (18, 18) (61, 61) (82, 82) (72, 72) (5, 5) (92, 92) (75, 75) (91, 91) (89, 89) (35, 35) (53, 53) (68, 68) (85, 85) 
(82, 82) (54, 54) (96, 96) (19, 19) (20, 20) (67, 67) (27, 27) (77, 77) (59, 59) (87, 87) (40, 40) (7, 7) (46, 46) (32, 32) (84, 84) 
(69, 69) (52, 52) (26, 26) (65, 65) (89, 89) (51, 51) (79, 79) (51, 51) (27, 27) (91, 91) (23, 23) (59, 59) (99, 99) (51, 51) (70, 70) 
(62, 62) (57, 57) (30, 30) (5, 5) (30, 30) (13, 13) (39, 39) (31, 31) (16, 16) (68, 68) (32, 32) (83, 83) (4, 4) (27, 27) (27, 27) 
