NUMERO DE TRABAJOS
30
NUMERO DE RECURSOS
15
SECUENCIA DE MAQUINAS
10 11 9 8 1 7 6 2 5 13 4 14 0 12 3 
12 8 14 3 1 7 13 6 10 5 4 2 9 11 0 
12 0 3 13 14 10 2 6 9 1 11 4 5 7 8 
14 3 7 2 6 5 10 8 11 1 0 9 13 12 4 
6 5 7 4 9 3 13 10 1 0 14 11 8 12 2 
7 11 12 9 8 2 3 5 4 1 10 0 6 13 14 
11 12 1 7 14 6 3 5 8 9 13 4 10 0 2 
3 9 11 14 2 13 12 10 6 7 0 1 4 5 8 
9 2 3 13 10 14 12 1 7 0 6 8 11 4 5 
0 7 3 14 4 8 13 2 1 9 12 5 6 10 11 
2 12 0 4 14 10 8 13 7 3 6 9 5 1 11 
5 2 8 6 4 12 9 1 10 0 14 7 13 11 3 
14 5 0 3 7 1 4 8 2 12 11 13 9 10 6 
5 2 14 6 12 4 10 9 3 8 13 7 1 0 11 
4 9 0 6 1 10 13 3 2 12 5 11 7 8 14 
2 5 12 4 1 7 6 14 3 8 13 10 9 0 11 
6 10 1 8 12 2 11 9 14 5 0 7 13 3 4 
2 0 4 10 3 5 7 12 14 13 11 9 8 1 6 
5 6 8 0 10 11 13 14 7 2 12 1 4 9 3 
13 8 11 7 9 10 3 14 4 12 1 6 2 5 0 
1 6 14 3 12 10 7 13 5 0 4 11 9 2 8 
7 11 0 10 1 2 5 4 3 9 14 8 6 12 13 
6 7 12 13 11 3 8 1 10 9 0 5 2 14 4 
4 6 1 10 12 9 14 7 11 0 5 3 13 8 2 
7 2 10 9 5 3 1 13 11 8 4 14 12 6 0 
3 4 12 0 7 11 10 2 13 5 8 6 14 9 1 
11 12 0 13 6 2 1 9 5 7 3 10 4 14 8 
0 9 8 12 3 14 10 7 2 1 6 11 4 5 13 
4 2 7 11 6 3 1 10 8 9 13 0 12 14 5 
14 6 2 8 10 4 11 13 12 7 3 5 1 0 9 
DURACIONES
(36, 36) (32, 32) (40, 40) (47, 47) (87, 87) (55, 55) (77, 77) (27, 27) (89, 89) (72, 72) (93, 93) (15, 15) (98, 98) (95, 95) (32, 32) 
(7, 7) (42, 42) (84, 84) (76, 76) (44, 44) (66, 66) (47, 47) (72, 72) (24, 24) (68, 68) (5, 5) (35, 35) (13, 13) (55, 55) (73, 73) 
(59, 59) (7, 7) (85, 85) (57, 57) (98, 98) (71, 71) (61, 61) (98, 98) (3, 3) (61, 61) (12, 12) (44, 44) (7, 7) (28, 28) (3, 3) 
(16, 16) (3, 3) (97, 97) (27, 27) (97, 97) (93, 93) (19, 19) (9, 9) (70, 70) (19, 19) (92, 92) (27, 27) (76, 76) (1, 1) (4, 4) 
(71, 71) (53, 53) (36, 36) (63, 63) (16, 16) (35, 35) (27, 27) (36, 36) (79, 79) (92, 92) (23, 23) (60, 60) (49, 49) (52, 52) (19, 19) 
(48, 48) (88, 88) (68, 68) (6, 6) (63, 63) (25, 25) (28, 28) (67, 67) (62, 62) (53, 53) (51, 51) (65, 65) (97, 97) (15, 15) (79, 79) 
(49, 49) (65, 65) (26, 26) (72, 72) (60, 60) (15, 15) (70, 70) (26, 26) (71, 71) (48, 48) (79, 79) (54, 54) (98, 98) (81, 81) (43, 43) 
(35, 35) (28, 28) (88, 88) (58, 58) (87, 87) (18, 18) (5, 5) (74, 74) (43, 43) (28, 28) (82, 82) (34, 34) (28, 28) (98, 98) (73, 73) 
(83, 83) (93, 93) (86, 86) (62, 62) (18, 18) (70, 70) (67, 67) (66, 66) (14, 14) (62, 62) (47, 47) (51, 51) (90, 90) (2, 2) (98, 98) 
(28, 28) (94, 94) (6, 6) (66, 66) (79, 79) (71, 71) (35, 35) (57, 57) (69, 69) (75, 75) (84, 84) (47, 47) (21, 21) (66, 66) (66, 66) 
(20, 20) (62, 62) (37, 37) (71, 71) (19, 19) (63, 63) (90, 90) (79, 79) (87, 87) (40, 40) (92, 92) (15, 15) (5, 5) (76, 76) (45, 45) 
(71, 71) (59, 59) (99, 99) (70, 70) (27, 27) (54, 54) (82, 82) (62, 62) (7, 7) (5, 5) (12, 12) (90, 90) (92, 92) (83, 83) (71, 71) 
(90, 90) (79, 79) (48, 48) (66, 66) (86, 86) (87, 87) (3, 3) (49, 49) (84, 84) (98, 98) (46, 46) (58, 58) (74, 74) (11, 11) (21, 21) 
(56, 56) (49, 49) (93, 93) (11, 11) (5, 5) (32, 32) (19, 19) (96, 96) (7, 7) (80, 80) (96, 96) (17, 17) (22, 22) (45, 45) (84, 84) 
(93, 93) (18, 18) (25, 25) (69, 69) (65, 65) (40, 40) (85, 85) (19, 19) (88, 88) (78, 78) (35, 35) (53, 53) (46, 46) (73, 73) (16, 16) 
(36, 36) (18, 18) (36, 36) (34, 34) (64, 64) (80, 80) (87, 87) (40, 40) (39, 39) (63, 63) (42, 42) (74, 74) (34, 34) (87, 87) (49, 49) 
(84, 84) (79, 79) (63, 63) (15, 15) (73, 73) (1, 1) (58, 58) (27, 27) (67, 67) (81, 81) (18, 18) (35, 35) (52, 52) (34, 34) (95, 95) 
(64, 64) (48, 48) (82, 82) (1, 1) (11, 11) (19, 19) (27, 27) (93, 93) (42, 42) (83, 83) (12, 12) (37, 37) (55, 55) (66, 66) (42, 42) 
(77, 77) (13, 13) (55, 55) (15, 15) (72, 72) (20, 20) (71, 71) (45, 45) (39, 39) (61, 61) (73, 73) (93, 93) (34, 34) (62, 62) (66, 66) 
(68, 68) (15, 15) (97, 97) (85, 85) (81, 81) (53, 53) (49, 49) (70, 70) (96, 96) (65, 65) (72, 72) (76, 76) (71, 71) (81, 81) (77, 77) 
(62, 62) (84, 84) (58, 58) (36, 36) (63, 63) (69, 69) (10, 10) (51, 51) (34, 34) (27, 27) (19, 19) (98, 98) (21, 21) (16, 16) (23, 23) 
(60, 60) (17, 17) (89, 89) (87, 87) (52, 52) (80, 80) (17, 17) (30, 30) (82, 82) (50, 50) (53, 53) (78, 78) (69, 69) (77, 77) (67, 67) 
(56, 56) (40, 40) (32, 32) (37, 37) (37, 37) (12, 12) (11, 11) (36, 36) (85, 85) (89, 89) (85, 85) (32, 32) (66, 66) (98, 98) (79, 79) 
(32, 32) (56, 56) (22, 22) (95, 95) (55, 55) (20, 20) (46, 46) (8, 8) (68, 68) (49, 49) (86, 86) (92, 92) (25, 25) (24, 24) (13, 13) 
(53, 53) (1, 1) (92, 92) (65, 65) (10, 10) (92, 92) (92, 92) (48, 48) (39, 39) (53, 53) (49, 49) (26, 26) (75, 75) (84, 84) (2, 2) 
(14, 14) (67, 67) (84, 84) (31, 31) (61, 61) (63, 63) (24, 24) (51, 51) (22, 22) (33, 33) (54, 54) (8, 8) (38, 38) (7, 7) (67, 67) 
(68, 68) (10, 10) (55, 55) (30, 30) (26, 26) (17, 17) (4, 4) (98, 98) (55, 55) (45, 45) (27, 27) (76, 76) (96, 96) (65, 65) (60, 60) 
(9, 9) (24, 24) (22, 22) (40, 40) (47, 47) (73, 73) (72, 72) (70, 70) (66, 66) (19, 19) (3, 3) (97, 97) (98, 98) (85, 85) (51, 51) 
(54, 54) (19, 19) (72, 72) (38, 38) (18, 18) (84, 84) (71, 71) (80, 80) (46, 46) (25, 25) (29, 29) (57, 57) (92, 92) (41, 41) (75, 75) 
(16, 16) (79, 79) (53, 53) (98, 98) (8, 8) (20, 20) (2, 2) (64, 64) (61, 61) (78, 78) (91, 91) (35, 35) (55, 55) (92, 92) (78, 78) 
