NUMERO DE TRABAJOS
30
NUMERO DE RECURSOS
15
SECUENCIA DE MAQUINAS
7 0 12 5 11 10 8 2 13 6 4 3 1 14 9 
7 11 6 10 3 1 4 2 14 8 12 13 9 5 0 
1 2 8 5 4 10 12 14 13 6 7 9 11 0 3 
7 5 2 10 1 3 13 6 8 12 4 14 11 9 0 
13 12 0 9 3 5 10 14 4 8 1 6 11 7 2 
8 6 4 3 5 11 0 12 9 1 13 2 14 7 10 
3 9 5 13 8 14 12 10 2 0 1 6 7 4 11 
6 8 14 3 10 11 12 4 7 1 9 13 2 5 0 
12 8 3 0 14 6 11 10 13 1 7 5 9 2 4 
14 12 10 11 3 5 8 2 9 13 0 4 7 1 6 
11 13 7 9 12 14 2 5 8 6 10 3 4 1 0 
9 10 11 4 13 8 1 2 14 0 5 12 6 3 7 
9 3 6 4 10 8 12 5 1 14 11 13 0 2 7 
13 7 5 14 0 6 12 9 11 3 2 1 4 10 8 
10 2 9 5 3 14 13 1 4 0 7 12 11 8 6 
1 4 3 9 14 0 5 7 2 11 8 10 12 6 13 
13 3 5 9 7 1 4 10 6 11 0 14 12 2 8 
14 0 1 9 7 11 10 13 6 12 2 5 4 3 8 
7 5 11 14 8 13 3 6 9 4 1 2 10 0 12 
5 1 8 2 6 9 12 7 4 10 13 3 14 0 11 
8 5 1 11 10 6 7 4 12 13 0 9 3 14 2 
9 2 5 4 0 8 14 10 3 1 6 11 13 7 12 
14 1 0 12 10 13 6 3 8 11 5 4 2 9 7 
10 12 1 7 5 8 11 9 14 3 2 6 4 0 13 
13 2 1 5 4 8 14 0 11 10 7 12 6 3 9 
1 13 10 0 12 11 4 3 7 9 8 5 14 6 2 
5 7 10 14 12 11 2 0 9 13 4 6 1 3 8 
11 10 9 7 8 1 3 6 2 12 0 14 13 4 5 
2 8 0 10 1 13 5 12 3 11 4 7 14 6 9 
1 8 5 3 6 13 11 0 4 9 10 12 2 7 14 
DURACIONES
(7, 7) (11, 11) (34, 34) (56, 56) (14, 14) (33, 33) (95, 95) (64, 64) (12, 12) (22, 22) (87, 87) (32, 32) (54, 54) (5, 5) (55, 55) 
(57, 57) (11, 11) (33, 33) (56, 56) (9, 9) (71, 71) (99, 99) (31, 31) (52, 52) (33, 33) (96, 96) (46, 46) (1, 1) (48, 48) (55, 55) 
(90, 90) (57, 57) (80, 80) (8, 8) (36, 36) (7, 7) (41, 41) (31, 31) (31, 31) (48, 48) (68, 68) (19, 19) (25, 25) (38, 38) (88, 88) 
(87, 87) (24, 24) (1, 1) (49, 49) (63, 63) (27, 27) (98, 98) (22, 22) (35, 35) (18, 18) (7, 7) (55, 55) (55, 55) (87, 87) (29, 29) 
(33, 33) (36, 36) (75, 75) (17, 17) (8, 8) (55, 55) (53, 53) (31, 31) (95, 95) (31, 31) (67, 67) (80, 80) (87, 87) (5, 5) (58, 58) 
(75, 75) (25, 25) (76, 76) (72, 72) (78, 78) (22, 22) (81, 81) (37, 37) (27, 27) (85, 85) (71, 71) (16, 16) (86, 86) (78, 78) (14, 14) 
(90, 90) (54, 54) (98, 98) (10, 10) (75, 75) (4, 4) (24, 24) (10, 10) (7, 7) (15, 15) (43, 43) (90, 90) (81, 81) (49, 49) (88, 88) 
(96, 96) (81, 81) (92, 92) (31, 31) (9, 9) (65, 65) (35, 35) (98, 98) (85, 85) (37, 37) (43, 43) (96, 96) (91, 91) (1, 1) (36, 36) 
(40, 40) (45, 45) (94, 94) (21, 21) (87, 87) (68, 68) (35, 35) (63, 63) (37, 37) (53, 53) (98, 98) (94, 94) (6, 6) (25, 25) (72, 72) 
(35, 35) (55, 55) (26, 26) (98, 98) (23, 23) (65, 65) (88, 88) (71, 71) (35, 35) (59, 59) (84, 84) (31, 31) (76, 76) (13, 13) (89, 89) 
(77, 77) (34, 34) (60, 60) (76, 76) (58, 58) (63, 63) (2, 2) (44, 44) (91, 91) (42, 42) (53, 53) (45, 45) (45, 45) (59, 59) (99, 99) 
(6, 6) (56, 56) (47, 47) (95, 95) (36, 36) (63, 63) (85, 85) (47, 47) (60, 60) (35, 35) (82, 82) (90, 90) (30, 30) (76, 76) (94, 94) 
(58, 58) (2, 2) (69, 69) (19, 19) (64, 64) (27, 27) (17, 17) (33, 33) (48, 48) (81, 81) (86, 86) (28, 28) (94, 94) (71, 71) (3, 3) 
(93, 93) (40, 40) (95, 95) (36, 36) (38, 38) (47, 47) (24, 24) (97, 97) (11, 11) (55, 55) (7, 7) (68, 68) (3, 3) (44, 44) (47, 47) 
(79, 79) (33, 33) (65, 65) (57, 57) (55, 55) (78, 78) (31, 31) (60, 60) (79, 79) (25, 25) (76, 76) (96, 96) (5, 5) (5, 5) (38, 38) 
(75, 75) (29, 29) (77, 77) (50, 50) (31, 31) (50, 50) (5, 5) (25, 25) (70, 70) (38, 38) (91, 91) (71, 71) (84, 84) (80, 80) (76, 76) 
(64, 64) (85, 85) (96, 96) (11, 11) (73, 73) (41, 41) (50, 50) (27, 27) (40, 40) (54, 54) (63, 63) (74, 74) (84, 84) (76, 76) (58, 58) 
(66, 66) (75, 75) (54, 54) (4, 4) (16, 16) (6, 6) (89, 89) (29, 29) (3, 3) (10, 10) (93, 93) (53, 53) (8, 8) (59, 59) (22, 22) 
(17, 17) (76, 76) (84, 84) (45, 45) (70, 70) (5, 5) (55, 55) (7, 7) (26, 26) (59, 59) (2, 2) (18, 18) (66, 66) (58, 58) (99, 99) 
(57, 57) (84, 84) (50, 50) (54, 54) (92, 92) (34, 34) (58, 58) (51, 51) (34, 34) (60, 60) (42, 42) (66, 66) (18, 18) (11, 11) (59, 59) 
(85, 85) (31, 31) (29, 29) (18, 18) (46, 46) (29, 29) (49, 49) (37, 37) (42, 42) (18, 18) (77, 77) (67, 67) (61, 61) (46, 46) (91, 91) 
(2, 2) (66, 66) (75, 75) (83, 83) (63, 63) (62, 62) (71, 71) (20, 20) (42, 42) (59, 59) (4, 4) (67, 67) (95, 95) (76, 76) (80, 80) 
(46, 46) (83, 83) (7, 7) (37, 37) (60, 60) (76, 76) (6, 6) (84, 84) (82, 82) (94, 94) (36, 36) (79, 79) (46, 46) (90, 90) (94, 94) 
(8, 8) (60, 60) (99, 99) (70, 70) (22, 22) (91, 91) (68, 68) (87, 87) (11, 11) (51, 51) (66, 66) (19, 19) (28, 28) (47, 47) (66, 66) 
(91, 91) (2, 2) (39, 39) (12, 12) (11, 11) (17, 17) (86, 86) (68, 68) (88, 88) (86, 86) (78, 78) (75, 75) (86, 86) (5, 5) (79, 79) 
(18, 18) (90, 90) (91, 91) (21, 21) (45, 45) (31, 31) (66, 66) (49, 49) (95, 95) (11, 11) (57, 57) (31, 31) (36, 36) (57, 57) (88, 88) 
(56, 56) (18, 18) (45, 45) (9, 9) (4, 4) (2, 2) (96, 96) (60, 60) (45, 45) (57, 57) (5, 5) (49, 49) (90, 90) (31, 31) (97, 97) 
(95, 95) (96, 96) (41, 41) (75, 75) (61, 61) (65, 65) (19, 19) (38, 38) (78, 78) (85, 85) (29, 29) (65, 65) (77, 77) (67, 67) (84, 84) 
(64, 64) (62, 62) (52, 52) (21, 21) (82, 82) (27, 27) (93, 93) (65, 65) (32, 32) (47, 47) (66, 66) (39, 39) (45, 45) (78, 78) (26, 26) 
(22, 22) (52, 52) (36, 36) (31, 31) (41, 41) (92, 92) (98, 98) (68, 68) (57, 57) (32, 32) (82, 82) (39, 39) (83, 83) (48, 48) (85, 85) 
