NUMERO DE TRABAJOS
30
NUMERO DE RECURSOS
15
SECUENCIA DE MAQUINAS
3 11 14 5 8 6 13 0 1 2 9 10 7 12 4 
0 3 4 8 9 10 5 1 12 7 13 14 2 6 11 
12 10 5 8 7 14 11 2 1 6 13 4 9 3 0 
5 0 9 1 8 14 10 7 11 13 3 4 12 2 6 
12 6 3 11 2 8 14 5 0 9 13 4 7 1 10 
6 7 14 13 0 2 8 4 11 9 3 12 10 5 1 
8 12 9 7 11 5 6 14 4 13 0 1 10 2 3 
12 7 10 1 5 4 9 13 2 0 3 6 11 8 14 
8 7 13 12 10 6 1 3 4 2 0 14 5 9 11 
8 7 6 3 14 1 0 2 12 11 10 5 4 9 13 
2 8 13 11 1 5 12 3 6 10 7 4 0 14 9 
1 6 8 4 7 5 13 0 14 11 10 3 12 2 9 
14 13 9 8 7 12 1 4 10 6 2 3 0 5 11 
9 2 6 1 0 3 12 14 8 7 4 5 11 13 10 
11 10 8 3 5 7 2 14 13 6 9 0 4 1 12 
0 13 8 6 3 10 7 11 2 14 5 9 1 4 12 
9 5 1 12 11 2 14 7 4 8 3 6 13 10 0 
13 12 4 2 8 11 14 10 1 3 6 5 7 0 9 
12 14 10 5 2 7 11 13 8 6 3 9 1 0 4 
7 12 0 10 13 8 6 5 9 1 14 3 11 4 2 
6 12 7 11 13 14 3 9 10 4 1 8 2 5 0 
9 2 3 1 10 11 5 8 6 14 0 13 7 12 4 
0 14 1 12 5 8 11 10 13 6 9 2 4 3 7 
8 10 13 5 7 9 6 0 11 12 1 14 4 3 2 
3 10 9 0 5 2 12 4 14 8 6 11 7 1 13 
10 7 12 3 0 8 6 14 5 11 9 4 2 1 13 
0 13 2 12 5 11 6 8 4 9 3 7 10 1 14 
14 3 0 7 8 9 12 10 4 11 13 5 1 2 6 
13 1 5 6 2 14 8 7 9 10 3 11 4 12 0 
10 7 1 14 8 5 2 13 0 4 9 12 11 3 6 
DURACIONES
(4, 4) (27, 27) (90, 90) (76, 76) (76, 76) (16, 16) (38, 38) (72, 72) (80, 80) (94, 94) (97, 97) (5, 5) (44, 44) (9, 9) (23, 23) 
(47, 47) (48, 48) (69, 69) (84, 84) (25, 25) (34, 34) (8, 8) (32, 32) (62, 62) (90, 90) (2, 2) (92, 92) (55, 55) (25, 25) (37, 37) 
(87, 87) (54, 54) (76, 76) (80, 80) (17, 17) (1, 1) (26, 26) (36, 36) (12, 12) (56, 56) (71, 71) (6, 6) (42, 42) (89, 89) (96, 96) 
(25, 25) (11, 11) (69, 69) (38, 38) (98, 98) (50, 50) (98, 98) (50, 50) (19, 19) (76, 76) (6, 6) (95, 95) (19, 19) (37, 37) (34, 34) 
(10, 10) (32, 32) (94, 94) (22, 22) (55, 55) (58, 58) (6, 6) (78, 78) (36, 36) (56, 56) (16, 16) (22, 22) (59, 59) (41, 41) (63, 63) 
(12, 12) (59, 59) (95, 95) (93, 93) (93, 93) (7, 7) (95, 95) (10, 10) (23, 23) (48, 48) (84, 84) (64, 64) (14, 14) (90, 90) (69, 69) 
(43, 43) (1, 1) (27, 27) (30, 30) (25, 25) (3, 3) (94, 94) (77, 77) (6, 6) (42, 42) (17, 17) (76, 76) (29, 29) (63, 63) (59, 59) 
(14, 14) (59, 59) (27, 27) (59, 59) (56, 56) (6, 6) (48, 48) (43, 43) (27, 27) (27, 27) (43, 43) (32, 32) (11, 11) (5, 5) (25, 25) 
(14, 14) (47, 47) (21, 21) (32, 32) (29, 29) (40, 40) (63, 63) (25, 25) (49, 49) (4, 4) (67, 67) (27, 27) (9, 9) (75, 75) (15, 15) 
(70, 70) (97, 97) (52, 52) (22, 22) (87, 87) (87, 87) (36, 36) (86, 86) (2, 2) (93, 93) (1, 1) (16, 16) (70, 70) (99, 99) (43, 43) 
(5, 5) (28, 28) (77, 77) (23, 23) (63, 63) (69, 69) (35, 35) (22, 22) (90, 90) (46, 46) (67, 67) (63, 63) (63, 63) (24, 24) (79, 79) 
(69, 69) (25, 25) (65, 65) (29, 29) (51, 51) (88, 88) (70, 70) (25, 25) (58, 58) (20, 20) (24, 24) (38, 38) (34, 34) (71, 71) (66, 66) 
(4, 4) (4, 4) (34, 34) (21, 21) (60, 60) (55, 55) (70, 70) (68, 68) (80, 80) (56, 56) (29, 29) (97, 97) (84, 84) (66, 66) (50, 50) 
(88, 88) (81, 81) (50, 50) (38, 38) (52, 52) (7, 7) (33, 33) (46, 46) (59, 59) (38, 38) (14, 14) (66, 66) (72, 72) (80, 80) (97, 97) 
(35, 35) (88, 88) (98, 98) (78, 78) (86, 86) (13, 13) (94, 94) (25, 25) (50, 50) (76, 76) (89, 89) (41, 41) (53, 53) (10, 10) (99, 99) 
(42, 42) (16, 16) (44, 44) (40, 40) (35, 35) (71, 71) (52, 52) (35, 35) (98, 98) (73, 73) (92, 92) (44, 44) (35, 35) (79, 79) (17, 17) 
(46, 46) (55, 55) (74, 74) (80, 80) (89, 89) (61, 61) (34, 34) (75, 75) (39, 39) (47, 47) (70, 70) (84, 84) (26, 26) (44, 44) (82, 82) 
(77, 77) (40, 40) (43, 43) (76, 76) (69, 69) (42, 42) (25, 25) (34, 34) (8, 8) (77, 77) (57, 57) (56, 56) (80, 80) (12, 12) (89, 89) 
(96, 96) (53, 53) (3, 3) (49, 49) (76, 76) (37, 37) (50, 50) (73, 73) (98, 98) (44, 44) (89, 89) (2, 2) (1, 1) (99, 99) (89, 89) 
(7, 7) (91, 91) (32, 32) (44, 44) (2, 2) (66, 66) (62, 62) (22, 22) (23, 23) (92, 92) (70, 70) (31, 31) (10, 10) (94, 94) (89, 89) 
(46, 46) (15, 15) (23, 23) (70, 70) (57, 57) (67, 67) (58, 58) (92, 92) (66, 66) (55, 55) (13, 13) (33, 33) (64, 64) (36, 36) (21, 21) 
(39, 39) (35, 35) (90, 90) (67, 67) (70, 70) (94, 94) (48, 48) (76, 76) (93, 93) (46, 46) (34, 34) (58, 58) (74, 74) (49, 49) (80, 80) 
(99, 99) (10, 10) (90, 90) (60, 60) (5, 5) (17, 17) (24, 24) (83, 83) (37, 37) (59, 59) (17, 17) (99, 99) (42, 42) (72, 72) (36, 36) 
(94, 94) (69, 69) (47, 47) (96, 96) (30, 30) (29, 29) (22, 22) (26, 26) (99, 99) (13, 13) (59, 59) (66, 66) (89, 89) (1, 1) (24, 24) 
(91, 91) (21, 21) (42, 42) (79, 79) (8, 8) (9, 9) (66, 66) (1, 1) (59, 59) (36, 36) (54, 54) (52, 52) (87, 87) (82, 82) (33, 33) 
(31, 31) (93, 93) (68, 68) (72, 72) (22, 22) (85, 85) (40, 40) (76, 76) (48, 48) (83, 83) (89, 89) (83, 83) (43, 43) (69, 69) (67, 67) 
(64, 64) (59, 59) (63, 63) (54, 54) (21, 21) (79, 79) (35, 35) (95, 95) (7, 7) (67, 67) (15, 15) (89, 89) (54, 54) (98, 98) (26, 26) 
(14, 14) (93, 93) (87, 87) (15, 15) (40, 40) (20, 20) (61, 61) (8, 8) (8, 8) (57, 57) (14, 14) (90, 90) (16, 16) (36, 36) (59, 59) 
(2, 2) (87, 87) (8, 8) (2, 2) (12, 12) (35, 35) (6, 6) (73, 73) (82, 82) (37, 37) (19, 19) (81, 81) (19, 19) (12, 12) (60, 60) 
(4, 4) (9, 9) (7, 7) (59, 59) (29, 29) (39, 39) (55, 55) (18, 18) (70, 70) (14, 14) (47, 47) (75, 75) (78, 78) (99, 99) (9, 9) 
