NUMERO DE TRABAJOS
30
NUMERO DE RECURSOS
15
SECUENCIA DE MAQUINAS
2 13 9 1 4 0 14 12 6 11 5 7 3 8 10 
3 11 14 1 5 0 8 10 2 4 6 9 12 13 7 
2 8 6 5 4 7 0 14 11 1 10 12 3 13 9 
6 0 8 7 4 9 2 14 12 10 11 1 3 5 13 
12 3 5 0 10 11 13 6 7 4 8 2 1 14 9 
11 1 3 0 5 8 7 10 4 2 6 9 12 14 13 
10 1 11 5 9 4 13 3 7 0 8 6 14 12 2 
12 1 4 5 13 9 2 14 7 3 11 8 6 10 0 
10 14 11 9 4 0 3 2 6 8 5 13 7 1 12 
14 2 3 1 5 9 10 4 11 0 8 7 6 13 12 
7 6 12 1 2 11 3 14 4 13 5 0 8 9 10 
14 3 13 0 7 12 6 1 11 10 2 8 9 4 5 
3 11 13 8 2 1 10 14 4 9 12 5 6 0 7 
8 0 13 1 6 14 10 4 5 11 2 9 7 12 3 
5 12 4 6 14 8 3 7 13 9 1 10 2 11 0 
2 5 12 11 1 4 7 14 0 9 8 6 3 13 10 
10 3 1 4 7 5 2 0 14 12 8 6 13 9 11 
2 6 13 4 3 8 7 5 14 10 9 12 1 11 0 
2 0 6 11 5 12 7 14 13 4 3 1 10 8 9 
6 5 2 3 0 7 10 1 14 4 8 13 9 11 12 
5 13 2 14 11 0 6 4 1 9 7 10 12 3 8 
12 6 0 14 9 10 5 4 7 3 8 13 11 1 2 
1 5 10 4 12 3 0 7 8 14 9 13 11 2 6 
13 3 8 2 14 6 10 7 9 1 4 0 5 11 12 
8 1 3 12 0 2 4 6 14 9 13 11 5 7 10 
2 0 7 5 11 8 13 1 14 9 4 10 6 12 3 
7 6 9 11 10 13 12 0 5 1 4 3 8 2 14 
7 0 14 10 3 2 11 5 12 1 6 4 8 13 9 
10 14 5 1 6 4 13 8 2 11 0 9 12 3 7 
13 1 2 0 6 12 10 7 9 5 3 11 4 8 14 
DURACIONES
(96, 96) (86, 86) (75, 75) (3, 3) (97, 97) (88, 88) (88, 88) (66, 66) (16, 16) (63, 63) (73, 73) (3, 3) (63, 63) (91, 91) (33, 33) 
(21, 21) (33, 33) (38, 38) (94, 94) (79, 79) (36, 36) (50, 50) (83, 83) (4, 4) (83, 83) (7, 7) (26, 26) (87, 87) (15, 15) (90, 90) 
(88, 88) (37, 37) (94, 94) (65, 65) (24, 24) (86, 86) (96, 96) (94, 94) (81, 81) (2, 2) (93, 93) (5, 5) (23, 23) (45, 45) (11, 11) 
(62, 62) (61, 61) (37, 37) (1, 1) (10, 10) (21, 21) (88, 88) (24, 24) (61, 61) (42, 42) (54, 54) (92, 92) (4, 4) (38, 38) (9, 9) 
(52, 52) (87, 87) (37, 37) (27, 27) (76, 76) (69, 69) (76, 76) (74, 74) (86, 86) (46, 46) (84, 84) (48, 48) (16, 16) (91, 91) (28, 28) 
(35, 35) (53, 53) (46, 46) (99, 99) (17, 17) (78, 78) (84, 84) (88, 88) (60, 60) (53, 53) (27, 27) (33, 33) (88, 88) (75, 75) (13, 13) 
(79, 79) (72, 72) (25, 25) (52, 52) (24, 24) (98, 98) (4, 4) (99, 99) (17, 17) (52, 52) (85, 85) (48, 48) (85, 85) (99, 99) (72, 72) 
(77, 77) (80, 80) (44, 44) (73, 73) (46, 46) (60, 60) (25, 25) (67, 67) (18, 18) (17, 17) (4, 4) (73, 73) (32, 32) (67, 67) (6, 6) 
(51, 51) (26, 26) (29, 29) (57, 57) (54, 54) (16, 16) (41, 41) (2, 2) (15, 15) (88, 88) (47, 47) (10, 10) (2, 2) (75, 75) (16, 16) 
(27, 27) (1, 1) (88, 88) (44, 44) (17, 17) (20, 20) (50, 50) (40, 40) (40, 40) (65, 65) (10, 10) (50, 50) (11, 11) (36, 36) (81, 81) 
(6, 6) (36, 36) (67, 67) (73, 73) (30, 30) (97, 97) (62, 62) (11, 11) (80, 80) (25, 25) (60, 60) (42, 42) (42, 42) (40, 40) (55, 55) 
(59, 59) (86, 86) (89, 89) (8, 8) (4, 4) (16, 16) (67, 67) (43, 43) (74, 74) (97, 97) (3, 3) (12, 12) (55, 55) (3, 3) (29, 29) 
(22, 22) (88, 88) (39, 39) (91, 91) (25, 25) (23, 23) (38, 38) (14, 14) (72, 72) (87, 87) (78, 78) (42, 42) (3, 3) (31, 31) (83, 83) 
(74, 74) (69, 69) (59, 59) (74, 74) (61, 61) (83, 83) (82, 82) (43, 43) (42, 42) (43, 43) (20, 20) (51, 51) (7, 7) (5, 5) (7, 7) 
(75, 75) (71, 71) (45, 45) (92, 92) (9, 9) (48, 48) (20, 20) (28, 28) (25, 25) (14, 14) (61, 61) (39, 39) (65, 65) (28, 28) (49, 49) 
(94, 94) (12, 12) (33, 33) (35, 35) (57, 57) (33, 33) (22, 22) (47, 47) (87, 87) (47, 47) (61, 61) (42, 42) (84, 84) (12, 12) (58, 58) 
(71, 71) (35, 35) (70, 70) (67, 67) (86, 86) (42, 42) (72, 72) (52, 52) (73, 73) (44, 44) (96, 96) (42, 42) (96, 96) (3, 3) (94, 94) 
(70, 70) (30, 30) (48, 48) (57, 57) (66, 66) (95, 95) (95, 95) (17, 17) (64, 64) (70, 70) (6, 6) (99, 99) (63, 63) (33, 33) (27, 27) 
(80, 80) (93, 93) (15, 15) (86, 86) (33, 33) (65, 65) (44, 44) (22, 22) (86, 86) (93, 93) (92, 92) (88, 88) (65, 65) (39, 39) (14, 14) 
(91, 91) (42, 42) (14, 14) (17, 17) (50, 50) (16, 16) (2, 2) (36, 36) (47, 47) (11, 11) (34, 34) (29, 29) (71, 71) (78, 78) (55, 55) 
(76, 76) (67, 67) (35, 35) (93, 93) (13, 13) (58, 58) (24, 24) (10, 10) (6, 6) (49, 49) (40, 40) (61, 61) (72, 72) (97, 97) (17, 17) 
(89, 89) (86, 86) (45, 45) (59, 59) (16, 16) (52, 52) (39, 39) (83, 83) (11, 11) (56, 56) (30, 30) (60, 60) (80, 80) (43, 43) (4, 4) 
(49, 49) (44, 44) (3, 3) (73, 73) (49, 49) (63, 63) (20, 20) (68, 68) (40, 40) (37, 37) (17, 17) (66, 66) (92, 92) (82, 82) (5, 5) 
(69, 69) (57, 57) (34, 34) (67, 67) (73, 73) (60, 60) (93, 93) (1, 1) (43, 43) (67, 67) (85, 85) (80, 80) (80, 80) (81, 81) (98, 98) 
(55, 55) (27, 27) (50, 50) (96, 96) (42, 42) (76, 76) (33, 33) (82, 82) (82, 82) (87, 87) (93, 93) (42, 42) (20, 20) (97, 97) (15, 15) 
(8, 8) (79, 79) (24, 24) (19, 19) (73, 73) (82, 82) (47, 47) (90, 90) (97, 97) (93, 93) (69, 69) (47, 47) (68, 68) (44, 44) (54, 54) 
(52, 52) (11, 11) (98, 98) (44, 44) (14, 14) (38, 38) (57, 57) (50, 50) (40, 40) (89, 89) (2, 2) (73, 73) (19, 19) (40, 40) (96, 96) 
(5, 5) (52, 52) (45, 45) (17, 17) (94, 94) (44, 44) (9, 9) (18, 18) (37, 37) (84, 84) (28, 28) (78, 78) (28, 28) (68, 68) (64, 64) 
(23, 23) (63, 63) (57, 57) (57, 57) (22, 22) (71, 71) (69, 69) (15, 15) (19, 19) (88, 88) (25, 25) (83, 83) (62, 62) (54, 54) (68, 68) 
(47, 47) (96, 96) (11, 11) (99, 99) (28, 28) (8, 8) (50, 50) (18, 18) (97, 97) (10, 10) (54, 54) (50, 50) (67, 67) (16, 16) (79, 79) 
