NUMERO DE TRABAJOS
30
NUMERO DE RECURSOS
15
SECUENCIA DE MAQUINAS
4 12 9 11 5 14 10 0 2 1 7 6 3 8 13 
0 9 14 12 1 4 11 10 6 3 2 7 8 5 13 
0 5 3 8 7 14 12 13 9 4 10 2 11 6 1 
6 5 3 4 14 8 12 10 7 2 1 9 11 0 13 
8 13 10 0 6 2 7 12 11 14 1 5 3 9 4 
5 9 13 2 11 0 7 14 4 6 12 10 8 1 3 
9 10 7 8 1 4 6 13 14 12 0 3 2 11 5 
7 9 11 13 10 1 5 14 8 2 4 6 0 12 3 
10 3 2 14 12 13 8 6 11 0 1 9 7 5 4 
11 3 10 1 0 14 13 2 5 4 7 6 9 8 12 
5 2 9 8 3 4 10 12 1 11 13 7 14 6 0 
13 14 1 0 9 2 4 11 3 5 12 6 8 10 7 
1 14 12 9 5 11 3 10 13 4 0 2 8 6 7 
11 4 13 14 7 6 2 9 1 12 0 5 3 8 10 
6 13 0 5 11 9 3 12 2 8 10 4 14 1 7 
8 4 7 13 6 14 9 1 12 5 2 3 0 10 11 
7 11 2 12 10 1 5 14 3 8 6 0 9 4 13 
6 8 9 13 10 3 14 12 7 1 4 0 5 2 11 
12 10 7 4 1 11 0 6 3 8 14 5 2 13 9 
9 5 12 11 2 7 0 13 14 1 6 8 3 10 4 
7 3 13 8 6 11 2 14 4 9 10 1 5 0 12 
0 1 2 6 14 5 3 12 10 13 7 4 9 8 11 
1 3 6 5 2 8 0 7 10 14 12 11 9 13 4 
6 11 9 13 3 0 1 10 12 2 14 4 7 5 8 
2 3 0 4 9 1 12 5 10 8 13 14 6 7 11 
7 4 9 11 3 5 1 10 14 12 8 2 13 6 0 
9 12 7 5 2 10 4 14 8 6 1 0 3 11 13 
10 14 11 0 4 13 1 9 7 6 5 12 3 8 2 
13 14 5 4 6 1 0 12 11 3 10 2 9 7 8 
14 6 8 2 7 5 11 10 4 0 3 13 1 12 9 
DURACIONES
(96, 96) (47, 47) (40, 40) (68, 68) (49, 49) (91, 91) (57, 57) (81, 81) (87, 87) (6, 6) (82, 82) (47, 47) (97, 97) (94, 94) (75, 75) 
(42, 42) (55, 55) (82, 82) (61, 61) (67, 67) (79, 79) (39, 39) (43, 43) (62, 62) (41, 41) (78, 78) (36, 36) (8, 8) (21, 21) (91, 91) 
(52, 52) (28, 28) (48, 48) (25, 25) (2, 2) (98, 98) (95, 95) (7, 7) (68, 68) (96, 96) (72, 72) (50, 50) (68, 68) (54, 54) (37, 37) 
(81, 81) (59, 59) (46, 46) (61, 61) (43, 43) (71, 71) (24, 24) (71, 71) (30, 30) (87, 87) (86, 86) (10, 10) (10, 10) (93, 93) (94, 94) 
(30, 30) (71, 71) (65, 65) (13, 13) (30, 30) (22, 22) (46, 46) (70, 70) (88, 88) (78, 78) (79, 79) (57, 57) (71, 71) (58, 58) (36, 36) 
(68, 68) (32, 32) (32, 32) (15, 15) (98, 98) (95, 95) (57, 57) (66, 66) (43, 43) (31, 31) (34, 34) (60, 60) (73, 73) (56, 56) (40, 40) 
(27, 27) (42, 42) (24, 24) (12, 12) (22, 22) (57, 57) (93, 93) (58, 58) (67, 67) (64, 64) (30, 30) (16, 16) (21, 21) (19, 19) (33, 33) 
(43, 43) (51, 51) (53, 53) (62, 62) (58, 58) (38, 38) (84, 84) (65, 65) (87, 87) (26, 26) (95, 95) (61, 61) (77, 77) (49, 49) (49, 49) 
(93, 93) (81, 81) (55, 55) (59, 59) (70, 70) (68, 68) (97, 97) (57, 57) (48, 48) (92, 92) (82, 82) (89, 89) (87, 87) (13, 13) (54, 54) 
(60, 60) (33, 33) (66, 66) (96, 96) (23, 23) (36, 36) (28, 28) (53, 53) (78, 78) (78, 78) (94, 94) (72, 72) (47, 47) (28, 28) (87, 87) 
(98, 98) (89, 89) (27, 27) (34, 34) (88, 88) (15, 15) (64, 64) (5, 5) (4, 4) (63, 63) (69, 69) (82, 82) (29, 29) (53, 53) (69, 69) 
(97, 97) (87, 87) (50, 50) (68, 68) (76, 76) (74, 74) (89, 89) (15, 15) (5, 5) (2, 2) (79, 79) (59, 59) (93, 93) (19, 19) (86, 86) 
(60, 60) (47, 47) (13, 13) (62, 62) (95, 95) (67, 67) (89, 89) (11, 11) (29, 29) (52, 52) (62, 62) (31, 31) (51, 51) (55, 55) (39, 39) 
(76, 76) (92, 92) (85, 85) (20, 20) (61, 61) (14, 14) (62, 62) (52, 52) (5, 5) (63, 63) (29, 29) (85, 85) (79, 79) (52, 52) (51, 51) 
(61, 61) (45, 45) (93, 93) (51, 51) (97, 97) (46, 46) (88, 88) (28, 28) (57, 57) (45, 45) (23, 23) (91, 91) (66, 66) (73, 73) (41, 41) 
(49, 49) (58, 58) (32, 32) (30, 30) (59, 59) (57, 57) (14, 14) (33, 33) (14, 14) (59, 59) (41, 41) (59, 59) (50, 50) (67, 67) (53, 53) 
(94, 94) (52, 52) (7, 7) (51, 51) (8, 8) (99, 99) (97, 97) (66, 66) (98, 98) (58, 58) (52, 52) (43, 43) (80, 80) (23, 23) (18, 18) 
(97, 97) (57, 57) (72, 72) (97, 97) (12, 12) (70, 70) (33, 33) (72, 72) (14, 14) (2, 2) (99, 99) (30, 30) (18, 18) (95, 95) (2, 2) 
(64, 64) (75, 75) (63, 63) (14, 14) (55, 55) (10, 10) (89, 89) (89, 89) (24, 24) (32, 32) (70, 70) (79, 79) (71, 71) (42, 42) (14, 14) 
(1, 1) (82, 82) (27, 27) (22, 22) (44, 44) (97, 97) (76, 76) (16, 16) (27, 27) (24, 24) (98, 98) (25, 25) (82, 82) (75, 75) (15, 15) 
(26, 26) (4, 4) (18, 18) (51, 51) (47, 47) (27, 27) (6, 6) (84, 84) (72, 72) (29, 29) (91, 91) (76, 76) (78, 78) (36, 36) (93, 93) 
(35, 35) (39, 39) (89, 89) (53, 53) (85, 85) (7, 7) (90, 90) (16, 16) (70, 70) (49, 49) (73, 73) (13, 13) (12, 12) (89, 89) (9, 9) 
(56, 56) (40, 40) (51, 51) (47, 47) (77, 77) (65, 65) (84, 84) (93, 93) (54, 54) (66, 66) (6, 6) (36, 36) (87, 87) (41, 41) (7, 7) 
(56, 56) (1, 1) (57, 57) (45, 45) (3, 3) (14, 14) (74, 74) (29, 29) (65, 65) (43, 43) (13, 13) (42, 42) (67, 67) (45, 45) (78, 78) 
(81, 81) (72, 72) (99, 99) (52, 52) (69, 69) (39, 39) (74, 74) (47, 47) (29, 29) (73, 73) (6, 6) (5, 5) (2, 2) (8, 8) (25, 25) 
(17, 17) (64, 64) (97, 97) (94, 94) (99, 99) (68, 68) (36, 36) (21, 21) (22, 22) (61, 61) (43, 43) (93, 93) (82, 82) (91, 91) (86, 86) 
(20, 20) (28, 28) (98, 98) (7, 7) (18, 18) (37, 37) (60, 60) (47, 47) (62, 62) (75, 75) (42, 42) (52, 52) (97, 97) (46, 46) (98, 98) 
(9, 9) (15, 15) (85, 85) (55, 55) (7, 7) (6, 6) (3, 3) (27, 27) (11, 11) (31, 31) (90, 90) (81, 81) (5, 5) (86, 86) (30, 30) 
(53, 53) (87, 87) (93, 93) (62, 62) (19, 19) (12, 12) (53, 53) (73, 73) (4, 4) (1, 1) (65, 65) (35, 35) (65, 65) (23, 23) (40, 40) 
(13, 13) (22, 22) (34, 34) (5, 5) (68, 68) (81, 81) (53, 53) (66, 66) (96, 96) (50, 50) (40, 40) (70, 70) (92, 92) (13, 13) (43, 43) 
