NUMERO DE TRABAJOS
30
NUMERO DE RECURSOS
15
SECUENCIA DE MAQUINAS
2 13 1 9 8 12 4 10 11 3 6 7 14 5 0 
6 3 0 10 13 7 4 14 11 5 1 8 12 9 2 
4 6 12 11 0 7 14 13 5 1 9 8 10 2 3 
11 4 14 0 1 9 2 8 5 10 12 3 7 13 6 
0 5 11 1 7 4 14 13 2 6 3 9 8 12 10 
11 5 3 2 0 1 4 12 7 8 13 14 9 6 10 
11 9 6 7 2 14 12 5 1 3 10 13 4 8 0 
4 11 8 2 5 6 12 7 13 0 9 1 10 3 14 
1 2 12 7 5 13 10 9 4 14 0 8 11 6 3 
11 12 8 7 10 3 6 9 2 1 0 13 4 5 14 
3 2 14 7 9 6 10 0 11 1 5 8 12 13 4 
1 5 13 6 8 10 3 2 12 0 9 4 14 7 11 
2 8 13 5 9 0 12 1 6 3 7 11 14 4 10 
11 12 9 13 10 4 5 7 8 3 2 0 1 14 6 
11 13 12 7 6 5 0 1 3 9 4 8 14 10 2 
0 2 1 6 9 3 12 5 13 8 7 4 14 10 11 
14 8 1 3 13 4 0 2 10 11 12 6 7 9 5 
3 5 10 1 4 6 8 14 7 11 12 9 13 2 0 
0 12 1 13 3 4 9 14 11 10 8 5 2 7 6 
1 9 13 7 0 10 2 11 14 12 8 6 4 3 5 
4 2 3 12 13 10 6 7 9 8 14 11 5 0 1 
8 11 3 6 12 2 10 9 7 4 13 14 0 5 1 
4 1 6 10 8 3 11 12 2 9 0 5 14 13 7 
13 9 5 12 6 8 3 1 7 2 11 14 4 10 0 
3 10 14 5 11 7 8 13 1 6 4 9 12 0 2 
0 12 6 1 4 9 7 10 14 5 13 11 8 3 2 
10 2 0 5 4 9 13 14 12 8 7 3 1 6 11 
9 3 8 13 4 6 14 5 2 12 0 10 11 1 7 
14 2 6 10 1 5 11 7 0 9 13 4 12 8 3 
6 7 12 5 4 9 1 13 2 10 8 14 11 0 3 
DURACIONES
(81, 81) (59, 59) (8, 8) (88, 88) (14, 14) (18, 18) (22, 22) (52, 52) (75, 75) (33, 33) (23, 23) (69, 69) (42, 42) (26, 26) (54, 54) 
(4, 4) (79, 79) (76, 76) (59, 59) (42, 42) (28, 28) (75, 75) (60, 60) (41, 41) (14, 14) (99, 99) (58, 58) (41, 41) (66, 66) (1, 1) 
(37, 37) (63, 63) (46, 46) (79, 79) (38, 38) (44, 44) (18, 18) (45, 45) (55, 55) (78, 78) (79, 79) (27, 27) (6, 6) (21, 21) (70, 70) 
(58, 58) (63, 63) (56, 56) (27, 27) (37, 37) (51, 51) (37, 37) (31, 31) (24, 24) (73, 73) (7, 7) (72, 72) (34, 34) (32, 32) (27, 27) 
(95, 95) (33, 33) (81, 81) (23, 23) (26, 26) (12, 12) (32, 32) (60, 60) (89, 89) (78, 78) (20, 20) (35, 35) (35, 35) (34, 34) (17, 17) 
(64, 64) (11, 11) (58, 58) (70, 70) (31, 31) (74, 74) (82, 82) (31, 31) (65, 65) (90, 90) (63, 63) (81, 81) (80, 80) (70, 70) (82, 82) 
(99, 99) (28, 28) (63, 63) (81, 81) (86, 86) (10, 10) (7, 7) (17, 17) (22, 22) (45, 45) (92, 92) (1, 1) (37, 37) (37, 37) (43, 43) 
(86, 86) (92, 92) (74, 74) (93, 93) (42, 42) (28, 28) (59, 59) (77, 77) (81, 81) (41, 41) (11, 11) (45, 45) (62, 62) (22, 22) (57, 57) 
(12, 12) (90, 90) (70, 70) (89, 89) (37, 37) (56, 56) (21, 21) (74, 74) (63, 63) (39, 39) (37, 37) (83, 83) (78, 78) (66, 66) (6, 6) 
(38, 38) (67, 67) (27, 27) (11, 11) (45, 45) (21, 21) (73, 73) (47, 47) (31, 31) (24, 24) (59, 59) (91, 91) (46, 46) (48, 48) (42, 42) 
(63, 63) (17, 17) (59, 59) (27, 27) (81, 81) (7, 7) (19, 19) (52, 52) (74, 74) (9, 9) (50, 50) (59, 59) (41, 41) (64, 64) (96, 96) 
(81, 81) (91, 91) (10, 10) (46, 46) (65, 65) (73, 73) (59, 59) (93, 93) (75, 75) (47, 47) (61, 61) (86, 86) (65, 65) (29, 29) (21, 21) 
(63, 63) (9, 9) (81, 81) (37, 37) (32, 32) (62, 62) (93, 93) (63, 63) (53, 53) (99, 99) (62, 62) (10, 10) (85, 85) (43, 43) (25, 25) 
(26, 26) (46, 46) (7, 7) (50, 50) (68, 68) (81, 81) (88, 88) (66, 66) (90, 90) (51, 51) (62, 62) (29, 29) (87, 87) (41, 41) (8, 8) 
(90, 90) (8, 8) (63, 63) (57, 57) (23, 23) (5, 5) (20, 20) (6, 6) (31, 31) (42, 42) (86, 86) (76, 76) (98, 98) (45, 45) (86, 86) 
(11, 11) (94, 94) (42, 42) (95, 95) (43, 43) (51, 51) (42, 42) (39, 39) (82, 82) (1, 1) (96, 96) (36, 36) (74, 74) (74, 74) (74, 74) 
(12, 12) (77, 77) (13, 13) (31, 31) (9, 9) (39, 39) (57, 57) (25, 25) (55, 55) (60, 60) (87, 87) (55, 55) (85, 85) (12, 12) (78, 78) 
(55, 55) (4, 4) (12, 12) (42, 42) (46, 46) (89, 89) (44, 44) (33, 33) (15, 15) (73, 73) (47, 47) (72, 72) (81, 81) (79, 79) (6, 6) 
(77, 77) (44, 44) (62, 62) (17, 17) (70, 70) (19, 19) (69, 69) (70, 70) (30, 30) (97, 97) (82, 82) (36, 36) (19, 19) (33, 33) (50, 50) 
(98, 98) (42, 42) (4, 4) (26, 26) (84, 84) (34, 34) (3, 3) (59, 59) (52, 52) (70, 70) (49, 49) (42, 42) (6, 6) (7, 7) (6, 6) 
(2, 2) (84, 84) (1, 1) (76, 76) (10, 10) (2, 2) (75, 75) (10, 10) (97, 97) (3, 3) (18, 18) (53, 53) (31, 31) (84, 84) (17, 17) 
(63, 63) (6, 6) (77, 77) (85, 85) (20, 20) (28, 28) (81, 81) (76, 76) (33, 33) (76, 76) (27, 27) (87, 87) (13, 13) (37, 37) (62, 62) 
(20, 20) (70, 70) (89, 89) (60, 60) (64, 64) (39, 39) (67, 67) (78, 78) (7, 7) (46, 46) (25, 25) (49, 49) (27, 27) (76, 76) (98, 98) 
(3, 3) (22, 22) (9, 9) (66, 66) (39, 39) (51, 51) (30, 30) (92, 92) (94, 94) (8, 8) (24, 24) (27, 27) (88, 88) (9, 9) (65, 65) 
(79, 79) (33, 33) (62, 62) (85, 85) (17, 17) (64, 64) (66, 66) (2, 2) (71, 71) (88, 88) (64, 64) (3, 3) (44, 44) (60, 60) (6, 6) 
(91, 91) (24, 24) (5, 5) (31, 31) (53, 53) (53, 53) (8, 8) (15, 15) (11, 11) (53, 53) (22, 22) (83, 83) (50, 50) (81, 81) (52, 52) 
(87, 87) (62, 62) (84, 84) (91, 91) (53, 53) (17, 17) (72, 72) (13, 13) (92, 92) (92, 92) (16, 16) (13, 13) (13, 13) (69, 69) (44, 44) 
(83, 83) (62, 62) (61, 61) (26, 26) (14, 14) (69, 69) (34, 34) (61, 61) (12, 12) (2, 2) (27, 27) (51, 51) (64, 64) (14, 14) (82, 82) 
(54, 54) (82, 82) (68, 68) (83, 83) (71, 71) (81, 81) (6, 6) (42, 42) (22, 22) (22, 22) (94, 94) (25, 25) (53, 53) (5, 5) (70, 70) 
(67, 67) (72, 72) (47, 47) (35, 35) (78, 78) (34, 34) (67, 67) (86, 86) (89, 89) (69, 69) (46, 46) (57, 57) (87, 87) (22, 22) (87, 87) 
