NUMERO DE TRABAJOS
30
NUMERO DE RECURSOS
15
SECUENCIA DE MAQUINAS
5 3 12 6 9 1 14 4 2 13 10 0 8 11 7 
1 7 0 2 4 11 10 14 5 12 8 3 9 6 13 
9 1 6 4 0 10 5 13 7 11 14 2 3 8 12 
5 8 6 14 1 0 3 11 12 10 7 13 4 2 9 
0 11 1 5 9 13 14 2 7 12 3 8 4 10 6 
12 1 10 7 14 9 0 2 6 13 8 3 11 5 4 
8 12 3 11 6 5 2 7 10 13 14 1 4 0 9 
8 4 10 0 14 2 12 1 6 9 3 13 7 5 11 
12 5 3 8 4 11 7 14 2 1 13 6 9 10 0 
0 9 5 14 1 13 6 11 7 10 4 8 2 3 12 
13 6 4 7 2 8 12 10 5 11 0 1 3 9 14 
6 0 7 8 4 13 2 1 9 14 12 10 5 11 3 
6 0 4 7 2 12 10 8 13 11 14 9 3 5 1 
3 12 5 1 6 4 7 2 11 9 13 14 0 8 10 
11 3 1 13 7 9 8 14 10 4 6 2 12 0 5 
7 13 9 4 10 2 0 6 5 3 8 1 14 11 12 
7 5 14 10 13 6 3 2 9 12 4 8 1 0 11 
13 7 10 1 5 11 8 0 14 6 4 3 12 2 9 
5 10 7 11 14 1 12 0 13 2 4 6 3 9 8 
10 7 5 2 11 14 3 9 0 6 4 12 13 8 1 
11 3 6 2 7 10 1 13 0 4 8 5 14 9 12 
10 9 0 3 4 5 8 11 1 7 6 14 12 13 2 
10 9 0 4 7 2 1 13 6 14 12 8 11 3 5 
6 0 7 13 5 3 14 1 9 12 8 2 4 11 10 
7 6 11 5 13 12 8 4 14 9 0 3 1 2 10 
7 5 10 6 11 13 9 0 12 2 8 14 1 3 4 
13 7 2 9 1 11 0 5 8 10 12 6 3 14 4 
7 9 4 14 13 2 12 3 8 10 0 6 11 5 1 
9 12 7 11 4 5 0 1 13 8 3 10 2 6 14 
10 11 14 13 5 1 12 9 3 6 8 2 0 4 7 
DURACIONES
(20, 20) (56, 56) (69, 69) (15, 15) (6, 6) (75, 75) (84, 84) (24, 24) (64, 64) (37, 37) (79, 79) (95, 95) (27, 27) (60, 60) (35, 35) 
(27, 27) (58, 58) (56, 56) (30, 30) (30, 30) (57, 57) (55, 55) (63, 63) (32, 32) (43, 43) (44, 44) (74, 74) (46, 46) (11, 11) (41, 41) 
(43, 43) (75, 75) (8, 8) (71, 71) (50, 50) (56, 56) (13, 13) (14, 14) (99, 99) (57, 57) (86, 86) (28, 28) (37, 37) (83, 83) (70, 70) 
(68, 68) (66, 66) (27, 27) (33, 33) (47, 47) (73, 73) (87, 87) (70, 70) (21, 21) (22, 22) (30, 30) (10, 10) (11, 11) (10, 10) (17, 17) 
(6, 6) (49, 49) (11, 11) (69, 69) (50, 50) (50, 50) (12, 12) (73, 73) (84, 84) (92, 92) (1, 1) (84, 84) (88, 88) (52, 52) (46, 46) 
(14, 14) (7, 7) (11, 11) (79, 79) (45, 45) (22, 22) (85, 85) (67, 67) (64, 64) (75, 75) (22, 22) (35, 35) (65, 65) (30, 30) (68, 68) 
(67, 67) (17, 17) (58, 58) (20, 20) (45, 45) (55, 55) (53, 53) (10, 10) (3, 3) (66, 66) (63, 63) (36, 36) (93, 93) (40, 40) (85, 85) 
(8, 8) (27, 27) (68, 68) (39, 39) (24, 24) (67, 67) (32, 32) (42, 42) (54, 54) (18, 18) (58, 58) (75, 75) (37, 37) (63, 63) (16, 16) 
(83, 83) (27, 27) (3, 3) (25, 25) (68, 68) (63, 63) (33, 33) (86, 86) (12, 12) (22, 22) (75, 75) (16, 16) (44, 44) (80, 80) (48, 48) 
(93, 93) (54, 54) (81, 81) (14, 14) (69, 69) (66, 66) (20, 20) (2, 2) (6, 6) (88, 88) (7, 7) (73, 73) (66, 66) (66, 66) (81, 81) 
(62, 62) (81, 81) (36, 36) (86, 86) (95, 95) (92, 92) (46, 46) (10, 10) (6, 6) (18, 18) (41, 41) (70, 70) (29, 29) (22, 22) (15, 15) 
(47, 47) (38, 38) (59, 59) (97, 97) (62, 62) (9, 9) (21, 21) (30, 30) (8, 8) (23, 23) (74, 74) (48, 48) (14, 14) (68, 68) (55, 55) 
(67, 67) (26, 26) (3, 3) (83, 83) (73, 73) (19, 19) (12, 12) (81, 81) (15, 15) (34, 34) (88, 88) (54, 54) (35, 35) (58, 58) (69, 69) 
(7, 7) (42, 42) (32, 32) (93, 93) (97, 97) (4, 4) (98, 98) (80, 80) (90, 90) (58, 58) (40, 40) (15, 15) (34, 34) (58, 58) (3, 3) 
(68, 68) (3, 3) (39, 39) (51, 51) (71, 71) (77, 77) (44, 44) (43, 43) (6, 6) (38, 38) (10, 10) (81, 81) (42, 42) (28, 28) (65, 65) 
(29, 29) (12, 12) (64, 64) (55, 55) (77, 77) (20, 20) (78, 78) (39, 39) (88, 88) (47, 47) (81, 81) (41, 41) (18, 18) (7, 7) (40, 40) 
(61, 61) (26, 26) (24, 24) (60, 60) (76, 76) (57, 57) (67, 67) (28, 28) (61, 61) (60, 60) (3, 3) (20, 20) (47, 47) (26, 26) (90, 90) 
(33, 33) (82, 82) (36, 36) (51, 51) (97, 97) (19, 19) (63, 63) (27, 27) (35, 35) (28, 28) (26, 26) (13, 13) (66, 66) (11, 11) (26, 26) 
(49, 49) (71, 71) (99, 99) (67, 67) (77, 77) (20, 20) (96, 96) (1, 1) (88, 88) (21, 21) (81, 81) (84, 84) (49, 49) (92, 92) (7, 7) 
(83, 83) (17, 17) (92, 92) (87, 87) (17, 17) (61, 61) (31, 31) (1, 1) (67, 67) (80, 80) (8, 8) (16, 16) (50, 50) (9, 9) (69, 69) 
(38, 38) (73, 73) (86, 86) (65, 65) (83, 83) (25, 25) (35, 35) (22, 22) (81, 81) (14, 14) (19, 19) (42, 42) (21, 21) (30, 30) (83, 83) 
(67, 67) (61, 61) (96, 96) (44, 44) (13, 13) (38, 38) (51, 51) (90, 90) (84, 84) (30, 30) (13, 13) (60, 60) (20, 20) (14, 14) (82, 82) 
(87, 87) (75, 75) (24, 24) (67, 67) (20, 20) (96, 96) (76, 76) (61, 61) (44, 44) (51, 51) (90, 90) (40, 40) (4, 4) (16, 16) (51, 51) 
(22, 22) (52, 52) (35, 35) (58, 58) (1, 1) (62, 62) (4, 4) (68, 68) (8, 8) (39, 39) (48, 48) (76, 76) (51, 51) (25, 25) (37, 37) 
(34, 34) (51, 51) (27, 27) (40, 40) (11, 11) (96, 96) (81, 81) (88, 88) (90, 90) (32, 32) (62, 62) (52, 52) (91, 91) (54, 54) (96, 96) 
(40, 40) (1, 1) (3, 3) (71, 71) (20, 20) (52, 52) (92, 92) (73, 73) (17, 17) (87, 87) (81, 81) (35, 35) (24, 24) (23, 23) (93, 93) 
(58, 58) (65, 65) (1, 1) (81, 81) (34, 34) (48, 48) (82, 82) (32, 32) (23, 23) (44, 44) (20, 20) (80, 80) (85, 85) (56, 56) (90, 90) 
(82, 82) (61, 61) (68, 68) (65, 65) (48, 48) (88, 88) (2, 2) (76, 76) (37, 37) (72, 72) (18, 18) (11, 11) (33, 33) (24, 24) (65, 65) 
(94, 94) (14, 14) (17, 17) (25, 25) (57, 57) (81, 81) (8, 8) (81, 81) (59, 59) (97, 97) (43, 43) (34, 34) (55, 55) (36, 36) (2, 2) 
(23, 23) (64, 64) (7, 7) (89, 89) (13, 13) (96, 96) (84, 84) (91, 91) (20, 20) (3, 3) (45, 45) (50, 50) (1, 1) (41, 41) (57, 57) 
