NUMERO DE TRABAJOS
30
NUMERO DE RECURSOS
15
SECUENCIA DE MAQUINAS
5 11 1 9 6 4 13 3 7 10 12 14 2 8 0 
11 8 4 9 1 2 12 5 10 13 6 7 14 0 3 
9 2 0 13 10 6 11 3 8 14 12 5 7 4 1 
12 1 13 5 14 0 8 11 7 3 4 6 2 10 9 
5 10 12 8 7 2 14 9 13 4 11 0 6 1 3 
4 11 2 14 12 5 10 8 1 6 9 0 13 3 7 
2 3 0 6 14 11 7 5 4 12 13 8 9 1 10 
14 5 6 8 9 10 1 2 4 7 11 3 13 12 0 
13 2 10 0 6 9 8 7 4 14 5 1 3 11 12 
6 1 14 10 7 2 4 11 0 13 9 8 3 5 12 
4 6 7 13 11 8 10 5 3 0 9 2 14 12 1 
5 13 9 2 0 12 14 7 1 10 3 6 11 8 4 
12 6 2 0 10 3 11 4 14 5 7 9 13 8 1 
3 12 4 10 8 7 5 1 6 11 9 14 13 2 0 
10 6 11 5 13 3 1 12 0 14 8 2 7 9 4 
10 13 1 4 11 5 6 7 14 3 8 2 0 12 9 
2 6 5 13 4 10 14 7 0 8 3 12 11 9 1 
14 13 2 1 4 9 11 0 3 12 8 7 6 5 10 
7 0 3 8 2 4 10 1 13 5 6 12 14 11 9 
0 1 11 14 5 2 9 13 8 4 6 10 12 3 7 
12 11 13 10 14 4 8 1 9 3 7 5 0 6 2 
10 0 1 4 14 13 7 9 2 3 11 12 8 5 6 
0 11 8 5 6 9 14 4 2 13 10 7 12 1 3 
12 5 1 7 13 4 8 11 0 10 6 14 9 2 3 
5 8 3 4 13 9 12 10 1 7 0 11 2 6 14 
0 14 3 12 6 10 8 7 9 13 2 1 5 4 11 
8 4 14 7 2 13 11 12 0 5 6 3 9 10 1 
12 2 0 3 5 13 14 1 11 4 8 7 9 6 10 
10 3 2 13 8 6 11 9 0 1 4 7 5 14 12 
5 10 11 4 0 2 3 9 13 8 12 7 6 14 1 
DURACIONES
(76, 76) (4, 4) (98, 98) (1, 1) (51, 51) (92, 92) (75, 75) (47, 47) (35, 35) (70, 70) (21, 21) (20, 20) (79, 79) (81, 81) (63, 63) 
(71, 71) (85, 85) (3, 3) (45, 45) (13, 13) (57, 57) (26, 26) (63, 63) (38, 38) (91, 91) (73, 73) (59, 59) (74, 74) (37, 37) (65, 65) 
(60, 60) (74, 74) (35, 35) (73, 73) (49, 49) (1, 1) (92, 92) (5, 5) (41, 41) (2, 2) (95, 95) (28, 28) (37, 37) (78, 78) (86, 86) 
(95, 95) (73, 73) (23, 23) (77, 77) (47, 47) (24, 24) (29, 29) (88, 88) (69, 69) (49, 49) (28, 28) (66, 66) (4, 4) (41, 41) (3, 3) 
(28, 28) (26, 26) (71, 71) (81, 81) (36, 36) (96, 96) (95, 95) (45, 45) (10, 10) (55, 55) (87, 87) (65, 65) (54, 54) (26, 26) (60, 60) 
(40, 40) (36, 36) (5, 5) (78, 78) (63, 63) (96, 96) (25, 25) (86, 86) (85, 85) (56, 56) (25, 25) (30, 30) (98, 98) (78, 78) (41, 41) 
(90, 90) (15, 15) (89, 89) (87, 87) (52, 52) (59, 59) (22, 22) (42, 42) (46, 46) (60, 60) (54, 54) (87, 87) (22, 22) (97, 97) (1, 1) 
(51, 51) (75, 75) (2, 2) (86, 86) (19, 19) (88, 88) (20, 20) (88, 88) (24, 24) (42, 42) (90, 90) (20, 20) (29, 29) (20, 20) (50, 50) 
(11, 11) (96, 96) (92, 92) (94, 94) (78, 78) (63, 63) (44, 44) (8, 8) (68, 68) (77, 77) (52, 52) (74, 74) (43, 43) (10, 10) (87, 87) 
(75, 75) (78, 78) (27, 27) (27, 27) (82, 82) (91, 91) (88, 88) (76, 76) (37, 37) (43, 43) (52, 52) (71, 71) (45, 45) (99, 99) (70, 70) 
(47, 47) (8, 8) (99, 99) (85, 85) (11, 11) (16, 16) (24, 24) (10, 10) (10, 10) (12, 12) (37, 37) (39, 39) (38, 38) (76, 76) (91, 91) 
(62, 62) (98, 98) (68, 68) (14, 14) (57, 57) (2, 2) (52, 52) (36, 36) (58, 58) (54, 54) (99, 99) (57, 57) (52, 52) (90, 90) (58, 58) 
(53, 53) (6, 6) (65, 65) (68, 68) (53, 53) (66, 66) (15, 15) (83, 83) (80, 80) (73, 73) (86, 86) (57, 57) (23, 23) (88, 88) (37, 37) 
(73, 73) (65, 65) (54, 54) (95, 95) (12, 12) (69, 69) (4, 4) (7, 7) (12, 12) (82, 82) (5, 5) (22, 22) (15, 15) (2, 2) (38, 38) 
(59, 59) (49, 49) (29, 29) (69, 69) (79, 79) (57, 57) (27, 27) (62, 62) (57, 57) (22, 22) (29, 29) (42, 42) (59, 59) (20, 20) (86, 86) 
(81, 81) (24, 24) (55, 55) (95, 95) (2, 2) (94, 94) (38, 38) (43, 43) (15, 15) (52, 52) (54, 54) (66, 66) (64, 64) (24, 24) (29, 29) 
(20, 20) (25, 25) (70, 70) (6, 6) (3, 3) (5, 5) (73, 73) (25, 25) (58, 58) (36, 36) (91, 91) (22, 22) (61, 61) (38, 38) (33, 33) 
(61, 61) (20, 20) (21, 21) (22, 22) (22, 22) (69, 69) (98, 98) (12, 12) (30, 30) (98, 98) (28, 28) (8, 8) (7, 7) (51, 51) (66, 66) 
(77, 77) (3, 3) (11, 11) (23, 23) (56, 56) (30, 30) (77, 77) (64, 64) (52, 52) (70, 70) (3, 3) (97, 97) (93, 93) (54, 54) (15, 15) 
(1, 1) (22, 22) (99, 99) (34, 34) (48, 48) (15, 15) (9, 9) (67, 67) (85, 85) (41, 41) (13, 13) (48, 48) (7, 7) (66, 66) (55, 55) 
(44, 44) (94, 94) (33, 33) (28, 28) (23, 23) (31, 31) (10, 10) (15, 15) (50, 50) (68, 68) (7, 7) (50, 50) (79, 79) (76, 76) (89, 89) 
(73, 73) (2, 2) (76, 76) (26, 26) (50, 50) (93, 93) (93, 93) (35, 35) (64, 64) (42, 42) (17, 17) (26, 26) (60, 60) (73, 73) (57, 57) 
(79, 79) (56, 56) (22, 22) (39, 39) (27, 27) (38, 38) (14, 14) (55, 55) (64, 64) (99, 99) (28, 28) (97, 97) (7, 7) (92, 92) (71, 71) 
(2, 2) (3, 3) (33, 33) (74, 74) (69, 69) (58, 58) (99, 99) (79, 79) (84, 84) (92, 92) (98, 98) (41, 41) (37, 37) (12, 12) (12, 12) 
(46, 46) (23, 23) (48, 48) (69, 69) (71, 71) (9, 9) (94, 94) (44, 44) (1, 1) (26, 26) (93, 93) (54, 54) (24, 24) (77, 77) (44, 44) 
(83, 83) (86, 86) (6, 6) (61, 61) (39, 39) (72, 72) (1, 1) (8, 8) (17, 17) (60, 60) (41, 41) (16, 16) (21, 21) (21, 21) (6, 6) 
(28, 28) (59, 59) (62, 62) (97, 97) (52, 52) (58, 58) (49, 49) (83, 83) (11, 11) (49, 49) (24, 24) (56, 56) (43, 43) (34, 34) (23, 23) 
(75, 75) (82, 82) (75, 75) (94, 94) (67, 67) (15, 15) (23, 23) (57, 57) (4, 4) (51, 51) (23, 23) (40, 40) (63, 63) (97, 97) (20, 20) 
(14, 14) (33, 33) (16, 16) (14, 14) (24, 24) (1, 1) (20, 20) (96, 96) (75, 75) (36, 36) (92, 92) (74, 74) (13, 13) (79, 79) (48, 48) 
(33, 33) (89, 89) (89, 89) (49, 49) (58, 58) (32, 32) (95, 95) (64, 64) (11, 11) (13, 13) (43, 43) (98, 98) (32, 32) (56, 56) (62, 62) 
