NUMERO DE TRABAJOS
30
NUMERO DE RECURSOS
20
SECUENCIA DE MAQUINAS
5 13 3 15 19 9 10 6 12 4 2 14 8 7 16 11 0 17 18 1 
13 2 15 12 4 9 3 7 5 0 8 14 6 19 1 10 18 17 16 11 
8 5 2 18 17 14 0 4 11 3 16 7 6 1 12 15 10 19 13 9 
13 8 0 11 3 14 7 4 18 6 19 5 2 9 10 15 17 1 12 16 
8 6 2 13 16 11 15 12 9 4 19 17 5 3 7 1 10 18 14 0 
1 13 10 0 2 12 19 5 17 16 18 4 15 8 7 6 14 11 3 9 
2 3 16 17 10 15 13 12 9 19 8 0 18 11 14 1 5 7 4 6 
12 10 17 4 3 11 2 19 8 9 13 14 7 18 15 6 16 1 5 0 
10 14 3 0 7 17 19 2 11 16 6 4 18 1 13 5 12 15 8 9 
0 2 3 9 8 12 16 13 4 10 6 19 15 1 5 17 7 14 18 11 
1 4 0 10 15 11 16 9 19 13 14 8 6 17 18 12 2 7 3 5 
6 5 9 10 0 2 3 12 11 7 13 8 19 14 16 4 17 1 18 15 
13 19 11 5 2 15 14 4 3 6 10 1 12 18 9 7 16 17 8 0 
10 3 4 9 17 8 0 19 2 11 12 1 18 15 5 16 6 14 13 7 
4 14 8 15 11 9 10 1 17 16 5 18 6 13 19 12 7 3 2 0 
4 9 18 19 3 17 15 16 5 8 11 14 0 2 1 12 6 10 13 7 
17 10 13 19 0 12 14 18 2 5 11 16 7 4 8 1 15 6 9 3 
19 13 9 3 6 17 7 16 5 14 15 18 0 2 1 12 8 11 10 4 
9 11 17 13 3 1 10 16 0 5 7 6 4 2 18 15 14 19 8 12 
17 8 13 7 4 0 6 9 16 18 11 5 10 12 2 19 15 14 3 1 
17 2 7 16 6 12 14 9 3 18 0 4 5 8 1 19 10 11 15 13 
0 7 16 12 3 6 19 2 10 9 18 8 13 5 11 4 15 1 17 14 
10 18 4 5 12 6 9 1 11 13 8 7 17 0 2 14 19 15 16 3 
14 0 5 11 9 19 10 15 2 3 4 18 17 13 12 7 6 1 16 8 
11 6 18 14 16 0 17 10 9 2 7 4 19 5 8 1 12 15 13 3 
18 13 10 12 1 9 0 7 2 5 16 6 17 8 14 3 4 11 19 15 
14 2 19 10 11 16 9 7 15 1 5 13 4 8 18 0 3 12 6 17 
0 18 8 9 12 17 16 19 15 11 2 13 3 10 5 7 6 4 1 14 
18 11 9 14 4 0 16 3 8 6 13 15 7 2 10 12 19 17 5 1 
16 3 9 6 2 18 11 1 4 0 5 7 12 15 8 14 13 19 10 17 
DURACIONES
(59, 59) (72, 72) (92, 92) (35, 35) (17, 17) (48, 48) (57, 57) (18, 18) (55, 55) (51, 51) (8, 8) (68, 68) (90, 90) (39, 39) (79, 79) (40, 40) (66, 66) (55, 55) (62, 62) (66, 66) 
(42, 42) (60, 60) (52, 52) (14, 14) (83, 83) (95, 95) (36, 36) (28, 28) (4, 4) (31, 31) (14, 14) (23, 23) (71, 71) (95, 95) (69, 69) (17, 17) (13, 13) (23, 23) (78, 78) (51, 51) 
(93, 93) (12, 12) (34, 34) (32, 32) (59, 59) (73, 73) (46, 46) (25, 25) (82, 82) (90, 90) (70, 70) (27, 27) (82, 82) (85, 85) (40, 40) (35, 35) (61, 61) (92, 92) (98, 98) (53, 53) 
(31, 31) (95, 95) (36, 36) (61, 61) (92, 92) (24, 24) (70, 70) (15, 15) (76, 76) (50, 50) (18, 18) (30, 30) (93, 93) (62, 62) (83, 83) (16, 16) (75, 75) (29, 29) (35, 35) (31, 31) 
(27, 27) (10, 10) (93, 93) (26, 26) (64, 64) (70, 70) (16, 16) (48, 48) (46, 46) (37, 37) (89, 89) (83, 83) (71, 71) (72, 72) (45, 45) (73, 73) (97, 97) (12, 12) (57, 57) (62, 62) 
(9, 9) (16, 16) (75, 75) (21, 21) (49, 49) (97, 97) (5, 5) (20, 20) (26, 26) (50, 50) (26, 26) (20, 20) (8, 8) (96, 96) (50, 50) (84, 84) (7, 7) (52, 52) (73, 73) (43, 43) 
(20, 20) (76, 76) (3, 3) (45, 45) (53, 53) (6, 6) (83, 83) (77, 77) (21, 21) (52, 52) (32, 32) (27, 27) (93, 93) (81, 81) (78, 78) (6, 6) (93, 93) (60, 60) (12, 12) (35, 35) 
(41, 41) (59, 59) (37, 37) (89, 89) (87, 87) (32, 32) (98, 98) (24, 24) (30, 30) (84, 84) (49, 49) (84, 84) (44, 44) (16, 16) (43, 43) (65, 65) (44, 44) (83, 83) (71, 71) (71, 71) 
(46, 46) (36, 36) (60, 60) (59, 59) (53, 53) (58, 58) (8, 8) (33, 33) (70, 70) (93, 93) (38, 38) (5, 5) (75, 75) (23, 23) (98, 98) (90, 90) (18, 18) (62, 62) (4, 4) (56, 56) 
(27, 27) (31, 31) (45, 45) (57, 57) (79, 79) (14, 14) (82, 82) (96, 96) (4, 4) (17, 17) (46, 46) (3, 3) (7, 7) (42, 42) (24, 24) (86, 86) (67, 67) (79, 79) (43, 43) (17, 17) 
(72, 72) (54, 54) (51, 51) (87, 87) (52, 52) (4, 4) (35, 35) (62, 62) (15, 15) (45, 45) (84, 84) (65, 65) (85, 85) (49, 49) (98, 98) (5, 5) (81, 81) (8, 8) (72, 72) (33, 33) 
(31, 31) (86, 86) (46, 46) (3, 3) (63, 63) (58, 58) (81, 81) (7, 7) (54, 54) (39, 39) (46, 46) (92, 92) (96, 96) (57, 57) (40, 40) (49, 49) (57, 57) (86, 86) (20, 20) (91, 91) 
(35, 35) (5, 5) (43, 43) (84, 84) (77, 77) (20, 20) (84, 84) (70, 70) (79, 79) (52, 52) (92, 92) (34, 34) (39, 39) (30, 30) (65, 65) (11, 11) (88, 88) (32, 32) (80, 80) (2, 2) 
(59, 59) (36, 36) (72, 72) (46, 46) (48, 48) (72, 72) (76, 76) (48, 48) (69, 69) (62, 62) (30, 30) (48, 48) (7, 7) (89, 89) (37, 37) (49, 49) (30, 30) (52, 52) (1, 1) (56, 56) 
(18, 18) (35, 35) (61, 61) (23, 23) (46, 46) (12, 12) (38, 38) (59, 59) (50, 50) (75, 75) (60, 60) (57, 57) (63, 63) (89, 89) (71, 71) (52, 52) (83, 83) (86, 86) (81, 81) (98, 98) 
(33, 33) (14, 14) (19, 19) (84, 84) (69, 69) (59, 59) (2, 2) (83, 83) (12, 12) (21, 21) (73, 73) (83, 83) (26, 26) (94, 94) (65, 65) (98, 98) (83, 83) (45, 45) (40, 40) (89, 89) 
(63, 63) (72, 72) (80, 80) (2, 2) (94, 94) (11, 11) (25, 25) (10, 10) (90, 90) (73, 73) (20, 20) (92, 92) (11, 11) (85, 85) (63, 63) (97, 97) (38, 38) (13, 13) (42, 42) (59, 59) 
(95, 95) (4, 4) (95, 95) (6, 6) (67, 67) (30, 30) (88, 88) (26, 26) (57, 57) (61, 61) (9, 9) (35, 35) (23, 23) (47, 47) (46, 46) (96, 96) (19, 19) (54, 54) (75, 75) (11, 11) 
(64, 64) (79, 79) (87, 87) (91, 91) (2, 2) (61, 61) (31, 31) (85, 85) (53, 53) (77, 77) (25, 25) (94, 94) (43, 43) (13, 13) (40, 40) (59, 59) (3, 3) (80, 80) (7, 7) (98, 98) 
(56, 56) (12, 12) (74, 74) (42, 42) (98, 98) (75, 75) (18, 18) (98, 98) (20, 20) (72, 72) (34, 34) (74, 74) (10, 10) (98, 98) (12, 12) (95, 95) (33, 33) (69, 69) (93, 93) (81, 81) 
(73, 73) (38, 38) (25, 25) (92, 92) (38, 38) (91, 91) (95, 95) (2, 2) (79, 79) (41, 41) (3, 3) (99, 99) (83, 83) (18, 18) (12, 12) (71, 71) (4, 4) (66, 66) (20, 20) (53, 53) 
(61, 61) (24, 24) (24, 24) (22, 22) (85, 85) (56, 56) (98, 98) (5, 5) (29, 29) (73, 73) (27, 27) (99, 99) (4, 4) (99, 99) (63, 63) (25, 25) (61, 61) (51, 51) (84, 84) (30, 30) 
(5, 5) (17, 17) (40, 40) (88, 88) (30, 30) (3, 3) (1, 1) (96, 96) (9, 9) (94, 94) (69, 69) (72, 72) (90, 90) (14, 14) (41, 41) (50, 50) (69, 69) (38, 38) (12, 12) (1, 1) 
(55, 55) (19, 19) (61, 61) (61, 61) (97, 97) (76, 76) (38, 38) (69, 69) (24, 24) (62, 62) (24, 24) (94, 94) (3, 3) (5, 5) (84, 84) (43, 43) (73, 73) (76, 76) (47, 47) (91, 91) 
(85, 85) (98, 98) (68, 68) (57, 57) (63, 63) (58, 58) (74, 74) (52, 52) (59, 59) (47, 47) (73, 73) (79, 79) (48, 48) (38, 38) (88, 88) (85, 85) (4, 4) (44, 44) (37, 37) (75, 75) 
(44, 44) (32, 32) (38, 38) (93, 93) (40, 40) (56, 56) (80, 80) (90, 90) (74, 74) (82, 82) (59, 59) (91, 91) (40, 40) (26, 26) (74, 74) (7, 7) (49, 49) (88, 88) (60, 60) (35, 35) 
(75, 75) (73, 73) (13, 13) (4, 4) (77, 77) (5, 5) (57, 57) (98, 98) (60, 60) (99, 99) (12, 12) (14, 14) (25, 25) (86, 86) (13, 13) (93, 93) (41, 41) (1, 1) (53, 53) (54, 54) 
(33, 33) (75, 75) (97, 97) (31, 31) (84, 84) (49, 49) (51, 51) (30, 30) (62, 62) (67, 67) (84, 84) (45, 45) (48, 48) (62, 62) (64, 64) (87, 87) (14, 14) (76, 76) (42, 42) (71, 71) 
(74, 74) (98, 98) (11, 11) (96, 96) (39, 39) (31, 31) (54, 54) (49, 49) (51, 51) (40, 40) (21, 21) (19, 19) (44, 44) (76, 76) (64, 64) (43, 43) (9, 9) (30, 30) (66, 66) (17, 17) 
(31, 31) (77, 77) (92, 92) (27, 27) (71, 71) (82, 82) (36, 36) (33, 33) (48, 48) (91, 91) (49, 49) (39, 39) (91, 91) (47, 47) (74, 74) (17, 17) (62, 62) (28, 28) (91, 91) (58, 58) 
