NUMERO DE TRABAJOS
30
NUMERO DE RECURSOS
20
SECUENCIA DE MAQUINAS
4 10 12 5 3 8 19 15 6 0 11 13 1 16 17 18 2 14 7 9 
6 1 2 13 11 3 12 14 10 19 7 18 16 17 15 5 0 4 9 8 
17 15 8 16 1 10 13 14 6 12 0 9 5 18 2 4 3 19 11 7 
7 1 2 17 16 8 9 4 15 14 6 18 13 3 0 11 19 12 5 10 
10 1 7 3 17 0 2 18 12 16 6 13 11 8 15 19 9 14 5 4 
4 8 3 9 12 2 6 18 5 19 1 11 17 0 13 16 14 7 15 10 
17 4 13 19 15 3 2 1 7 16 8 10 12 6 11 9 14 18 5 0 
10 1 0 17 18 7 16 6 15 12 2 11 4 8 14 5 19 13 3 9 
17 0 9 7 4 2 5 18 11 12 14 13 19 3 8 10 1 15 6 16 
11 1 9 16 12 3 6 13 10 14 8 19 4 18 0 5 17 15 2 7 
19 18 14 10 13 5 3 11 8 7 16 0 6 4 2 12 9 15 17 1 
5 18 6 9 17 12 3 14 15 0 19 4 2 1 10 8 16 11 13 7 
2 0 5 18 19 9 7 10 11 4 8 15 17 1 14 6 12 13 16 3 
10 12 4 8 13 17 2 19 15 16 3 0 6 5 1 11 18 14 7 9 
1 16 19 0 17 15 2 9 3 6 10 18 7 14 13 8 12 11 4 5 
2 14 9 16 3 0 4 12 13 19 17 15 8 18 11 7 6 1 5 10 
17 8 19 7 4 18 12 13 3 11 6 9 1 5 10 15 0 14 2 16 
13 2 6 14 18 7 8 0 16 1 3 10 19 4 12 11 5 15 17 9 
15 19 11 0 4 10 7 1 8 6 9 18 14 13 3 12 2 5 16 17 
17 8 4 10 12 0 11 9 7 16 18 19 1 13 3 6 2 14 15 5 
8 1 11 19 16 5 17 7 2 15 12 0 9 3 13 6 4 10 14 18 
16 13 0 1 10 15 14 8 17 18 19 2 4 12 7 6 9 11 3 5 
7 6 4 17 15 14 19 8 10 0 3 12 16 5 13 9 18 2 1 11 
9 1 4 11 17 16 12 14 6 2 15 5 10 0 8 13 18 3 7 19 
12 3 14 10 0 4 11 5 15 9 2 6 8 13 18 17 1 16 7 19 
13 8 4 6 3 7 19 2 5 9 18 11 10 16 0 1 14 12 17 15 
10 0 1 13 12 11 5 8 19 2 3 7 4 6 17 9 15 16 14 18 
16 19 13 3 15 1 8 14 12 2 5 17 0 9 11 10 18 4 6 7 
11 4 8 13 5 3 18 1 17 14 12 9 6 19 10 2 0 7 15 16 
16 11 14 8 19 5 17 12 3 15 13 18 9 6 1 0 7 10 4 2 
DURACIONES
(11, 11) (45, 45) (34, 34) (61, 61) (8, 8) (97, 97) (59, 59) (72, 72) (82, 82) (57, 57) (87, 87) (61, 61) (90, 90) (4, 4) (17, 17) (69, 69) (95, 95) (15, 15) (97, 97) (93, 93) 
(57, 57) (64, 64) (15, 15) (19, 19) (14, 14) (54, 54) (71, 71) (29, 29) (17, 17) (43, 43) (81, 81) (87, 87) (65, 65) (62, 62) (80, 80) (75, 75) (19, 19) (48, 48) (33, 33) (68, 68) 
(71, 71) (1, 1) (90, 90) (81, 81) (84, 84) (19, 19) (75, 75) (83, 83) (25, 25) (69, 69) (1, 1) (80, 80) (35, 35) (76, 76) (37, 37) (23, 23) (13, 13) (4, 4) (81, 81) (20, 20) 
(16, 16) (91, 91) (22, 22) (28, 28) (89, 89) (99, 99) (69, 69) (22, 22) (85, 85) (25, 25) (60, 60) (33, 33) (17, 17) (6, 6) (94, 94) (56, 56) (8, 8) (77, 77) (54, 54) (82, 82) 
(3, 3) (51, 51) (43, 43) (21, 21) (66, 66) (71, 71) (17, 17) (98, 98) (73, 73) (76, 76) (93, 93) (88, 88) (61, 61) (79, 79) (9, 9) (18, 18) (31, 31) (80, 80) (4, 4) (32, 32) 
(44, 44) (97, 97) (7, 7) (54, 54) (12, 12) (68, 68) (26, 26) (42, 42) (19, 19) (92, 92) (57, 57) (71, 71) (67, 67) (2, 2) (49, 49) (40, 40) (51, 51) (27, 27) (35, 35) (22, 22) 
(5, 5) (55, 55) (2, 2) (6, 6) (65, 65) (42, 42) (19, 19) (64, 64) (51, 51) (4, 4) (13, 13) (46, 46) (52, 52) (38, 38) (15, 15) (87, 87) (74, 74) (64, 64) (80, 80) (91, 91) 
(92, 92) (39, 39) (24, 24) (71, 71) (12, 12) (37, 37) (64, 64) (17, 17) (95, 95) (52, 52) (9, 9) (3, 3) (87, 87) (46, 46) (71, 71) (29, 29) (22, 22) (62, 62) (43, 43) (51, 51) 
(78, 78) (91, 91) (26, 26) (81, 81) (43, 43) (43, 43) (93, 93) (35, 35) (36, 36) (74, 74) (18, 18) (30, 30) (15, 15) (64, 64) (90, 90) (75, 75) (37, 37) (35, 35) (39, 39) (87, 87) 
(14, 14) (21, 21) (74, 74) (30, 30) (62, 62) (70, 70) (87, 87) (29, 29) (86, 86) (88, 88) (24, 24) (54, 54) (11, 11) (15, 15) (21, 21) (29, 29) (57, 57) (75, 75) (57, 57) (43, 43) 
(40, 40) (34, 34) (46, 46) (97, 97) (67, 67) (59, 59) (65, 65) (47, 47) (20, 20) (22, 22) (15, 15) (66, 66) (20, 20) (40, 40) (72, 72) (73, 73) (50, 50) (4, 4) (88, 88) (44, 44) 
(33, 33) (9, 9) (84, 84) (70, 70) (56, 56) (60, 60) (16, 16) (84, 84) (13, 13) (47, 47) (65, 65) (76, 76) (51, 51) (34, 34) (53, 53) (63, 63) (14, 14) (84, 84) (78, 78) (92, 92) 
(67, 67) (18, 18) (66, 66) (37, 37) (65, 65) (92, 92) (30, 30) (57, 57) (1, 1) (16, 16) (89, 89) (36, 36) (30, 30) (49, 49) (7, 7) (73, 73) (20, 20) (26, 26) (29, 29) (42, 42) 
(99, 99) (72, 72) (22, 22) (79, 79) (60, 60) (28, 28) (59, 59) (95, 95) (84, 84) (49, 49) (86, 86) (37, 37) (10, 10) (68, 68) (70, 70) (20, 20) (71, 71) (23, 23) (71, 71) (51, 51) 
(39, 39) (88, 88) (82, 82) (41, 41) (99, 99) (45, 45) (11, 11) (48, 48) (2, 2) (8, 8) (88, 88) (95, 95) (64, 64) (7, 7) (62, 62) (19, 19) (61, 61) (60, 60) (45, 45) (32, 32) 
(81, 81) (18, 18) (77, 77) (33, 33) (17, 17) (9, 9) (5, 5) (76, 76) (75, 75) (65, 65) (11, 11) (69, 69) (17, 17) (66, 66) (36, 36) (23, 23) (75, 75) (64, 64) (14, 14) (42, 42) 
(47, 47) (51, 51) (60, 60) (94, 94) (15, 15) (13, 13) (8, 8) (16, 16) (61, 61) (72, 72) (69, 69) (17, 17) (44, 44) (84, 84) (97, 97) (93, 93) (91, 91) (60, 60) (99, 99) (57, 57) 
(28, 28) (70, 70) (42, 42) (96, 96) (14, 14) (81, 81) (57, 57) (16, 16) (45, 45) (44, 44) (40, 40) (11, 11) (70, 70) (97, 97) (20, 20) (80, 80) (24, 24) (27, 27) (55, 55) (13, 13) 
(92, 92) (4, 4) (31, 31) (76, 76) (91, 91) (66, 66) (59, 59) (97, 97) (15, 15) (27, 27) (15, 15) (62, 62) (82, 82) (94, 94) (55, 55) (52, 52) (77, 77) (39, 39) (38, 38) (53, 53) 
(17, 17) (99, 99) (47, 47) (82, 82) (14, 14) (2, 2) (82, 82) (69, 69) (6, 6) (89, 89) (66, 66) (39, 39) (9, 9) (90, 90) (91, 91) (63, 63) (13, 13) (34, 34) (36, 36) (81, 81) 
(99, 99) (68, 68) (56, 56) (70, 70) (72, 72) (77, 77) (51, 51) (64, 64) (66, 66) (57, 57) (74, 74) (9, 9) (72, 72) (94, 94) (63, 63) (21, 21) (39, 39) (23, 23) (80, 80) (8, 8) 
(67, 67) (22, 22) (59, 59) (37, 37) (6, 6) (64, 64) (17, 17) (50, 50) (45, 45) (30, 30) (7, 7) (78, 78) (72, 72) (36, 36) (23, 23) (94, 94) (25, 25) (74, 74) (6, 6) (97, 97) 
(42, 42) (90, 90) (28, 28) (19, 19) (7, 7) (97, 97) (82, 82) (41, 41) (69, 69) (47, 47) (76, 76) (88, 88) (11, 11) (68, 68) (70, 70) (31, 31) (8, 8) (81, 81) (3, 3) (84, 84) 
(62, 62) (34, 34) (98, 98) (65, 65) (12, 12) (66, 66) (32, 32) (60, 60) (12, 12) (85, 85) (73, 73) (55, 55) (97, 97) (24, 24) (9, 9) (26, 26) (92, 92) (3, 3) (41, 41) (83, 83) 
(12, 12) (93, 93) (74, 74) (20, 20) (33, 33) (89, 89) (41, 41) (96, 96) (4, 4) (99, 99) (47, 47) (23, 23) (12, 12) (91, 91) (25, 25) (83, 83) (34, 34) (83, 83) (70, 70) (27, 27) 
(99, 99) (50, 50) (17, 17) (9, 9) (72, 72) (91, 91) (37, 37) (39, 39) (72, 72) (31, 31) (72, 72) (97, 97) (40, 40) (43, 43) (96, 96) (51, 51) (29, 29) (21, 21) (18, 18) (50, 50) 
(55, 55) (41, 41) (4, 4) (75, 75) (86, 86) (59, 59) (44, 44) (73, 73) (66, 66) (70, 70) (79, 79) (85, 85) (51, 51) (5, 5) (35, 35) (17, 17) (30, 30) (35, 35) (34, 34) (91, 91) 
(97, 97) (32, 32) (41, 41) (33, 33) (23, 23) (39, 39) (74, 74) (49, 49) (69, 69) (28, 28) (55, 55) (60, 60) (61, 61) (84, 84) (2, 2) (84, 84) (17, 17) (73, 73) (26, 26) (91, 91) 
(21, 21) (51, 51) (99, 99) (79, 79) (21, 21) (48, 48) (44, 44) (67, 67) (48, 48) (96, 96) (19, 19) (39, 39) (56, 56) (76, 76) (16, 16) (40, 40) (69, 69) (93, 93) (15, 15) (52, 52) 
(45, 45) (22, 22) (89, 89) (42, 42) (43, 43) (99, 99) (91, 91) (34, 34) (43, 43) (68, 68) (76, 76) (55, 55) (1, 1) (73, 73) (56, 56) (89, 89) (13, 13) (99, 99) (82, 82) (72, 72) 
