NUMERO DE TRABAJOS
30
NUMERO DE RECURSOS
20
SECUENCIA DE MAQUINAS
3 17 14 10 5 12 18 8 15 4 1 7 9 6 16 0 13 2 11 19 
8 7 12 14 1 4 17 19 9 15 0 3 2 6 11 16 10 5 18 13 
18 14 1 11 0 6 12 4 15 5 13 17 9 16 8 2 19 3 7 10 
15 1 4 11 3 2 17 10 14 13 16 7 18 0 12 5 8 9 6 19 
5 10 15 13 16 19 18 2 4 7 8 17 11 9 14 6 3 0 12 1 
9 16 1 5 6 11 13 14 2 0 4 17 15 19 10 18 8 3 7 12 
2 6 7 14 4 12 15 16 13 5 1 10 0 17 9 18 3 19 8 11 
8 14 13 16 10 7 2 19 0 6 5 12 4 11 1 3 18 17 9 15 
3 0 14 4 15 6 8 5 17 9 13 16 1 2 12 10 18 19 7 11 
1 19 0 7 2 6 10 4 17 5 12 13 14 15 18 16 3 8 9 11 
9 0 1 13 3 16 14 2 5 12 7 8 19 4 18 10 11 6 15 17 
1 14 4 11 2 7 3 12 16 9 13 17 18 0 10 15 5 8 6 19 
0 9 10 4 2 3 7 12 11 17 14 15 13 6 8 19 18 1 16 5 
17 11 5 3 14 7 1 15 10 12 13 16 2 18 19 0 9 8 4 6 
3 19 4 10 2 1 11 15 0 5 14 17 8 13 12 6 7 9 18 16 
9 0 6 14 3 11 8 10 2 13 15 19 4 18 17 12 1 5 7 16 
17 12 18 6 14 16 13 2 9 19 7 3 8 11 0 4 1 5 15 10 
3 15 0 2 4 6 9 10 14 16 11 5 17 13 18 19 8 1 12 7 
0 6 17 4 1 2 18 12 11 16 10 15 3 13 8 14 19 7 9 5 
6 19 3 13 18 4 7 1 9 16 8 17 10 14 2 15 11 12 5 0 
8 18 7 14 0 11 4 9 13 5 3 12 17 16 2 15 19 6 10 1 
15 0 8 9 13 5 3 16 10 17 1 7 14 4 18 2 12 6 19 11 
14 17 19 5 16 6 4 10 15 18 12 13 8 2 7 9 1 0 11 3 
19 13 2 17 9 1 4 0 3 11 10 8 18 14 16 12 15 7 5 6 
6 14 15 7 4 16 11 0 1 10 17 19 13 18 3 12 8 5 2 9 
8 6 4 7 15 10 18 3 13 19 14 5 0 2 11 16 17 12 9 1 
4 0 5 8 9 18 14 15 10 12 13 7 11 3 16 2 6 1 19 17 
18 7 3 9 14 6 0 15 8 19 11 12 13 5 10 4 1 16 2 17 
3 15 11 9 16 5 12 19 13 0 17 2 8 1 6 14 18 4 7 10 
7 18 16 10 4 3 11 0 17 14 2 5 9 6 19 15 13 12 8 1 
DURACIONES
(86, 86) (5, 5) (21, 21) (67, 67) (87, 87) (90, 90) (21, 21) (87, 87) (82, 82) (68, 68) (25, 25) (10, 10) (58, 58) (65, 65) (20, 20) (34, 34) (12, 12) (35, 35) (63, 63) (41, 41) 
(91, 91) (80, 80) (38, 38) (79, 79) (66, 66) (6, 6) (21, 21) (89, 89) (50, 50) (93, 93) (52, 52) (33, 33) (82, 82) (51, 51) (90, 90) (55, 55) (99, 99) (75, 75) (22, 22) (58, 58) 
(59, 59) (22, 22) (10, 10) (1, 1) (75, 75) (1, 1) (35, 35) (15, 15) (39, 39) (28, 28) (29, 29) (8, 8) (65, 65) (45, 45) (5, 5) (90, 90) (18, 18) (11, 11) (39, 39) (70, 70) 
(20, 20) (39, 39) (2, 2) (32, 32) (44, 44) (85, 85) (30, 30) (68, 68) (67, 67) (57, 57) (14, 14) (75, 75) (71, 71) (41, 41) (36, 36) (33, 33) (72, 72) (32, 32) (92, 92) (17, 17) 
(82, 82) (71, 71) (55, 55) (28, 28) (73, 73) (12, 12) (18, 18) (41, 41) (78, 78) (71, 71) (26, 26) (97, 97) (23, 23) (65, 65) (54, 54) (88, 88) (94, 94) (28, 28) (22, 22) (95, 95) 
(5, 5) (29, 29) (73, 73) (69, 69) (51, 51) (70, 70) (24, 24) (89, 89) (21, 21) (89, 89) (83, 83) (14, 14) (61, 61) (12, 12) (97, 97) (57, 57) (61, 61) (61, 61) (19, 19) (3, 3) 
(43, 43) (4, 4) (32, 32) (4, 4) (96, 96) (34, 34) (21, 21) (2, 2) (33, 33) (77, 77) (62, 62) (39, 39) (89, 89) (90, 90) (90, 90) (42, 42) (16, 16) (73, 73) (75, 75) (57, 57) 
(78, 78) (63, 63) (26, 26) (48, 48) (9, 9) (26, 26) (55, 55) (93, 93) (15, 15) (85, 85) (39, 39) (87, 87) (66, 66) (54, 54) (68, 68) (30, 30) (7, 7) (52, 52) (2, 2) (31, 31) 
(55, 55) (87, 87) (10, 10) (5, 5) (48, 48) (78, 78) (87, 87) (8, 8) (70, 70) (69, 69) (57, 57) (85, 85) (58, 58) (74, 74) (92, 92) (77, 77) (54, 54) (43, 43) (28, 28) (6, 6) 
(42, 42) (71, 71) (68, 68) (77, 77) (19, 19) (12, 12) (59, 59) (74, 74) (71, 71) (22, 22) (7, 7) (53, 53) (99, 99) (71, 71) (88, 88) (91, 91) (22, 22) (46, 46) (80, 80) (55, 55) 
(77, 77) (17, 17) (79, 79) (1, 1) (72, 72) (88, 88) (42, 42) (83, 83) (84, 84) (8, 8) (40, 40) (91, 91) (66, 66) (85, 85) (43, 43) (51, 51) (94, 94) (23, 23) (84, 84) (15, 15) 
(6, 6) (41, 41) (5, 5) (87, 87) (46, 46) (75, 75) (49, 49) (6, 6) (1, 1) (50, 50) (88, 88) (65, 65) (10, 10) (88, 88) (46, 46) (33, 33) (47, 47) (72, 72) (48, 48) (12, 12) 
(56, 56) (75, 75) (53, 53) (34, 34) (73, 73) (83, 83) (72, 72) (15, 15) (28, 28) (52, 52) (49, 49) (15, 15) (81, 81) (88, 88) (11, 11) (52, 52) (48, 48) (88, 88) (18, 18) (46, 46) 
(68, 68) (36, 36) (34, 34) (11, 11) (63, 63) (31, 31) (30, 30) (59, 59) (85, 85) (60, 60) (78, 78) (82, 82) (6, 6) (88, 88) (43, 43) (66, 66) (93, 93) (82, 82) (39, 39) (16, 16) 
(58, 58) (48, 48) (97, 97) (67, 67) (3, 3) (85, 85) (36, 36) (24, 24) (2, 2) (37, 37) (72, 72) (2, 2) (25, 25) (74, 74) (46, 46) (43, 43) (62, 62) (27, 27) (77, 77) (82, 82) 
(5, 5) (93, 93) (79, 79) (40, 40) (4, 4) (82, 82) (73, 73) (71, 71) (61, 61) (65, 65) (74, 74) (2, 2) (57, 57) (78, 78) (12, 12) (1, 1) (83, 83) (10, 10) (85, 85) (48, 48) 
(75, 75) (63, 63) (16, 16) (15, 15) (42, 42) (34, 34) (27, 27) (3, 3) (83, 83) (7, 7) (12, 12) (63, 63) (94, 94) (20, 20) (35, 35) (75, 75) (52, 52) (25, 25) (98, 98) (83, 83) 
(39, 39) (65, 65) (21, 21) (34, 34) (66, 66) (27, 27) (81, 81) (33, 33) (29, 29) (95, 95) (1, 1) (64, 64) (82, 82) (61, 61) (74, 74) (51, 51) (48, 48) (99, 99) (23, 23) (57, 57) 
(88, 88) (93, 93) (11, 11) (90, 90) (27, 27) (63, 63) (20, 20) (51, 51) (36, 36) (76, 76) (26, 26) (10, 10) (71, 71) (74, 74) (35, 35) (48, 48) (12, 12) (36, 36) (24, 24) (10, 10) 
(93, 93) (56, 56) (28, 28) (57, 57) (21, 21) (59, 59) (48, 48) (6, 6) (16, 16) (90, 90) (6, 6) (49, 49) (32, 32) (82, 82) (3, 3) (4, 4) (31, 31) (25, 25) (8, 8) (28, 28) 
(68, 68) (11, 11) (99, 99) (3, 3) (78, 78) (1, 1) (39, 39) (65, 65) (19, 19) (16, 16) (11, 11) (26, 26) (10, 10) (54, 54) (2, 2) (69, 69) (91, 91) (39, 39) (1, 1) (91, 91) 
(10, 10) (24, 24) (55, 55) (71, 71) (99, 99) (85, 85) (58, 58) (18, 18) (11, 11) (90, 90) (7, 7) (88, 88) (75, 75) (97, 97) (75, 75) (11, 11) (8, 8) (6, 6) (45, 45) (78, 78) 
(68, 68) (57, 57) (15, 15) (36, 36) (27, 27) (26, 26) (66, 66) (38, 38) (97, 97) (55, 55) (73, 73) (23, 23) (68, 68) (19, 19) (89, 89) (46, 46) (34, 34) (39, 39) (23, 23) (60, 60) 
(28, 28) (20, 20) (44, 44) (81, 81) (62, 62) (66, 66) (44, 44) (52, 52) (40, 40) (89, 89) (92, 92) (27, 27) (6, 6) (75, 75) (6, 6) (96, 96) (50, 50) (73, 73) (60, 60) (31, 31) 
(90, 90) (55, 55) (41, 41) (20, 20) (51, 51) (44, 44) (67, 67) (6, 6) (82, 82) (5, 5) (10, 10) (63, 63) (80, 80) (39, 39) (22, 22) (48, 48) (24, 24) (66, 66) (46, 46) (91, 91) 
(41, 41) (4, 4) (34, 34) (68, 68) (58, 58) (71, 71) (57, 57) (81, 81) (62, 62) (84, 84) (57, 57) (23, 23) (31, 31) (59, 59) (18, 18) (74, 74) (60, 60) (38, 38) (70, 70) (49, 49) 
(53, 53) (6, 6) (79, 79) (84, 84) (3, 3) (41, 41) (28, 28) (61, 61) (43, 43) (36, 36) (68, 68) (8, 8) (35, 35) (73, 73) (81, 81) (93, 93) (1, 1) (94, 94) (96, 96) (73, 73) 
(92, 92) (94, 94) (54, 54) (17, 17) (11, 11) (41, 41) (55, 55) (15, 15) (87, 87) (81, 81) (62, 62) (78, 78) (28, 28) (8, 8) (77, 77) (82, 82) (1, 1) (68, 68) (84, 84) (58, 58) 
(82, 82) (31, 31) (12, 12) (78, 78) (83, 83) (33, 33) (39, 39) (78, 78) (33, 33) (11, 11) (91, 91) (54, 54) (26, 26) (90, 90) (71, 71) (12, 12) (28, 28) (57, 57) (99, 99) (49, 49) 
(37, 37) (17, 17) (3, 3) (57, 57) (71, 71) (82, 82) (9, 9) (29, 29) (17, 17) (99, 99) (96, 96) (97, 97) (10, 10) (26, 26) (36, 36) (32, 32) (14, 14) (35, 35) (34, 34) (8, 8) 
