NUMERO DE TRABAJOS
30
NUMERO DE RECURSOS
20
SECUENCIA DE MAQUINAS
5 0 6 16 2 15 19 10 12 13 4 3 9 17 18 1 7 8 14 11 
17 11 16 13 1 7 4 14 10 8 2 19 3 12 6 5 0 15 9 18 
15 9 18 19 1 16 17 8 0 14 13 2 7 3 12 11 5 6 10 4 
13 1 19 2 10 6 8 3 0 16 9 5 14 17 15 11 12 4 18 7 
13 3 2 19 1 0 15 6 18 14 5 16 17 9 11 10 12 7 4 8 
6 17 14 19 7 12 3 18 5 11 8 0 1 15 16 10 13 4 2 9 
0 10 15 11 17 14 5 6 8 3 9 16 12 2 1 19 18 13 7 4 
9 10 8 13 16 18 15 3 6 5 1 11 14 0 7 17 2 12 4 19 
4 6 19 5 2 9 16 18 7 8 12 1 15 13 17 10 0 14 3 11 
17 1 12 5 2 3 8 7 6 9 19 15 14 10 4 18 11 16 13 0 
17 15 11 0 7 6 5 9 4 12 10 2 14 16 19 3 13 8 1 18 
13 14 2 5 0 11 16 17 15 9 18 6 19 7 12 3 4 1 10 8 
3 5 13 0 14 12 11 16 2 19 8 9 15 4 7 17 6 18 10 1 
15 5 18 17 6 16 13 12 3 2 9 0 1 14 8 10 11 19 4 7 
10 6 19 15 4 17 8 1 12 18 0 9 3 5 13 11 2 16 7 14 
3 9 16 6 7 11 14 8 18 12 5 17 19 10 2 1 0 15 13 4 
13 18 5 6 8 0 4 10 7 12 1 15 3 16 19 2 11 17 9 14 
5 15 1 2 19 18 12 13 16 17 14 9 0 11 10 3 8 4 6 7 
8 14 6 3 11 4 12 15 1 0 17 7 5 10 19 2 18 13 16 9 
10 0 14 2 16 19 17 6 3 8 12 11 7 13 15 9 1 5 4 18 
17 14 1 4 7 16 0 18 19 13 15 8 2 11 10 6 3 12 9 5 
14 16 17 5 4 8 10 12 3 19 2 9 18 13 15 0 7 1 6 11 
1 14 2 8 13 6 12 3 5 18 17 11 10 0 7 19 15 4 16 9 
7 11 3 9 8 4 18 5 14 0 10 13 1 2 15 17 19 6 12 16 
19 6 9 16 17 8 14 11 7 10 18 2 3 0 1 12 4 5 15 13 
2 16 17 6 3 4 11 5 18 14 15 19 0 9 7 12 13 10 1 8 
13 11 16 14 6 15 1 17 0 12 5 3 2 4 7 8 10 9 18 19 
10 2 6 0 19 14 7 12 18 16 5 9 15 3 11 13 1 17 4 8 
15 19 11 17 18 13 4 6 8 12 3 14 1 10 16 2 5 0 7 9 
0 18 19 6 11 4 5 13 2 12 17 3 1 16 8 10 9 7 14 15 
DURACIONES
(51, 51) (93, 93) (49, 49) (1, 1) (52, 52) (26, 26) (74, 74) (59, 59) (44, 44) (8, 8) (81, 81) (95, 95) (68, 68) (57, 57) (57, 57) (40, 40) (17, 17) (92, 92) (88, 88) (6, 6) 
(75, 75) (22, 22) (11, 11) (49, 49) (31, 31) (32, 32) (5, 5) (51, 51) (14, 14) (43, 43) (43, 43) (24, 24) (83, 83) (67, 67) (2, 2) (45, 45) (75, 75) (35, 35) (50, 50) (95, 95) 
(80, 80) (13, 13) (36, 36) (51, 51) (63, 63) (58, 58) (30, 30) (75, 75) (72, 72) (92, 92) (13, 13) (13, 13) (92, 92) (12, 12) (76, 76) (29, 29) (64, 64) (58, 58) (26, 26) (21, 21) 
(91, 91) (95, 95) (51, 51) (75, 75) (89, 89) (56, 56) (74, 74) (60, 60) (86, 86) (70, 70) (97, 97) (11, 11) (61, 61) (68, 68) (43, 43) (5, 5) (17, 17) (18, 18) (14, 14) (93, 93) 
(40, 40) (9, 9) (80, 80) (82, 82) (67, 67) (33, 33) (84, 84) (39, 39) (48, 48) (89, 89) (95, 95) (60, 60) (4, 4) (99, 99) (92, 92) (52, 52) (79, 79) (9, 9) (89, 89) (54, 54) 
(55, 55) (70, 70) (95, 95) (60, 60) (9, 9) (82, 82) (52, 52) (30, 30) (6, 6) (27, 27) (57, 57) (89, 89) (63, 63) (29, 29) (55, 55) (37, 37) (66, 66) (16, 16) (87, 87) (63, 63) 
(44, 44) (47, 47) (90, 90) (35, 35) (79, 79) (57, 57) (58, 58) (98, 98) (62, 62) (8, 8) (31, 31) (94, 94) (49, 49) (90, 90) (11, 11) (63, 63) (22, 22) (44, 44) (96, 96) (86, 86) 
(63, 63) (80, 80) (72, 72) (83, 83) (25, 25) (55, 55) (68, 68) (42, 42) (70, 70) (64, 64) (24, 24) (7, 7) (45, 45) (12, 12) (17, 17) (8, 8) (41, 41) (88, 88) (7, 7) (83, 83) 
(68, 68) (99, 99) (37, 37) (33, 33) (72, 72) (98, 98) (92, 92) (28, 28) (14, 14) (16, 16) (99, 99) (9, 9) (93, 93) (25, 25) (8, 8) (64, 64) (4, 4) (74, 74) (35, 35) (37, 37) 
(79, 79) (34, 34) (36, 36) (83, 83) (48, 48) (23, 23) (2, 2) (5, 5) (16, 16) (76, 76) (10, 10) (95, 95) (12, 12) (94, 94) (46, 46) (53, 53) (35, 35) (73, 73) (78, 78) (55, 55) 
(31, 31) (75, 75) (11, 11) (92, 92) (46, 46) (84, 84) (39, 39) (17, 17) (83, 83) (87, 87) (86, 86) (93, 93) (68, 68) (67, 67) (83, 83) (4, 4) (96, 96) (3, 3) (7, 7) (51, 51) 
(4, 4) (50, 50) (20, 20) (74, 74) (37, 37) (95, 95) (65, 65) (83, 83) (98, 98) (25, 25) (64, 64) (90, 90) (51, 51) (61, 61) (97, 97) (70, 70) (14, 14) (13, 13) (99, 99) (83, 83) 
(41, 41) (81, 81) (93, 93) (78, 78) (53, 53) (66, 66) (40, 40) (8, 8) (63, 63) (66, 66) (2, 2) (36, 36) (24, 24) (61, 61) (75, 75) (27, 27) (71, 71) (23, 23) (18, 18) (60, 60) 
(87, 87) (29, 29) (36, 36) (2, 2) (18, 18) (2, 2) (11, 11) (47, 47) (94, 94) (92, 92) (58, 58) (93, 93) (47, 47) (90, 90) (28, 28) (54, 54) (28, 28) (84, 84) (68, 68) (4, 4) 
(23, 23) (74, 74) (95, 95) (64, 64) (21, 21) (46, 46) (86, 86) (8, 8) (58, 58) (64, 64) (99, 99) (29, 29) (47, 47) (64, 64) (6, 6) (25, 25) (63, 63) (59, 59) (96, 96) (19, 19) 
(75, 75) (75, 75) (76, 76) (83, 83) (22, 22) (98, 98) (85, 85) (75, 75) (11, 11) (64, 64) (21, 21) (94, 94) (46, 46) (63, 63) (78, 78) (35, 35) (9, 9) (16, 16) (39, 39) (28, 28) 
(57, 57) (66, 66) (46, 46) (84, 84) (16, 16) (19, 19) (1, 1) (29, 29) (65, 65) (42, 42) (87, 87) (38, 38) (88, 88) (83, 83) (86, 86) (21, 21) (38, 38) (61, 61) (29, 29) (74, 74) 
(66, 66) (74, 74) (43, 43) (55, 55) (86, 86) (69, 69) (11, 11) (12, 12) (61, 61) (56, 56) (56, 56) (77, 77) (80, 80) (16, 16) (13, 13) (14, 14) (14, 14) (96, 96) (88, 88) (20, 20) 
(52, 52) (1, 1) (82, 82) (57, 57) (18, 18) (94, 94) (44, 44) (81, 81) (25, 25) (75, 75) (29, 29) (74, 74) (10, 10) (24, 24) (63, 63) (42, 42) (62, 62) (98, 98) (67, 67) (72, 72) 
(81, 81) (95, 95) (46, 46) (6, 6) (5, 5) (18, 18) (79, 79) (43, 43) (28, 28) (27, 27) (84, 84) (83, 83) (99, 99) (60, 60) (86, 86) (21, 21) (13, 13) (28, 28) (91, 91) (20, 20) 
(63, 63) (56, 56) (24, 24) (43, 43) (30, 30) (22, 22) (31, 31) (64, 64) (56, 56) (62, 62) (25, 25) (85, 85) (13, 13) (76, 76) (63, 63) (51, 51) (87, 87) (21, 21) (65, 65) (1, 1) 
(54, 54) (1, 1) (71, 71) (76, 76) (23, 23) (90, 90) (19, 19) (97, 97) (84, 84) (27, 27) (70, 70) (38, 38) (62, 62) (94, 94) (47, 47) (22, 22) (52, 52) (21, 21) (11, 11) (97, 97) 
(91, 91) (67, 67) (12, 12) (75, 75) (42, 42) (38, 38) (63, 63) (92, 92) (41, 41) (14, 14) (28, 28) (84, 84) (39, 39) (49, 49) (23, 23) (58, 58) (9, 9) (19, 19) (17, 17) (46, 46) 
(89, 89) (44, 44) (61, 61) (63, 63) (95, 95) (70, 70) (49, 49) (99, 99) (44, 44) (68, 68) (86, 86) (86, 86) (11, 11) (13, 13) (17, 17) (85, 85) (62, 62) (80, 80) (37, 37) (2, 2) 
(39, 39) (42, 42) (19, 19) (81, 81) (46, 46) (87, 87) (7, 7) (58, 58) (27, 27) (97, 97) (53, 53) (21, 21) (69, 69) (97, 97) (64, 64) (47, 47) (11, 11) (43, 43) (67, 67) (11, 11) 
(4, 4) (13, 13) (44, 44) (27, 27) (23, 23) (25, 25) (44, 44) (39, 39) (38, 38) (31, 31) (38, 38) (95, 95) (13, 13) (19, 19) (29, 29) (37, 37) (44, 44) (77, 77) (24, 24) (39, 39) 
(56, 56) (91, 91) (37, 37) (36, 36) (86, 86) (2, 2) (39, 39) (19, 19) (90, 90) (43, 43) (72, 72) (87, 87) (37, 37) (39, 39) (90, 90) (33, 33) (73, 73) (88, 88) (34, 34) (66, 66) 
(56, 56) (32, 32) (48, 48) (6, 6) (9, 9) (57, 57) (21, 21) (56, 56) (37, 37) (75, 75) (40, 40) (93, 93) (97, 97) (5, 5) (67, 67) (24, 24) (20, 20) (15, 15) (16, 16) (21, 21) 
(31, 31) (30, 30) (88, 88) (45, 45) (37, 37) (38, 38) (3, 3) (97, 97) (40, 40) (29, 29) (24, 24) (30, 30) (29, 29) (45, 45) (51, 51) (58, 58) (82, 82) (51, 51) (85, 85) (37, 37) 
(38, 38) (77, 77) (8, 8) (48, 48) (46, 46) (89, 89) (96, 96) (50, 50) (21, 21) (38, 38) (57, 57) (26, 26) (97, 97) (70, 70) (23, 23) (18, 18) (33, 33) (34, 34) (35, 35) (69, 69) 
