NUMERO DE TRABAJOS
30
NUMERO DE RECURSOS
20
SECUENCIA DE MAQUINAS
11 18 19 9 1 10 3 13 7 5 15 0 4 6 8 17 16 2 14 12 
8 15 18 16 6 0 2 11 13 7 10 19 9 12 3 17 14 4 5 1 
17 18 2 4 14 7 10 12 13 0 19 15 5 16 1 11 9 6 8 3 
2 17 4 10 9 6 12 8 5 18 3 7 16 11 19 14 15 13 1 0 
4 11 18 9 2 12 16 5 7 6 8 15 3 13 14 10 0 1 19 17 
4 6 16 18 14 2 7 9 1 15 10 12 5 8 19 13 17 3 0 11 
19 14 11 3 6 9 15 4 2 12 17 10 13 8 0 16 7 1 5 18 
6 9 17 12 16 5 0 8 1 3 14 13 7 2 4 15 18 11 10 19 
10 16 17 5 15 18 14 2 0 1 4 13 7 12 9 6 8 3 19 11 
6 11 15 17 14 9 7 10 16 19 8 1 4 13 5 0 3 12 18 2 
10 11 7 14 5 2 19 15 1 12 8 0 16 13 9 4 17 3 18 6 
19 9 0 3 14 7 13 6 11 8 15 10 4 12 1 2 18 17 5 16 
6 16 10 13 9 18 14 4 1 8 17 5 2 12 3 19 0 7 15 11 
4 11 5 0 15 12 13 19 14 3 16 10 9 1 18 6 17 8 7 2 
1 12 3 15 11 2 5 8 16 9 17 7 4 13 6 14 0 10 19 18 
19 12 7 14 13 10 2 11 3 0 16 17 9 1 18 15 8 5 6 4 
16 19 12 9 3 5 6 17 13 4 8 7 1 10 14 0 11 15 2 18 
7 6 0 19 9 3 16 8 11 4 12 2 13 17 18 15 1 14 5 10 
12 9 19 14 7 8 0 13 16 11 6 3 1 2 4 5 10 15 18 17 
1 4 18 11 0 16 12 8 13 7 2 19 3 5 9 15 17 14 10 6 
10 16 3 5 4 7 11 19 15 14 9 8 6 18 12 0 1 2 13 17 
5 4 7 8 0 11 1 3 17 14 16 19 15 13 10 6 12 2 9 18 
13 14 16 5 0 7 18 12 1 3 19 17 11 4 2 9 15 8 6 10 
14 16 19 15 7 11 4 9 10 3 18 6 13 17 2 0 5 12 1 8 
8 13 6 5 1 19 14 17 9 0 12 11 3 4 7 10 15 18 16 2 
0 19 12 16 10 5 14 8 7 9 18 1 11 6 17 15 13 2 4 3 
12 14 11 6 0 9 3 13 4 1 18 15 8 5 2 7 10 16 17 19 
18 13 7 15 1 11 0 14 2 3 8 10 6 4 12 17 5 19 16 9 
11 5 7 10 8 1 2 6 14 12 17 13 0 4 16 9 3 19 15 18 
0 1 19 10 16 14 5 6 12 3 7 4 18 17 9 15 2 13 11 8 
DURACIONES
(38, 38) (65, 65) (92, 92) (13, 13) (61, 61) (56, 56) (95, 95) (77, 77) (40, 40) (23, 23) (87, 87) (96, 96) (95, 95) (51, 51) (98, 98) (44, 44) (10, 10) (57, 57) (44, 44) (28, 28) 
(81, 81) (37, 37) (13, 13) (48, 48) (7, 7) (87, 87) (12, 12) (23, 23) (83, 83) (69, 69) (26, 26) (61, 61) (16, 16) (60, 60) (79, 79) (52, 52) (84, 84) (93, 93) (73, 73) (92, 92) 
(70, 70) (1, 1) (72, 72) (36, 36) (66, 66) (65, 65) (62, 62) (98, 98) (22, 22) (65, 65) (26, 26) (89, 89) (12, 12) (52, 52) (73, 73) (52, 52) (28, 28) (60, 60) (11, 11) (26, 26) 
(4, 4) (27, 27) (65, 65) (39, 39) (93, 93) (12, 12) (92, 92) (86, 86) (9, 9) (87, 87) (65, 65) (79, 79) (92, 92) (41, 41) (97, 97) (45, 45) (84, 84) (89, 89) (64, 64) (37, 37) 
(60, 60) (89, 89) (16, 16) (24, 24) (49, 49) (93, 93) (80, 80) (35, 35) (61, 61) (46, 46) (36, 36) (68, 68) (23, 23) (13, 13) (51, 51) (25, 25) (76, 76) (46, 46) (98, 98) (58, 58) 
(35, 35) (18, 18) (72, 72) (86, 86) (99, 99) (52, 52) (48, 48) (98, 98) (58, 58) (7, 7) (26, 26) (15, 15) (3, 3) (37, 37) (92, 92) (9, 9) (63, 63) (20, 20) (91, 91) (86, 86) 
(56, 56) (10, 10) (62, 62) (8, 8) (50, 50) (19, 19) (53, 53) (69, 69) (67, 67) (8, 8) (10, 10) (22, 22) (40, 40) (85, 85) (44, 44) (22, 22) (1, 1) (90, 90) (47, 47) (59, 59) 
(82, 82) (83, 83) (75, 75) (89, 89) (72, 72) (39, 39) (47, 47) (39, 39) (15, 15) (1, 1) (64, 64) (66, 66) (17, 17) (68, 68) (43, 43) (63, 63) (96, 96) (37, 37) (64, 64) (35, 35) 
(58, 58) (48, 48) (19, 19) (17, 17) (33, 33) (29, 29) (46, 46) (81, 81) (11, 11) (88, 88) (58, 58) (70, 70) (99, 99) (96, 96) (90, 90) (46, 46) (69, 69) (92, 92) (4, 4) (45, 45) 
(74, 74) (78, 78) (79, 79) (44, 44) (2, 2) (63, 63) (68, 68) (57, 57) (33, 33) (90, 90) (69, 69) (91, 91) (35, 35) (80, 80) (26, 26) (44, 44) (91, 91) (27, 27) (2, 2) (61, 61) 
(59, 59) (46, 46) (81, 81) (42, 42) (53, 53) (44, 44) (21, 21) (45, 45) (91, 91) (4, 4) (76, 76) (18, 18) (72, 72) (78, 78) (20, 20) (44, 44) (52, 52) (37, 37) (68, 68) (33, 33) 
(2, 2) (63, 63) (82, 82) (37, 37) (3, 3) (53, 53) (89, 89) (31, 31) (63, 63) (6, 6) (98, 98) (2, 2) (23, 23) (38, 38) (87, 87) (91, 91) (60, 60) (55, 55) (93, 93) (38, 38) 
(74, 74) (85, 85) (55, 55) (52, 52) (87, 87) (25, 25) (85, 85) (33, 33) (42, 42) (65, 65) (59, 59) (91, 91) (91, 91) (16, 16) (30, 30) (62, 62) (70, 70) (14, 14) (35, 35) (19, 19) 
(16, 16) (23, 23) (70, 70) (41, 41) (12, 12) (99, 99) (26, 26) (43, 43) (14, 14) (91, 91) (50, 50) (78, 78) (1, 1) (2, 2) (4, 4) (80, 80) (14, 14) (63, 63) (55, 55) (14, 14) 
(86, 86) (32, 32) (56, 56) (81, 81) (52, 52) (14, 14) (7, 7) (74, 74) (33, 33) (69, 69) (23, 23) (68, 68) (45, 45) (19, 19) (38, 38) (35, 35) (21, 21) (42, 42) (86, 86) (98, 98) 
(33, 33) (51, 51) (96, 96) (5, 5) (56, 56) (90, 90) (50, 50) (41, 41) (34, 34) (93, 93) (61, 61) (67, 67) (60, 60) (31, 31) (5, 5) (41, 41) (85, 85) (58, 58) (57, 57) (10, 10) 
(25, 25) (92, 92) (17, 17) (94, 94) (67, 67) (60, 60) (71, 71) (28, 28) (70, 70) (97, 97) (56, 56) (29, 29) (56, 56) (41, 41) (57, 57) (70, 70) (26, 26) (50, 50) (2, 2) (44, 44) 
(27, 27) (48, 48) (85, 85) (17, 17) (1, 1) (86, 86) (88, 88) (43, 43) (58, 58) (82, 82) (51, 51) (59, 59) (38, 38) (99, 99) (7, 7) (49, 49) (88, 88) (56, 56) (80, 80) (1, 1) 
(61, 61) (48, 48) (90, 90) (59, 59) (80, 80) (44, 44) (26, 26) (44, 44) (86, 86) (31, 31) (72, 72) (29, 29) (68, 68) (29, 29) (49, 49) (23, 23) (59, 59) (61, 61) (70, 70) (49, 49) 
(37, 37) (45, 45) (24, 24) (88, 88) (18, 18) (33, 33) (42, 42) (4, 4) (7, 7) (69, 69) (68, 68) (39, 39) (87, 87) (61, 61) (42, 42) (16, 16) (43, 43) (83, 83) (6, 6) (36, 36) 
(91, 91) (35, 35) (9, 9) (98, 98) (49, 49) (96, 96) (68, 68) (81, 81) (10, 10) (58, 58) (21, 21) (90, 90) (26, 26) (36, 36) (91, 91) (52, 52) (9, 9) (49, 49) (15, 15) (80, 80) 
(11, 11) (78, 78) (59, 59) (47, 47) (11, 11) (24, 24) (55, 55) (87, 87) (28, 28) (2, 2) (23, 23) (38, 38) (71, 71) (69, 69) (97, 97) (74, 74) (43, 43) (57, 57) (44, 44) (23, 23) 
(13, 13) (54, 54) (19, 19) (3, 3) (4, 4) (13, 13) (77, 77) (74, 74) (2, 2) (66, 66) (81, 81) (60, 60) (38, 38) (90, 90) (67, 67) (34, 34) (27, 27) (57, 57) (72, 72) (7, 7) 
(29, 29) (69, 69) (13, 13) (96, 96) (90, 90) (24, 24) (90, 90) (3, 3) (57, 57) (83, 83) (78, 78) (4, 4) (24, 24) (65, 65) (44, 44) (21, 21) (56, 56) (73, 73) (93, 93) (97, 97) 
(53, 53) (13, 13) (18, 18) (33, 33) (79, 79) (45, 45) (17, 17) (47, 47) (45, 45) (79, 79) (7, 7) (89, 89) (51, 51) (32, 32) (26, 26) (32, 32) (43, 43) (62, 62) (31, 31) (14, 14) 
(63, 63) (56, 56) (68, 68) (49, 49) (40, 40) (51, 51) (3, 3) (87, 87) (63, 63) (52, 52) (95, 95) (56, 56) (97, 97) (30, 30) (99, 99) (39, 39) (6, 6) (76, 76) (34, 34) (73, 73) 
(68, 68) (31, 31) (59, 59) (6, 6) (30, 30) (58, 58) (73, 73) (62, 62) (71, 71) (96, 96) (23, 23) (71, 71) (20, 20) (11, 11) (50, 50) (92, 92) (62, 62) (67, 67) (10, 10) (65, 65) 
(98, 98) (83, 83) (89, 89) (64, 64) (4, 4) (27, 27) (79, 79) (25, 25) (78, 78) (36, 36) (52, 52) (41, 41) (21, 21) (62, 62) (78, 78) (92, 92) (92, 92) (88, 88) (80, 80) (64, 64) 
(88, 88) (78, 78) (10, 10) (14, 14) (8, 8) (18, 18) (10, 10) (37, 37) (49, 49) (27, 27) (94, 94) (95, 95) (37, 37) (23, 23) (15, 15) (87, 87) (54, 54) (1, 1) (74, 74) (40, 40) 
(21, 21) (3, 3) (32, 32) (51, 51) (9, 9) (76, 76) (23, 23) (73, 73) (53, 53) (81, 81) (74, 74) (92, 92) (69, 69) (56, 56) (93, 93) (52, 52) (83, 83) (1, 1) (17, 17) (46, 46) 
