NUMERO DE TRABAJOS
30
NUMERO DE RECURSOS
20
SECUENCIA DE MAQUINAS
19 12 14 10 15 7 11 17 1 5 8 0 18 2 3 4 9 13 6 16 
10 5 11 8 16 6 19 15 0 13 1 17 3 7 18 4 2 14 9 12 
15 19 10 5 6 7 3 9 1 16 17 11 14 12 4 18 2 8 13 0 
13 9 14 18 1 11 19 2 3 4 10 5 12 17 6 8 16 0 15 7 
3 2 10 8 1 4 5 15 12 11 13 7 0 16 17 9 6 19 14 18 
19 11 6 9 7 18 13 14 15 0 16 8 12 3 10 1 5 17 2 4 
15 10 5 9 19 0 8 18 12 13 6 4 17 14 7 2 1 16 3 11 
19 5 14 3 4 12 15 13 6 18 7 9 11 1 16 10 17 0 2 8 
12 5 19 10 8 11 0 17 4 6 13 9 16 3 2 14 7 15 1 18 
9 15 12 5 3 13 19 8 16 4 18 17 7 2 6 0 10 1 14 11 
1 19 18 10 6 2 15 14 7 17 11 13 5 12 16 4 0 9 3 8 
11 19 2 17 14 7 15 4 5 0 1 8 3 10 13 16 12 6 9 18 
6 5 3 11 13 14 9 12 8 0 19 1 2 18 4 7 15 17 10 16 
2 6 4 12 17 16 0 10 7 3 5 18 1 8 9 19 15 11 14 13 
9 5 1 7 11 0 8 12 2 19 10 6 4 15 13 18 14 16 3 17 
14 11 5 10 4 3 1 13 7 15 2 17 0 19 18 8 9 6 16 12 
2 12 5 13 17 4 14 7 6 11 19 0 16 10 15 3 9 18 1 8 
5 4 2 15 10 3 14 7 19 0 11 17 8 12 16 9 1 13 6 18 
4 9 13 5 8 6 7 17 0 12 1 3 16 15 19 10 2 11 18 14 
14 3 16 10 6 2 5 0 13 12 9 7 8 19 18 1 17 15 11 4 
17 13 16 15 5 4 3 11 0 7 10 2 12 14 1 8 19 18 9 6 
2 9 17 4 7 5 0 18 19 13 11 1 8 15 16 12 10 6 14 3 
12 4 18 1 19 5 14 8 0 10 15 6 17 2 11 16 3 13 9 7 
13 6 11 5 17 16 19 10 0 4 3 1 9 18 2 14 7 8 15 12 
14 9 13 11 2 5 6 17 8 4 12 0 15 1 18 19 3 7 16 10 
9 18 6 8 1 4 16 7 12 10 13 17 5 2 0 11 19 15 14 3 
2 19 15 8 14 3 4 1 6 11 17 12 13 5 9 16 18 7 10 0 
19 1 17 6 13 2 12 8 0 9 11 3 10 4 15 7 16 18 5 14 
17 14 6 5 18 16 13 0 19 9 2 7 10 8 4 1 12 15 3 11 
19 7 8 0 4 3 18 9 5 2 12 11 13 17 15 6 14 10 1 16 
DURACIONES
(49, 49) (91, 91) (1, 1) (37, 37) (32, 32) (69, 69) (56, 56) (65, 65) (45, 45) (66, 66) (17, 17) (72, 72) (38, 38) (64, 64) (20, 20) (68, 68) (71, 71) (51, 51) (17, 17) (26, 26) 
(59, 59) (43, 43) (90, 90) (51, 51) (96, 96) (62, 62) (35, 35) (6, 6) (54, 54) (81, 81) (3, 3) (80, 80) (94, 94) (39, 39) (37, 37) (21, 21) (52, 52) (51, 51) (36, 36) (89, 89) 
(57, 57) (90, 90) (34, 34) (37, 37) (60, 60) (51, 51) (27, 27) (29, 29) (53, 53) (20, 20) (45, 45) (16, 16) (2, 2) (24, 24) (34, 34) (18, 18) (2, 2) (75, 75) (78, 78) (46, 46) 
(33, 33) (15, 15) (68, 68) (19, 19) (43, 43) (7, 7) (2, 2) (19, 19) (15, 15) (58, 58) (80, 80) (48, 48) (49, 49) (82, 82) (63, 63) (26, 26) (4, 4) (38, 38) (62, 62) (41, 41) 
(82, 82) (63, 63) (72, 72) (47, 47) (56, 56) (89, 89) (71, 71) (91, 91) (75, 75) (93, 93) (59, 59) (58, 58) (20, 20) (84, 84) (63, 63) (50, 50) (48, 48) (85, 85) (39, 39) (45, 45) 
(56, 56) (32, 32) (34, 34) (30, 30) (40, 40) (67, 67) (30, 30) (49, 49) (17, 17) (17, 17) (15, 15) (58, 58) (47, 47) (15, 15) (21, 21) (74, 74) (85, 85) (7, 7) (41, 41) (79, 79) 
(5, 5) (76, 76) (48, 48) (58, 58) (23, 23) (44, 44) (63, 63) (56, 56) (59, 59) (72, 72) (34, 34) (82, 82) (86, 86) (43, 43) (70, 70) (41, 41) (97, 97) (57, 57) (38, 38) (24, 24) 
(59, 59) (34, 34) (66, 66) (20, 20) (13, 13) (88, 88) (95, 95) (6, 6) (68, 68) (41, 41) (51, 51) (20, 20) (80, 80) (1, 1) (43, 43) (6, 6) (37, 37) (34, 34) (72, 72) (62, 62) 
(55, 55) (59, 59) (53, 53) (74, 74) (77, 77) (72, 72) (76, 76) (95, 95) (66, 66) (2, 2) (26, 26) (53, 53) (41, 41) (28, 28) (26, 26) (69, 69) (74, 74) (60, 60) (79, 79) (5, 5) 
(63, 63) (94, 94) (86, 86) (97, 97) (94, 94) (82, 82) (88, 88) (25, 25) (10, 10) (72, 72) (39, 39) (49, 49) (5, 5) (38, 38) (85, 85) (42, 42) (89, 89) (22, 22) (34, 34) (18, 18) 
(62, 62) (65, 65) (25, 25) (74, 74) (48, 48) (73, 73) (92, 92) (69, 69) (2, 2) (17, 17) (79, 79) (81, 81) (55, 55) (37, 37) (79, 79) (95, 95) (94, 94) (31, 31) (16, 16) (44, 44) 
(53, 53) (14, 14) (77, 77) (92, 92) (32, 32) (47, 47) (93, 93) (41, 41) (6, 6) (71, 71) (69, 69) (70, 70) (96, 96) (11, 11) (39, 39) (10, 10) (15, 15) (39, 39) (98, 98) (29, 29) 
(25, 25) (80, 80) (38, 38) (44, 44) (78, 78) (39, 39) (29, 29) (40, 40) (5, 5) (47, 47) (61, 61) (47, 47) (63, 63) (80, 80) (46, 46) (76, 76) (15, 15) (54, 54) (21, 21) (25, 25) 
(53, 53) (99, 99) (44, 44) (54, 54) (89, 89) (75, 75) (26, 26) (58, 58) (30, 30) (17, 17) (3, 3) (17, 17) (14, 14) (1, 1) (60, 60) (49, 49) (76, 76) (83, 83) (9, 9) (32, 32) 
(22, 22) (10, 10) (94, 94) (54, 54) (91, 91) (99, 99) (91, 91) (8, 8) (39, 39) (59, 59) (3, 3) (55, 55) (29, 29) (37, 37) (6, 6) (64, 64) (81, 81) (84, 84) (29, 29) (95, 95) 
(72, 72) (67, 67) (29, 29) (57, 57) (9, 9) (40, 40) (78, 78) (99, 99) (53, 53) (66, 66) (85, 85) (31, 31) (42, 42) (83, 83) (46, 46) (27, 27) (47, 47) (60, 60) (67, 67) (47, 47) 
(45, 45) (44, 44) (83, 83) (8, 8) (60, 60) (2, 2) (10, 10) (3, 3) (29, 29) (9, 9) (37, 37) (29, 29) (22, 22) (97, 97) (6, 6) (41, 41) (81, 81) (74, 74) (62, 62) (95, 95) 
(92, 92) (37, 37) (32, 32) (28, 28) (29, 29) (62, 62) (93, 93) (30, 30) (92, 92) (45, 45) (35, 35) (77, 77) (46, 46) (47, 47) (46, 46) (81, 81) (43, 43) (43, 43) (30, 30) (18, 18) 
(49, 49) (86, 86) (20, 20) (90, 90) (4, 4) (44, 44) (72, 72) (22, 22) (90, 90) (1, 1) (30, 30) (71, 71) (77, 77) (62, 62) (48, 48) (25, 25) (89, 89) (6, 6) (95, 95) (44, 44) 
(62, 62) (63, 63) (92, 92) (16, 16) (20, 20) (69, 69) (65, 65) (81, 81) (21, 21) (54, 54) (97, 97) (79, 79) (37, 37) (97, 97) (93, 93) (55, 55) (70, 70) (60, 60) (36, 36) (57, 57) 
(76, 76) (54, 54) (76, 76) (36, 36) (93, 93) (67, 67) (35, 35) (37, 37) (44, 44) (88, 88) (3, 3) (22, 22) (73, 73) (65, 65) (26, 26) (3, 3) (99, 99) (78, 78) (38, 38) (30, 30) 
(77, 77) (82, 82) (66, 66) (75, 75) (95, 95) (72, 72) (76, 76) (52, 52) (72, 72) (4, 4) (70, 70) (76, 76) (61, 61) (88, 88) (39, 39) (36, 36) (88, 88) (69, 69) (58, 58) (14, 14) 
(65, 65) (8, 8) (90, 90) (57, 57) (73, 73) (2, 2) (62, 62) (48, 48) (76, 76) (87, 87) (53, 53) (23, 23) (76, 76) (74, 74) (99, 99) (34, 34) (71, 71) (27, 27) (87, 87) (46, 46) 
(76, 76) (54, 54) (75, 75) (69, 69) (44, 44) (26, 26) (63, 63) (75, 75) (78, 78) (78, 78) (39, 39) (7, 7) (73, 73) (27, 27) (55, 55) (23, 23) (55, 55) (29, 29) (56, 56) (36, 36) 
(17, 17) (42, 42) (56, 56) (84, 84) (44, 44) (74, 74) (62, 62) (55, 55) (55, 55) (31, 31) (71, 71) (11, 11) (16, 16) (29, 29) (50, 50) (72, 72) (64, 64) (42, 42) (28, 28) (70, 70) 
(76, 76) (56, 56) (78, 78) (2, 2) (6, 6) (71, 71) (19, 19) (69, 69) (30, 30) (87, 87) (57, 57) (33, 33) (87, 87) (68, 68) (24, 24) (31, 31) (56, 56) (5, 5) (19, 19) (82, 82) 
(64, 64) (36, 36) (19, 19) (90, 90) (65, 65) (80, 80) (26, 26) (2, 2) (52, 52) (72, 72) (17, 17) (29, 29) (60, 60) (16, 16) (6, 6) (91, 91) (79, 79) (43, 43) (99, 99) (26, 26) 
(82, 82) (80, 80) (60, 60) (93, 93) (54, 54) (24, 24) (87, 87) (63, 63) (59, 59) (85, 85) (13, 13) (32, 32) (93, 93) (33, 33) (15, 15) (48, 48) (72, 72) (23, 23) (97, 97) (76, 76) 
(61, 61) (6, 6) (87, 87) (74, 74) (67, 67) (44, 44) (63, 63) (12, 12) (81, 81) (61, 61) (26, 26) (23, 23) (76, 76) (93, 93) (97, 97) (75, 75) (76, 76) (46, 46) (66, 66) (54, 54) 
(77, 77) (6, 6) (62, 62) (22, 22) (81, 81) (44, 44) (28, 28) (97, 97) (16, 16) (7, 7) (34, 34) (3, 3) (93, 93) (12, 12) (35, 35) (88, 88) (9, 9) (93, 93) (87, 87) (51, 51) 
