NUMERO DE TRABAJOS
30
NUMERO DE RECURSOS
20
SECUENCIA DE MAQUINAS
11 19 16 7 12 1 10 8 6 18 2 13 17 14 0 3 15 4 5 9 
4 19 8 17 0 5 1 6 11 12 10 13 2 3 15 18 16 7 14 9 
19 10 14 11 3 2 13 1 0 12 9 18 4 5 16 17 7 6 8 15 
2 15 6 19 17 14 12 13 1 11 5 4 9 16 18 10 8 7 0 3 
17 8 10 16 19 4 2 6 0 3 9 12 11 7 1 15 14 13 18 5 
5 6 13 10 19 16 9 8 15 12 4 7 14 11 17 3 18 2 0 1 
2 19 4 8 9 6 7 5 11 1 13 14 17 18 10 3 12 16 0 15 
16 7 1 6 5 12 4 10 14 15 8 18 0 3 9 11 17 13 19 2 
12 0 2 4 1 6 14 16 19 3 17 5 11 8 9 10 13 15 7 18 
6 17 13 19 16 18 11 10 3 2 14 8 5 7 15 9 12 4 0 1 
12 18 11 7 17 10 6 9 3 19 14 1 4 15 0 2 13 5 8 16 
0 18 11 3 15 10 5 4 7 13 8 19 17 2 14 1 6 16 9 12 
3 4 7 6 5 15 8 13 17 12 9 10 18 2 14 0 11 1 19 16 
5 12 14 6 3 10 13 7 8 17 15 18 4 0 1 16 9 11 2 19 
7 4 10 13 11 16 18 12 8 15 19 1 0 17 2 3 9 14 6 5 
0 17 4 15 11 3 14 13 10 7 8 1 9 16 5 18 12 6 19 2 
19 1 11 17 5 18 7 10 12 2 0 3 4 13 6 8 16 9 15 14 
3 12 1 15 7 6 8 9 13 16 19 10 4 17 5 18 14 2 0 11 
11 10 15 12 7 19 9 4 8 2 1 5 6 3 17 13 0 16 18 14 
0 13 9 5 15 14 17 6 11 7 12 2 10 16 1 19 4 8 18 3 
14 2 13 16 9 19 7 6 18 15 4 17 0 12 5 3 11 8 10 1 
16 9 17 8 6 4 19 18 7 2 14 15 12 5 10 13 3 0 11 1 
5 19 2 16 10 6 13 4 11 1 3 17 9 8 15 7 18 12 14 0 
4 0 10 2 1 8 18 5 13 7 19 14 6 15 17 16 12 11 9 3 
6 5 10 11 3 7 0 8 15 9 17 4 2 19 16 12 13 18 1 14 
18 9 0 11 14 4 1 5 19 12 17 10 6 3 13 2 15 7 8 16 
17 0 16 4 18 1 8 5 15 2 3 7 19 12 11 14 13 9 10 6 
4 17 13 2 15 7 10 1 9 16 11 6 8 18 12 0 3 14 5 19 
6 18 5 2 3 17 19 1 14 9 12 0 15 10 4 13 16 11 8 7 
10 11 17 3 6 7 5 12 14 1 9 18 15 0 13 19 2 4 16 8 
DURACIONES
(66, 66) (38, 38) (15, 15) (7, 7) (93, 93) (57, 57) (92, 92) (56, 56) (93, 93) (60, 60) (40, 40) (74, 74) (59, 59) (72, 72) (21, 21) (24, 24) (24, 24) (57, 57) (74, 74) (69, 69) 
(88, 88) (70, 70) (42, 42) (14, 14) (66, 66) (8, 8) (32, 32) (77, 77) (11, 11) (30, 30) (48, 48) (97, 97) (89, 89) (82, 82) (81, 81) (89, 89) (76, 76) (87, 87) (44, 44) (26, 26) 
(53, 53) (82, 82) (37, 37) (85, 85) (31, 31) (81, 81) (24, 24) (67, 67) (3, 3) (12, 12) (8, 8) (72, 72) (87, 87) (69, 69) (19, 19) (35, 35) (97, 97) (46, 46) (73, 73) (12, 12) 
(31, 31) (50, 50) (74, 74) (12, 12) (52, 52) (89, 89) (67, 67) (52, 52) (21, 21) (11, 11) (31, 31) (69, 69) (35, 35) (99, 99) (24, 24) (93, 93) (87, 87) (15, 15) (20, 20) (66, 66) 
(14, 14) (90, 90) (14, 14) (68, 68) (6, 6) (79, 79) (14, 14) (15, 15) (17, 17) (68, 68) (19, 19) (46, 46) (72, 72) (33, 33) (20, 20) (12, 12) (56, 56) (97, 97) (26, 26) (36, 36) 
(71, 71) (95, 95) (2, 2) (81, 81) (93, 93) (21, 21) (98, 98) (64, 64) (30, 30) (40, 40) (67, 67) (65, 65) (16, 16) (33, 33) (51, 51) (49, 49) (68, 68) (89, 89) (92, 92) (35, 35) 
(28, 28) (33, 33) (81, 81) (94, 94) (11, 11) (61, 61) (36, 36) (33, 33) (92, 92) (83, 83) (14, 14) (97, 97) (36, 36) (61, 61) (72, 72) (65, 65) (26, 26) (14, 14) (4, 4) (80, 80) 
(70, 70) (96, 96) (35, 35) (11, 11) (99, 99) (83, 83) (39, 39) (43, 43) (87, 87) (19, 19) (14, 14) (46, 46) (91, 91) (17, 17) (32, 32) (32, 32) (38, 38) (46, 46) (96, 96) (22, 22) 
(69, 69) (36, 36) (8, 8) (21, 21) (2, 2) (32, 32) (75, 75) (81, 81) (47, 47) (64, 64) (80, 80) (75, 75) (49, 49) (41, 41) (82, 82) (25, 25) (89, 89) (33, 33) (29, 29) (47, 47) 
(9, 9) (36, 36) (22, 22) (59, 59) (32, 32) (33, 33) (72, 72) (27, 27) (45, 45) (19, 19) (49, 49) (35, 35) (57, 57) (87, 87) (59, 59) (49, 49) (83, 83) (52, 52) (66, 66) (61, 61) 
(24, 24) (53, 53) (61, 61) (31, 31) (14, 14) (19, 19) (26, 26) (91, 91) (53, 53) (41, 41) (77, 77) (66, 66) (81, 81) (32, 32) (29, 29) (83, 83) (13, 13) (31, 31) (6, 6) (21, 21) 
(45, 45) (89, 89) (29, 29) (7, 7) (47, 47) (47, 47) (25, 25) (45, 45) (60, 60) (28, 28) (83, 83) (68, 68) (12, 12) (37, 37) (69, 69) (46, 46) (47, 47) (91, 91) (20, 20) (45, 45) 
(23, 23) (55, 55) (60, 60) (52, 52) (17, 17) (75, 75) (54, 54) (76, 76) (35, 35) (61, 61) (51, 51) (84, 84) (38, 38) (94, 94) (30, 30) (14, 14) (78, 78) (29, 29) (99, 99) (88, 88) 
(14, 14) (22, 22) (99, 99) (59, 59) (89, 89) (44, 44) (98, 98) (56, 56) (22, 22) (33, 33) (41, 41) (46, 46) (65, 65) (85, 85) (38, 38) (3, 3) (19, 19) (39, 39) (5, 5) (72, 72) 
(12, 12) (27, 27) (8, 8) (13, 13) (26, 26) (35, 35) (33, 33) (49, 49) (29, 29) (39, 39) (37, 37) (1, 1) (74, 74) (22, 22) (38, 38) (31, 31) (6, 6) (98, 98) (86, 86) (69, 69) 
(72, 72) (74, 74) (6, 6) (58, 58) (27, 27) (21, 21) (19, 19) (97, 97) (8, 8) (70, 70) (49, 49) (25, 25) (39, 39) (95, 95) (71, 71) (81, 81) (88, 88) (11, 11) (93, 93) (71, 71) 
(11, 11) (82, 82) (82, 82) (80, 80) (74, 74) (60, 60) (43, 43) (75, 75) (4, 4) (64, 64) (52, 52) (73, 73) (77, 77) (80, 80) (89, 89) (66, 66) (28, 28) (62, 62) (82, 82) (42, 42) 
(11, 11) (16, 16) (12, 12) (72, 72) (35, 35) (83, 83) (73, 73) (41, 41) (23, 23) (63, 63) (16, 16) (37, 37) (28, 28) (88, 88) (75, 75) (51, 51) (23, 23) (40, 40) (4, 4) (78, 78) 
(53, 53) (30, 30) (85, 85) (8, 8) (67, 67) (35, 35) (58, 58) (29, 29) (54, 54) (16, 16) (58, 58) (73, 73) (15, 15) (82, 82) (76, 76) (88, 88) (71, 71) (57, 57) (63, 63) (13, 13) 
(34, 34) (17, 17) (36, 36) (96, 96) (84, 84) (84, 84) (29, 29) (56, 56) (83, 83) (84, 84) (52, 52) (37, 37) (41, 41) (93, 93) (79, 79) (93, 93) (37, 37) (1, 1) (45, 45) (33, 33) 
(19, 19) (79, 79) (43, 43) (43, 43) (64, 64) (2, 2) (14, 14) (58, 58) (47, 47) (23, 23) (93, 93) (19, 19) (57, 57) (77, 77) (32, 32) (61, 61) (27, 27) (25, 25) (52, 52) (53, 53) 
(3, 3) (1, 1) (73, 73) (81, 81) (88, 88) (56, 56) (58, 58) (14, 14) (88, 88) (68, 68) (16, 16) (78, 78) (48, 48) (30, 30) (68, 68) (5, 5) (47, 47) (28, 28) (71, 71) (19, 19) 
(39, 39) (72, 72) (37, 37) (33, 33) (53, 53) (95, 95) (8, 8) (13, 13) (23, 23) (40, 40) (15, 15) (6, 6) (25, 25) (1, 1) (22, 22) (30, 30) (10, 10) (7, 7) (59, 59) (14, 14) 
(37, 37) (98, 98) (81, 81) (73, 73) (58, 58) (27, 27) (22, 22) (39, 39) (98, 98) (35, 35) (98, 98) (73, 73) (25, 25) (73, 73) (72, 72) (79, 79) (54, 54) (94, 94) (27, 27) (30, 30) 
(49, 49) (63, 63) (97, 97) (87, 87) (86, 86) (81, 81) (15, 15) (92, 92) (73, 73) (76, 76) (53, 53) (75, 75) (93, 93) (70, 70) (35, 35) (13, 13) (85, 85) (95, 95) (39, 39) (57, 57) 
(34, 34) (42, 42) (63, 63) (73, 73) (6, 6) (71, 71) (76, 76) (86, 86) (97, 97) (16, 16) (54, 54) (44, 44) (49, 49) (94, 94) (92, 92) (24, 24) (31, 31) (72, 72) (35, 35) (46, 46) 
(4, 4) (72, 72) (30, 30) (47, 47) (83, 83) (23, 23) (88, 88) (72, 72) (76, 76) (4, 4) (10, 10) (89, 89) (75, 75) (75, 75) (24, 24) (63, 63) (76, 76) (77, 77) (36, 36) (88, 88) 
(80, 80) (68, 68) (65, 65) (15, 15) (36, 36) (34, 34) (94, 94) (7, 7) (99, 99) (44, 44) (72, 72) (12, 12) (33, 33) (77, 77) (24, 24) (57, 57) (68, 68) (1, 1) (3, 3) (6, 6) 
(90, 90) (3, 3) (70, 70) (5, 5) (72, 72) (60, 60) (32, 32) (91, 91) (42, 42) (54, 54) (18, 18) (63, 63) (54, 54) (83, 83) (92, 92) (57, 57) (96, 96) (11, 11) (98, 98) (47, 47) 
(77, 77) (33, 33) (66, 66) (68, 68) (99, 99) (47, 47) (52, 52) (88, 88) (4, 4) (71, 71) (20, 20) (29, 29) (82, 82) (11, 11) (16, 16) (57, 57) (4, 4) (18, 18) (29, 29) (68, 68) 
