NUMERO DE TRABAJOS
30
NUMERO DE RECURSOS
20
SECUENCIA DE MAQUINAS
6 5 15 8 13 2 10 17 11 0 9 1 19 4 16 3 12 7 18 14 
2 13 11 4 18 12 16 17 19 14 5 3 1 7 9 6 15 0 8 10 
18 16 14 13 0 7 1 19 3 12 15 6 5 2 8 9 4 10 17 11 
9 10 5 14 18 2 8 11 12 3 4 1 6 19 13 7 0 16 15 17 
8 3 7 9 5 1 17 4 14 15 13 12 16 10 11 0 19 6 2 18 
6 8 9 2 13 14 1 3 15 19 4 0 18 10 12 17 5 16 11 7 
16 7 12 2 13 6 5 8 3 18 9 15 17 11 14 0 19 10 1 4 
9 5 2 8 10 13 4 1 11 17 19 3 14 16 0 7 15 18 12 6 
16 4 15 1 11 8 3 6 9 17 0 18 10 2 12 13 19 5 14 7 
3 14 15 17 8 10 6 19 0 18 9 1 16 5 4 13 11 12 7 2 
2 15 4 16 7 8 1 6 18 19 10 14 5 3 17 13 0 11 12 9 
13 11 5 9 17 6 7 16 0 8 15 10 18 1 2 19 4 3 14 12 
16 7 13 12 2 19 10 14 15 17 5 1 4 11 0 18 3 9 6 8 
2 0 19 8 18 10 17 3 13 6 14 16 12 7 4 1 11 15 5 9 
5 1 14 9 8 3 11 10 0 7 13 12 2 16 19 17 4 15 18 6 
17 16 4 0 15 5 3 14 12 2 10 18 8 6 1 19 11 13 9 7 
10 4 3 1 17 0 5 8 7 12 19 13 15 9 14 2 16 11 6 18 
3 16 15 5 13 11 19 12 8 6 18 7 17 10 0 1 14 2 4 9 
14 0 11 5 4 12 18 8 10 13 16 7 6 1 3 9 15 17 2 19 
7 4 11 2 15 14 5 19 16 1 9 13 3 8 10 12 0 6 17 18 
8 6 10 15 5 3 18 1 17 9 19 4 16 13 0 7 11 14 2 12 
10 17 6 8 7 19 2 0 3 5 4 1 14 16 9 18 12 11 15 13 
7 0 14 9 1 6 11 10 2 17 15 5 19 8 18 12 4 13 16 3 
18 15 16 10 12 6 2 1 17 5 13 4 7 8 9 19 11 3 0 14 
0 6 12 4 8 1 5 17 15 2 7 9 11 13 16 3 10 18 14 19 
18 9 6 4 11 19 8 10 3 0 13 15 12 2 16 5 17 7 1 14 
5 10 1 14 11 18 16 7 9 13 17 15 2 12 6 3 8 4 0 19 
5 6 8 3 15 19 4 2 16 14 13 10 1 7 18 9 0 11 12 17 
18 8 1 14 4 6 15 10 7 13 17 5 11 16 3 12 2 0 9 19 
6 13 5 8 2 18 17 19 14 10 7 15 0 9 11 4 1 3 16 12 
DURACIONES
(59, 59) (77, 77) (73, 73) (46, 46) (99, 99) (7, 7) (11, 11) (75, 75) (27, 27) (22, 22) (33, 33) (70, 70) (9, 9) (17, 17) (33, 33) (17, 17) (40, 40) (75, 75) (15, 15) (80, 80) 
(16, 16) (25, 25) (8, 8) (41, 41) (48, 48) (88, 88) (38, 38) (61, 61) (27, 27) (78, 78) (84, 84) (7, 7) (16, 16) (90, 90) (66, 66) (41, 41) (3, 3) (47, 47) (33, 33) (57, 57) 
(87, 87) (14, 14) (49, 49) (90, 90) (87, 87) (29, 29) (47, 47) (68, 68) (12, 12) (68, 68) (66, 66) (58, 58) (67, 67) (89, 89) (32, 32) (89, 89) (2, 2) (63, 63) (70, 70) (77, 77) 
(10, 10) (74, 74) (56, 56) (88, 88) (77, 77) (79, 79) (69, 69) (42, 42) (12, 12) (76, 76) (78, 78) (74, 74) (1, 1) (16, 16) (34, 34) (60, 60) (66, 66) (71, 71) (77, 77) (84, 84) 
(95, 95) (24, 24) (86, 86) (61, 61) (67, 67) (4, 4) (27, 27) (8, 8) (13, 13) (12, 12) (43, 43) (64, 64) (6, 6) (50, 50) (36, 36) (46, 46) (71, 71) (81, 81) (42, 42) (4, 4) 
(82, 82) (99, 99) (34, 34) (4, 4) (89, 89) (84, 84) (77, 77) (51, 51) (12, 12) (72, 72) (37, 37) (4, 4) (18, 18) (91, 91) (99, 99) (16, 16) (6, 6) (4, 4) (77, 77) (97, 97) 
(37, 37) (44, 44) (81, 81) (72, 72) (13, 13) (66, 66) (52, 52) (68, 68) (4, 4) (14, 14) (31, 31) (91, 91) (71, 71) (86, 86) (4, 4) (55, 55) (7, 7) (8, 8) (89, 89) (80, 80) 
(34, 34) (32, 32) (55, 55) (66, 66) (18, 18) (76, 76) (32, 32) (28, 28) (7, 7) (75, 75) (77, 77) (24, 24) (91, 91) (4, 4) (72, 72) (84, 84) (50, 50) (45, 45) (25, 25) (6, 6) 
(6, 6) (97, 97) (68, 68) (22, 22) (82, 82) (74, 74) (12, 12) (80, 80) (79, 79) (15, 15) (48, 48) (91, 91) (51, 51) (19, 19) (74, 74) (48, 48) (68, 68) (43, 43) (13, 13) (31, 31) 
(82, 82) (19, 19) (80, 80) (13, 13) (35, 35) (98, 98) (68, 68) (12, 12) (1, 1) (15, 15) (58, 58) (94, 94) (54, 54) (74, 74) (9, 9) (50, 50) (82, 82) (68, 68) (23, 23) (76, 76) 
(79, 79) (20, 20) (74, 74) (43, 43) (88, 88) (99, 99) (46, 46) (75, 75) (67, 67) (81, 81) (94, 94) (6, 6) (60, 60) (93, 93) (88, 88) (39, 39) (32, 32) (88, 88) (80, 80) (30, 30) 
(74, 74) (53, 53) (31, 31) (1, 1) (19, 19) (18, 18) (38, 38) (79, 79) (46, 46) (74, 74) (82, 82) (84, 84) (27, 27) (46, 46) (11, 11) (37, 37) (97, 97) (88, 88) (25, 25) (51, 51) 
(59, 59) (59, 59) (55, 55) (20, 20) (92, 92) (1, 1) (31, 31) (61, 61) (87, 87) (10, 10) (40, 40) (35, 35) (15, 15) (86, 86) (20, 20) (43, 43) (39, 39) (9, 9) (38, 38) (28, 28) 
(26, 26) (2, 2) (81, 81) (64, 64) (9, 9) (47, 47) (28, 28) (78, 78) (64, 64) (77, 77) (16, 16) (69, 69) (50, 50) (81, 81) (31, 31) (87, 87) (42, 42) (23, 23) (46, 46) (45, 45) 
(61, 61) (7, 7) (75, 75) (72, 72) (83, 83) (8, 8) (63, 63) (27, 27) (81, 81) (76, 76) (57, 57) (7, 7) (88, 88) (62, 62) (5, 5) (32, 32) (25, 25) (53, 53) (43, 43) (75, 75) 
(12, 12) (48, 48) (71, 71) (54, 54) (49, 49) (47, 47) (37, 37) (72, 72) (39, 39) (77, 77) (94, 94) (82, 82) (49, 49) (42, 42) (87, 87) (2, 2) (10, 10) (58, 58) (81, 81) (41, 41) 
(84, 84) (36, 36) (98, 98) (10, 10) (22, 22) (53, 53) (51, 51) (95, 95) (62, 62) (82, 82) (48, 48) (10, 10) (29, 29) (68, 68) (60, 60) (5, 5) (41, 41) (15, 15) (84, 84) (45, 45) 
(9, 9) (40, 40) (20, 20) (39, 39) (83, 83) (28, 28) (94, 94) (68, 68) (19, 19) (25, 25) (13, 13) (63, 63) (69, 69) (17, 17) (74, 74) (95, 95) (91, 91) (89, 89) (16, 16) (35, 35) 
(69, 69) (80, 80) (20, 20) (99, 99) (23, 23) (8, 8) (43, 43) (34, 34) (35, 35) (83, 83) (41, 41) (5, 5) (86, 86) (16, 16) (29, 29) (92, 92) (44, 44) (54, 54) (21, 21) (81, 81) 
(82, 82) (97, 97) (5, 5) (36, 36) (40, 40) (58, 58) (8, 8) (59, 59) (78, 78) (18, 18) (32, 32) (34, 34) (66, 66) (25, 25) (10, 10) (36, 36) (88, 88) (50, 50) (82, 82) (35, 35) 
(74, 74) (42, 42) (86, 86) (22, 22) (39, 39) (45, 45) (26, 26) (63, 63) (65, 65) (70, 70) (33, 33) (39, 39) (74, 74) (75, 75) (8, 8) (26, 26) (25, 25) (13, 13) (72, 72) (98, 98) 
(25, 25) (46, 46) (61, 61) (74, 74) (40, 40) (25, 25) (42, 42) (5, 5) (2, 2) (65, 65) (1, 1) (77, 77) (13, 13) (42, 42) (31, 31) (45, 45) (7, 7) (20, 20) (95, 95) (75, 75) 
(50, 50) (78, 78) (72, 72) (53, 53) (67, 67) (46, 46) (95, 95) (29, 29) (3, 3) (31, 31) (8, 8) (26, 26) (60, 60) (52, 52) (35, 35) (57, 57) (57, 57) (91, 91) (91, 91) (35, 35) 
(26, 26) (80, 80) (71, 71) (64, 64) (57, 57) (43, 43) (72, 72) (99, 99) (87, 87) (81, 81) (15, 15) (23, 23) (73, 73) (7, 7) (70, 70) (98, 98) (66, 66) (47, 47) (10, 10) (73, 73) 
(20, 20) (55, 55) (87, 87) (10, 10) (16, 16) (59, 59) (91, 91) (82, 82) (53, 53) (67, 67) (60, 60) (34, 34) (78, 78) (66, 66) (98, 98) (39, 39) (14, 14) (65, 65) (52, 52) (54, 54) 
(3, 3) (26, 26) (8, 8) (42, 42) (70, 70) (17, 17) (56, 56) (31, 31) (29, 29) (88, 88) (60, 60) (81, 81) (23, 23) (23, 23) (43, 43) (29, 29) (74, 74) (29, 29) (30, 30) (63, 63) 
(67, 67) (66, 66) (88, 88) (78, 78) (79, 79) (37, 37) (6, 6) (35, 35) (61, 61) (3, 3) (67, 67) (51, 51) (64, 64) (69, 69) (65, 65) (90, 90) (95, 95) (11, 11) (28, 28) (50, 50) 
(54, 54) (52, 52) (16, 16) (39, 39) (56, 56) (51, 51) (49, 49) (70, 70) (59, 59) (66, 66) (57, 57) (74, 74) (86, 86) (83, 83) (82, 82) (65, 65) (40, 40) (89, 89) (53, 53) (3, 3) 
(68, 68) (44, 44) (62, 62) (25, 25) (69, 69) (48, 48) (68, 68) (70, 70) (61, 61) (51, 51) (74, 74) (24, 24) (54, 54) (69, 69) (69, 69) (33, 33) (61, 61) (18, 18) (36, 36) (78, 78) 
(7, 7) (26, 26) (79, 79) (65, 65) (16, 16) (3, 3) (71, 71) (62, 62) (42, 42) (44, 44) (73, 73) (79, 79) (9, 9) (61, 61) (63, 63) (12, 12) (47, 47) (67, 67) (34, 34) (5, 5) 
