NUMERO DE TRABAJOS
30
NUMERO DE RECURSOS
20
SECUENCIA DE MAQUINAS
8 10 5 13 11 17 19 18 9 15 3 16 0 12 7 2 1 14 6 4 
14 18 1 2 13 9 16 6 19 17 7 8 3 10 0 11 15 5 12 4 
9 6 13 10 5 15 2 8 19 1 4 18 11 7 16 12 0 3 14 17 
14 3 10 16 18 1 17 0 6 8 2 11 19 5 7 15 12 9 4 13 
5 16 11 9 17 10 18 15 0 19 6 4 13 2 1 14 3 12 7 8 
7 9 1 2 4 6 10 18 17 8 5 0 19 15 14 13 11 12 3 16 
0 12 1 14 18 6 8 17 10 2 19 5 16 11 7 13 9 3 15 4 
16 14 18 11 1 10 5 9 7 2 12 15 17 8 0 4 19 3 6 13 
10 19 18 15 8 0 2 9 13 3 6 7 12 11 1 4 5 16 14 17 
9 14 10 19 8 12 7 6 18 2 11 0 13 15 16 1 17 4 3 5 
3 4 18 15 6 2 16 7 5 12 9 17 0 8 1 10 14 11 19 13 
2 4 1 15 16 3 17 6 11 12 7 18 8 13 0 14 19 10 9 5 
16 19 10 9 14 12 18 2 17 15 6 7 5 11 1 0 4 3 8 13 
12 3 17 4 8 9 2 11 13 5 18 10 6 7 1 15 16 14 0 19 
7 0 18 19 15 2 9 1 10 6 3 11 13 12 8 4 16 17 5 14 
1 19 14 7 17 0 13 11 16 12 10 9 6 3 18 8 15 5 4 2 
10 17 9 16 18 4 2 11 5 15 8 3 7 0 12 6 14 19 13 1 
12 11 7 9 19 16 17 6 15 13 10 4 1 8 5 0 2 3 14 18 
15 17 10 4 14 1 3 18 8 16 6 2 0 7 11 12 5 13 19 9 
0 11 17 10 15 5 12 9 6 3 4 1 7 14 16 2 8 13 18 19 
13 6 4 8 18 12 0 5 3 9 1 14 11 16 2 15 7 19 17 10 
8 6 14 12 0 9 10 2 18 19 13 5 17 1 11 7 4 15 3 16 
12 16 8 4 19 9 13 6 3 2 10 5 14 11 15 1 17 18 0 7 
10 18 8 15 6 7 2 0 11 5 17 12 14 9 13 3 4 1 19 16 
6 16 4 15 0 12 7 10 5 13 17 3 14 18 1 19 8 2 9 11 
13 19 0 5 14 8 10 17 15 12 18 3 16 11 6 1 7 2 9 4 
16 18 11 15 17 4 9 1 10 5 13 3 8 0 14 2 19 12 7 6 
7 0 18 16 6 13 17 5 14 11 9 19 3 12 4 8 10 15 1 2 
17 16 9 1 0 15 11 5 3 18 12 14 13 2 7 19 10 8 4 6 
7 1 16 17 3 13 0 19 6 10 9 8 15 18 5 2 11 14 12 4 
DURACIONES
(17, 17) (42, 42) (3, 3) (77, 77) (53, 53) (65, 65) (14, 14) (14, 14) (77, 77) (22, 22) (26, 26) (53, 53) (36, 36) (66, 66) (26, 26) (56, 56) (14, 14) (41, 41) (69, 69) (85, 85) 
(57, 57) (93, 93) (85, 85) (20, 20) (94, 94) (3, 3) (59, 59) (80, 80) (40, 40) (83, 83) (67, 67) (55, 55) (25, 25) (24, 24) (74, 74) (47, 47) (37, 37) (98, 98) (9, 9) (84, 84) 
(2, 2) (62, 62) (35, 35) (87, 87) (37, 37) (79, 79) (4, 4) (79, 79) (61, 61) (35, 35) (39, 39) (26, 26) (24, 24) (17, 17) (8, 8) (88, 88) (39, 39) (25, 25) (92, 92) (48, 48) 
(51, 51) (30, 30) (79, 79) (27, 27) (25, 25) (13, 13) (3, 3) (23, 23) (17, 17) (22, 22) (45, 45) (13, 13) (72, 72) (52, 52) (56, 56) (56, 56) (84, 84) (16, 16) (50, 50) (64, 64) 
(72, 72) (80, 80) (4, 4) (7, 7) (85, 85) (30, 30) (75, 75) (47, 47) (94, 94) (11, 11) (75, 75) (63, 63) (58, 58) (63, 63) (4, 4) (33, 33) (47, 47) (78, 78) (8, 8) (20, 20) 
(32, 32) (82, 82) (45, 45) (14, 14) (10, 10) (60, 60) (98, 98) (95, 95) (61, 61) (88, 88) (66, 66) (79, 79) (98, 98) (44, 44) (48, 48) (27, 27) (47, 47) (31, 31) (13, 13) (50, 50) 
(32, 32) (53, 53) (33, 33) (70, 70) (59, 59) (41, 41) (95, 95) (65, 65) (91, 91) (7, 7) (19, 19) (82, 82) (93, 93) (56, 56) (44, 44) (47, 47) (32, 32) (62, 62) (52, 52) (15, 15) 
(5, 5) (44, 44) (94, 94) (20, 20) (35, 35) (75, 75) (92, 92) (30, 30) (69, 69) (4, 4) (99, 99) (71, 71) (18, 18) (1, 1) (75, 75) (44, 44) (35, 35) (37, 37) (53, 53) (96, 96) 
(60, 60) (54, 54) (41, 41) (45, 45) (79, 79) (19, 19) (53, 53) (91, 91) (1, 1) (74, 74) (16, 16) (56, 56) (75, 75) (95, 95) (90, 90) (86, 86) (58, 58) (42, 42) (79, 79) (8, 8) 
(78, 78) (56, 56) (24, 24) (60, 60) (88, 88) (47, 47) (33, 33) (11, 11) (92, 92) (72, 72) (42, 42) (88, 88) (30, 30) (57, 57) (97, 97) (25, 25) (26, 26) (5, 5) (62, 62) (45, 45) 
(95, 95) (62, 62) (53, 53) (69, 69) (45, 45) (48, 48) (49, 49) (59, 59) (37, 37) (23, 23) (94, 94) (19, 19) (79, 79) (81, 81) (9, 9) (66, 66) (32, 32) (17, 17) (38, 38) (59, 59) 
(61, 61) (73, 73) (79, 79) (25, 25) (75, 75) (5, 5) (76, 76) (26, 26) (69, 69) (18, 18) (21, 21) (21, 21) (16, 16) (39, 39) (15, 15) (64, 64) (98, 98) (70, 70) (54, 54) (32, 32) 
(46, 46) (94, 94) (33, 33) (24, 24) (31, 31) (57, 57) (57, 57) (8, 8) (88, 88) (55, 55) (69, 69) (51, 51) (94, 94) (43, 43) (35, 35) (61, 61) (14, 14) (30, 30) (84, 84) (79, 79) 
(97, 97) (7, 7) (59, 59) (87, 87) (57, 57) (37, 37) (4, 4) (2, 2) (23, 23) (45, 45) (73, 73) (72, 72) (98, 98) (79, 79) (61, 61) (15, 15) (80, 80) (77, 77) (15, 15) (76, 76) 
(53, 53) (66, 66) (42, 42) (59, 59) (6, 6) (60, 60) (30, 30) (59, 59) (63, 63) (61, 61) (83, 83) (14, 14) (78, 78) (90, 90) (38, 38) (88, 88) (20, 20) (23, 23) (81, 81) (64, 64) 
(75, 75) (38, 38) (15, 15) (48, 48) (37, 37) (92, 92) (99, 99) (37, 37) (79, 79) (28, 28) (68, 68) (20, 20) (6, 6) (57, 57) (79, 79) (97, 97) (76, 76) (11, 11) (6, 6) (95, 95) 
(74, 74) (45, 45) (93, 93) (9, 9) (58, 58) (16, 16) (27, 27) (19, 19) (19, 19) (69, 69) (82, 82) (25, 25) (31, 31) (51, 51) (85, 85) (42, 42) (10, 10) (85, 85) (85, 85) (27, 27) 
(30, 30) (5, 5) (54, 54) (3, 3) (63, 63) (47, 47) (59, 59) (45, 45) (63, 63) (40, 40) (10, 10) (16, 16) (42, 42) (46, 46) (66, 66) (34, 34) (1, 1) (15, 15) (81, 81) (69, 69) 
(98, 98) (89, 89) (45, 45) (11, 11) (12, 12) (49, 49) (44, 44) (98, 98) (15, 15) (79, 79) (98, 98) (48, 48) (19, 19) (90, 90) (20, 20) (20, 20) (13, 13) (78, 78) (32, 32) (39, 39) 
(20, 20) (4, 4) (65, 65) (99, 99) (56, 56) (61, 61) (45, 45) (93, 93) (32, 32) (44, 44) (62, 62) (94, 94) (57, 57) (58, 58) (44, 44) (88, 88) (1, 1) (65, 65) (73, 73) (64, 64) 
(15, 15) (71, 71) (39, 39) (31, 31) (32, 32) (80, 80) (54, 54) (38, 38) (51, 51) (50, 50) (58, 58) (96, 96) (96, 96) (9, 9) (65, 65) (32, 32) (19, 19) (54, 54) (7, 7) (10, 10) 
(53, 53) (19, 19) (68, 68) (99, 99) (77, 77) (12, 12) (81, 81) (96, 96) (46, 46) (56, 56) (41, 41) (8, 8) (93, 93) (10, 10) (75, 75) (75, 75) (85, 85) (32, 32) (80, 80) (84, 84) 
(96, 96) (9, 9) (42, 42) (52, 52) (66, 66) (80, 80) (45, 45) (91, 91) (31, 31) (40, 40) (12, 12) (60, 60) (99, 99) (57, 57) (68, 68) (44, 44) (16, 16) (55, 55) (6, 6) (84, 84) 
(98, 98) (29, 29) (75, 75) (40, 40) (81, 81) (73, 73) (70, 70) (29, 29) (85, 85) (3, 3) (89, 89) (12, 12) (1, 1) (46, 46) (30, 30) (28, 28) (82, 82) (10, 10) (18, 18) (97, 97) 
(21, 21) (47, 47) (2, 2) (63, 63) (57, 57) (25, 25) (25, 25) (80, 80) (70, 70) (44, 44) (7, 7) (30, 30) (62, 62) (55, 55) (68, 68) (56, 56) (1, 1) (25, 25) (5, 5) (13, 13) 
(41, 41) (6, 6) (7, 7) (80, 80) (93, 93) (12, 12) (54, 54) (12, 12) (38, 38) (30, 30) (68, 68) (36, 36) (19, 19) (46, 46) (71, 71) (71, 71) (94, 94) (66, 66) (99, 99) (57, 57) 
(57, 57) (55, 55) (46, 46) (15, 15) (61, 61) (64, 64) (19, 19) (14, 14) (49, 49) (58, 58) (54, 54) (54, 54) (50, 50) (32, 32) (40, 40) (47, 47) (70, 70) (97, 97) (50, 50) (65, 65) 
(53, 53) (32, 32) (2, 2) (85, 85) (17, 17) (94, 94) (46, 46) (83, 83) (63, 63) (67, 67) (46, 46) (84, 84) (34, 34) (22, 22) (24, 24) (70, 70) (63, 63) (14, 14) (76, 76) (67, 67) 
(25, 25) (83, 83) (87, 87) (50, 50) (60, 60) (63, 63) (86, 86) (5, 5) (11, 11) (27, 27) (8, 8) (32, 32) (16, 16) (49, 49) (20, 20) (42, 42) (59, 59) (13, 13) (86, 86) (38, 38) 
(64, 64) (20, 20) (31, 31) (14, 14) (50, 50) (93, 93) (72, 72) (74, 74) (13, 13) (42, 42) (18, 18) (25, 25) (83, 83) (33, 33) (21, 21) (92, 92) (48, 48) (60, 60) (4, 4) (80, 80) 
