NUMERO DE TRABAJOS
30
NUMERO DE RECURSOS
20
SECUENCIA DE MAQUINAS
2 8 6 0 4 15 16 13 5 12 10 7 14 19 1 3 18 17 9 11 
0 10 13 3 2 7 1 16 9 17 18 15 11 8 19 5 4 12 14 6 
0 19 11 9 15 3 13 18 1 5 7 6 10 4 14 8 12 2 16 17 
7 19 10 11 9 14 6 12 16 13 5 15 4 3 17 8 1 18 2 0 
0 6 11 1 3 16 19 12 10 7 5 2 15 4 18 14 9 8 13 17 
17 8 19 16 0 12 13 14 3 2 1 10 7 9 15 4 6 11 18 5 
18 1 9 11 17 0 2 6 16 10 4 14 19 12 15 7 3 5 8 13 
14 9 11 8 2 16 4 1 19 6 0 7 15 18 12 17 13 3 5 10 
3 14 9 0 11 10 4 12 5 16 2 1 13 7 17 19 6 18 8 15 
13 7 9 0 3 8 11 4 5 14 15 6 2 17 1 10 19 18 16 12 
4 17 2 8 11 19 18 13 12 3 1 10 5 15 14 9 16 6 7 0 
6 0 12 18 1 14 19 16 10 8 17 11 2 13 7 4 5 15 3 9 
2 7 13 0 19 4 9 11 16 3 5 6 14 18 12 15 10 1 17 8 
14 3 6 7 8 12 15 5 16 4 0 17 1 18 2 19 10 11 9 13 
18 11 2 3 5 4 15 13 19 6 1 14 0 12 8 9 16 7 10 17 
10 13 16 8 17 11 7 5 14 15 6 3 0 19 18 2 4 12 1 9 
2 10 19 7 18 4 6 5 0 11 13 1 9 12 8 16 14 3 15 17 
1 13 11 2 3 18 17 9 16 6 12 15 0 4 7 14 8 5 10 19 
18 10 12 16 1 11 8 19 9 17 5 2 13 14 7 6 15 0 3 4 
7 8 14 11 10 13 6 16 19 2 18 3 5 4 1 12 15 0 9 17 
11 6 17 8 4 12 1 0 19 9 16 18 2 3 10 15 14 7 5 13 
16 19 4 5 3 18 15 8 13 0 10 14 11 1 12 2 9 6 17 7 
3 4 2 9 7 16 0 5 13 11 8 14 18 10 17 6 12 15 1 19 
7 2 14 5 6 9 10 15 3 16 18 12 11 17 0 8 4 13 19 1 
17 11 18 7 12 4 10 3 8 13 2 9 15 19 6 1 16 14 5 0 
1 4 10 7 0 9 14 5 2 18 6 3 19 16 11 12 15 17 13 8 
10 14 12 6 18 2 13 8 9 19 11 15 17 7 0 5 16 3 1 4 
14 13 1 5 17 2 4 18 3 12 19 0 10 9 11 8 7 15 16 6 
5 11 16 12 15 10 0 2 14 4 8 1 18 9 17 7 19 6 3 13 
19 14 4 8 0 1 15 9 3 12 6 13 17 7 11 16 5 2 18 10 
DURACIONES
(96, 96) (26, 26) (33, 33) (19, 19) (43, 43) (17, 17) (26, 26) (66, 66) (84, 84) (56, 56) (83, 83) (66, 66) (74, 74) (24, 24) (85, 85) (47, 47) (88, 88) (97, 97) (41, 41) (77, 77) 
(70, 70) (46, 46) (90, 90) (61, 61) (24, 24) (63, 63) (95, 95) (34, 34) (47, 47) (50, 50) (62, 62) (10, 10) (66, 66) (52, 52) (49, 49) (4, 4) (94, 94) (38, 38) (93, 93) (84, 84) 
(48, 48) (60, 60) (15, 15) (25, 25) (21, 21) (99, 99) (56, 56) (32, 32) (31, 31) (36, 36) (74, 74) (72, 72) (91, 91) (29, 29) (34, 34) (50, 50) (21, 21) (36, 36) (1, 1) (30, 30) 
(50, 50) (84, 84) (74, 74) (35, 35) (86, 86) (42, 42) (31, 31) (62, 62) (82, 82) (66, 66) (39, 39) (48, 48) (98, 98) (99, 99) (48, 48) (77, 77) (31, 31) (51, 51) (44, 44) (41, 41) 
(90, 90) (27, 27) (30, 30) (68, 68) (25, 25) (94, 94) (66, 66) (48, 48) (47, 47) (16, 16) (90, 90) (23, 23) (5, 5) (3, 3) (10, 10) (37, 37) (74, 74) (28, 28) (25, 25) (86, 86) 
(32, 32) (76, 76) (29, 29) (60, 60) (60, 60) (21, 21) (2, 2) (65, 65) (22, 22) (36, 36) (80, 80) (61, 61) (55, 55) (84, 84) (99, 99) (25, 25) (68, 68) (80, 80) (67, 67) (50, 50) 
(90, 90) (9, 9) (28, 28) (38, 38) (36, 36) (19, 19) (4, 4) (46, 46) (84, 84) (71, 71) (60, 60) (23, 23) (63, 63) (77, 77) (72, 72) (2, 2) (63, 63) (24, 24) (60, 60) (99, 99) 
(96, 96) (78, 78) (79, 79) (90, 90) (63, 63) (80, 80) (10, 10) (2, 2) (67, 67) (96, 96) (69, 69) (13, 13) (42, 42) (54, 54) (76, 76) (32, 32) (75, 75) (52, 52) (98, 98) (16, 16) 
(31, 31) (80, 80) (77, 77) (56, 56) (85, 85) (95, 95) (59, 59) (46, 46) (4, 4) (85, 85) (42, 42) (14, 14) (4, 4) (40, 40) (40, 40) (48, 48) (90, 90) (82, 82) (4, 4) (87, 87) 
(3, 3) (53, 53) (33, 33) (93, 93) (62, 62) (17, 17) (65, 65) (23, 23) (10, 10) (44, 44) (49, 49) (2, 2) (54, 54) (25, 25) (42, 42) (57, 57) (23, 23) (16, 16) (76, 76) (12, 12) 
(68, 68) (54, 54) (75, 75) (29, 29) (29, 29) (98, 98) (17, 17) (4, 4) (10, 10) (71, 71) (26, 26) (3, 3) (51, 51) (79, 79) (30, 30) (58, 58) (76, 76) (81, 81) (63, 63) (60, 60) 
(98, 98) (6, 6) (66, 66) (53, 53) (60, 60) (93, 93) (52, 52) (68, 68) (81, 81) (51, 51) (85, 85) (74, 74) (12, 12) (23, 23) (43, 43) (98, 98) (26, 26) (51, 51) (22, 22) (26, 26) 
(90, 90) (35, 35) (76, 76) (7, 7) (67, 67) (10, 10) (41, 41) (41, 41) (18, 18) (41, 41) (35, 35) (13, 13) (30, 30) (28, 28) (32, 32) (95, 95) (92, 92) (71, 71) (76, 76) (78, 78) 
(31, 31) (64, 64) (21, 21) (72, 72) (78, 78) (88, 88) (4, 4) (74, 74) (26, 26) (11, 11) (41, 41) (93, 93) (32, 32) (74, 74) (18, 18) (37, 37) (28, 28) (47, 47) (98, 98) (65, 65) 
(10, 10) (37, 37) (99, 99) (28, 28) (84, 84) (92, 92) (12, 12) (72, 72) (84, 84) (90, 90) (35, 35) (40, 40) (63, 63) (29, 29) (89, 89) (16, 16) (4, 4) (38, 38) (22, 22) (84, 84) 
(41, 41) (38, 38) (71, 71) (65, 65) (86, 86) (30, 30) (57, 57) (71, 71) (24, 24) (10, 10) (78, 78) (74, 74) (16, 16) (25, 25) (6, 6) (75, 75) (68, 68) (67, 67) (69, 69) (56, 56) 
(46, 46) (79, 79) (36, 36) (13, 13) (3, 3) (57, 57) (79, 79) (53, 53) (11, 11) (45, 45) (39, 39) (87, 87) (25, 25) (62, 62) (32, 32) (13, 13) (22, 22) (93, 93) (90, 90) (90, 90) 
(64, 64) (70, 70) (9, 9) (92, 92) (15, 15) (32, 32) (6, 6) (96, 96) (51, 51) (87, 87) (49, 49) (75, 75) (84, 84) (1, 1) (10, 10) (39, 39) (3, 3) (89, 89) (13, 13) (21, 21) 
(45, 45) (40, 40) (14, 14) (69, 69) (45, 45) (98, 98) (90, 90) (19, 19) (40, 40) (2, 2) (47, 47) (70, 70) (46, 46) (70, 70) (93, 93) (70, 70) (93, 93) (33, 33) (9, 9) (85, 85) 
(13, 13) (85, 85) (32, 32) (30, 30) (70, 70) (61, 61) (42, 42) (41, 41) (92, 92) (87, 87) (36, 36) (58, 58) (66, 66) (70, 70) (21, 21) (22, 22) (41, 41) (88, 88) (91, 91) (94, 94) 
(19, 19) (51, 51) (8, 8) (94, 94) (72, 72) (99, 99) (18, 18) (39, 39) (30, 30) (61, 61) (19, 19) (74, 74) (2, 2) (77, 77) (66, 66) (28, 28) (23, 23) (14, 14) (92, 92) (90, 90) 
(96, 96) (92, 92) (34, 34) (10, 10) (68, 68) (94, 94) (62, 62) (83, 83) (26, 26) (87, 87) (29, 29) (95, 95) (30, 30) (49, 49) (43, 43) (85, 85) (1, 1) (60, 60) (80, 80) (48, 48) 
(42, 42) (14, 14) (55, 55) (97, 97) (65, 65) (63, 63) (74, 74) (63, 63) (67, 67) (48, 48) (63, 63) (81, 81) (8, 8) (7, 7) (22, 22) (43, 43) (53, 53) (22, 22) (93, 93) (89, 89) 
(14, 14) (2, 2) (8, 8) (22, 22) (93, 93) (59, 59) (15, 15) (9, 9) (10, 10) (81, 81) (85, 85) (62, 62) (70, 70) (64, 64) (93, 93) (26, 26) (30, 30) (6, 6) (86, 86) (27, 27) 
(10, 10) (39, 39) (56, 56) (23, 23) (44, 44) (93, 93) (90, 90) (99, 99) (80, 80) (47, 47) (38, 38) (15, 15) (41, 41) (26, 26) (48, 48) (52, 52) (75, 75) (65, 65) (4, 4) (57, 57) 
(46, 46) (78, 78) (10, 10) (13, 13) (32, 32) (63, 63) (71, 71) (66, 66) (40, 40) (13, 13) (50, 50) (97, 97) (41, 41) (95, 95) (58, 58) (57, 57) (63, 63) (42, 42) (56, 56) (31, 31) 
(88, 88) (2, 2) (34, 34) (19, 19) (86, 86) (90, 90) (84, 84) (40, 40) (52, 52) (66, 66) (76, 76) (62, 62) (27, 27) (28, 28) (5, 5) (72, 72) (54, 54) (46, 46) (57, 57) (66, 66) 
(98, 98) (44, 44) (33, 33) (20, 20) (74, 74) (30, 30) (4, 4) (88, 88) (19, 19) (85, 85) (81, 81) (29, 29) (72, 72) (79, 79) (54, 54) (37, 37) (95, 95) (11, 11) (11, 11) (2, 2) 
(48, 48) (34, 34) (25, 25) (26, 26) (53, 53) (97, 97) (26, 26) (23, 23) (36, 36) (17, 17) (65, 65) (97, 97) (5, 5) (13, 13) (71, 71) (32, 32) (26, 26) (6, 6) (47, 47) (57, 57) 
(22, 22) (87, 87) (89, 89) (41, 41) (70, 70) (35, 35) (95, 95) (62, 62) (57, 57) (52, 52) (18, 18) (94, 94) (60, 60) (34, 34) (87, 87) (22, 22) (96, 96) (59, 59) (81, 81) (90, 90) 
