NUMERO DE TRABAJOS
50
NUMERO DE RECURSOS
15
SECUENCIA DE MAQUINAS
9 10 3 8 5 7 4 0 12 1 13 6 11 2 14 
1 7 8 2 9 14 12 4 3 11 13 0 5 10 6 
2 13 11 4 14 8 10 3 6 5 7 1 9 12 0 
10 12 7 1 5 14 4 9 2 3 8 0 11 13 6 
5 3 7 0 9 6 11 10 12 4 14 2 1 8 13 
3 0 6 2 4 1 5 14 10 13 11 9 7 8 12 
13 10 9 8 1 6 14 0 12 11 7 2 3 5 4 
14 11 10 13 12 6 4 0 7 5 2 1 3 8 9 
7 2 8 10 1 14 5 4 0 12 3 9 6 13 11 
12 5 4 7 3 1 11 8 14 6 9 2 10 0 13 
9 11 8 5 4 6 2 12 14 1 10 7 0 3 13 
3 9 7 5 4 10 2 8 14 11 12 6 13 0 1 
8 4 12 3 2 9 10 6 0 13 14 1 5 7 11 
14 3 8 11 5 7 12 10 2 0 13 6 1 9 4 
1 4 14 3 10 6 5 2 11 0 8 7 9 13 12 
4 8 11 2 13 0 7 12 6 3 9 1 5 10 14 
10 12 1 4 8 7 14 9 2 0 13 6 11 5 3 
13 11 9 12 0 1 10 4 6 14 7 8 3 2 5 
10 2 14 1 7 13 4 9 5 3 8 0 11 6 12 
0 11 2 10 6 3 4 5 12 8 7 14 9 1 13 
1 4 8 2 3 7 12 13 9 14 0 5 11 6 10 
7 12 9 5 1 2 14 10 6 4 8 3 0 13 11 
2 0 10 7 3 14 11 1 5 12 8 6 4 9 13 
9 4 14 1 3 2 8 0 6 10 7 5 11 12 13 
0 8 2 10 13 3 12 1 7 4 9 5 6 14 11 
13 14 7 6 11 12 0 1 10 8 4 3 9 5 2 
7 11 0 6 2 8 14 5 4 12 13 1 9 3 10 
9 7 6 5 10 1 14 11 12 0 4 3 8 2 13 
2 3 8 1 12 13 7 11 5 0 9 10 4 14 6 
8 4 12 11 3 7 0 10 6 1 14 2 5 9 13 
8 1 4 6 7 14 3 10 5 12 0 13 11 9 2 
7 13 0 8 9 1 10 12 5 3 4 11 2 6 14 
10 8 14 2 12 0 3 5 1 9 11 7 13 4 6 
1 2 5 9 7 4 0 3 14 12 13 10 6 11 8 
11 2 4 14 6 5 7 12 9 3 8 0 10 13 1 
14 8 5 7 10 13 1 0 9 4 3 2 6 12 11 
13 7 12 11 8 3 9 2 1 5 14 6 0 10 4 
0 14 5 2 4 10 9 6 3 11 12 8 13 7 1 
9 7 0 6 4 8 1 3 12 10 5 13 11 14 2 
14 10 6 5 0 4 8 12 9 2 7 1 11 3 13 
3 11 4 14 5 8 6 2 9 10 7 13 1 0 12 
3 0 10 2 12 7 4 8 6 14 11 9 1 13 5 
14 2 6 5 1 3 11 13 8 12 9 4 10 0 7 
10 6 14 11 7 13 1 9 8 0 4 12 2 3 5 
5 2 12 7 9 11 0 1 3 10 6 8 4 14 13 
9 11 1 7 0 14 8 5 10 6 2 13 3 4 12 
7 10 9 3 13 4 12 5 8 14 1 6 2 0 11 
4 11 13 14 5 7 2 9 12 1 0 10 3 8 6 
11 10 8 3 6 9 12 7 4 1 0 2 5 13 14 
9 6 4 2 14 3 8 11 10 13 5 7 1 0 12 
DURACIONES
(14, 14) (79, 79) (6, 6) (35, 35) (42, 42) (64, 64) (51, 51) (67, 67) (13, 13) (9, 9) (46, 46) (84, 84) (60, 60) (10, 10) (34, 34) 
(45, 45) (42, 42) (95, 95) (97, 97) (43, 43) (40, 40) (25, 25) (22, 22) (57, 57) (15, 15) (59, 59) (33, 33) (83, 83) (72, 72) (27, 27) 
(15, 15) (92, 92) (82, 82) (76, 76) (87, 87) (93, 93) (30, 30) (96, 96) (21, 21) (76, 76) (61, 61) (62, 62) (7, 7) (21, 21) (38, 38) 
(36, 36) (96, 96) (77, 77) (97, 97) (26, 26) (13, 13) (90, 90) (60, 60) (91, 91) (86, 86) (74, 74) (64, 64) (42, 42) (93, 93) (1, 1) 
(27, 27) (61, 61) (87, 87) (2, 2) (30, 30) (47, 47) (58, 58) (5, 5) (83, 83) (72, 72) (71, 71) (52, 52) (48, 48) (54, 54) (27, 27) 
(44, 44) (66, 66) (1, 1) (12, 12) (21, 21) (24, 24) (19, 19) (6, 6) (31, 31) (50, 50) (84, 84) (34, 34) (59, 59) (64, 64) (53, 53) 
(51, 51) (48, 48) (39, 39) (75, 75) (13, 13) (94, 94) (5, 5) (73, 73) (38, 38) (28, 28) (77, 77) (40, 40) (45, 45) (89, 89) (89, 89) 
(5, 5) (35, 35) (87, 87) (48, 48) (25, 25) (4, 4) (76, 76) (22, 22) (92, 92) (77, 77) (86, 86) (35, 35) (43, 43) (75, 75) (61, 61) 
(49, 49) (41, 41) (80, 80) (26, 26) (18, 18) (30, 30) (43, 43) (50, 50) (26, 26) (23, 23) (22, 22) (70, 70) (44, 44) (53, 53) (41, 41) 
(41, 41) (3, 3) (5, 5) (30, 30) (93, 93) (76, 76) (86, 86) (20, 20) (72, 72) (66, 66) (81, 81) (37, 37) (37, 37) (48, 48) (14, 14) 
(27, 27) (8, 8) (68, 68) (1, 1) (76, 76) (11, 11) (45, 45) (80, 80) (24, 24) (87, 87) (48, 48) (45, 45) (84, 84) (34, 34) (7, 7) 
(80, 80) (4, 4) (84, 84) (5, 5) (52, 52) (75, 75) (4, 4) (93, 93) (33, 33) (34, 34) (77, 77) (55, 55) (47, 47) (83, 83) (61, 61) 
(63, 63) (67, 67) (28, 28) (94, 94) (58, 58) (55, 55) (24, 24) (98, 98) (91, 91) (91, 91) (17, 17) (37, 37) (40, 40) (11, 11) (18, 18) 
(43, 43) (7, 7) (3, 3) (67, 67) (35, 35) (39, 39) (81, 81) (99, 99) (70, 70) (28, 28) (78, 78) (88, 88) (80, 80) (41, 41) (68, 68) 
(47, 47) (17, 17) (90, 90) (47, 47) (6, 6) (86, 86) (24, 24) (57, 57) (18, 18) (74, 74) (64, 64) (6, 6) (5, 5) (96, 96) (52, 52) 
(54, 54) (49, 49) (67, 67) (51, 51) (19, 19) (66, 66) (51, 51) (53, 53) (4, 4) (95, 95) (28, 28) (45, 45) (27, 27) (2, 2) (68, 68) 
(46, 46) (50, 50) (74, 74) (65, 65) (64, 64) (15, 15) (74, 74) (90, 90) (17, 17) (98, 98) (28, 28) (18, 18) (56, 56) (80, 80) (52, 52) 
(51, 51) (36, 36) (98, 98) (8, 8) (80, 80) (77, 77) (61, 61) (95, 95) (69, 69) (13, 13) (34, 34) (44, 44) (17, 17) (1, 1) (37, 37) 
(75, 75) (6, 6) (16, 16) (61, 61) (45, 45) (57, 57) (25, 25) (14, 14) (31, 31) (12, 12) (2, 2) (44, 44) (98, 98) (47, 47) (7, 7) 
(49, 49) (71, 71) (34, 34) (5, 5) (90, 90) (51, 51) (18, 18) (66, 66) (56, 56) (49, 49) (38, 38) (44, 44) (21, 21) (74, 74) (47, 47) 
(81, 81) (4, 4) (29, 29) (96, 96) (78, 78) (80, 80) (65, 65) (61, 61) (84, 84) (26, 26) (36, 36) (67, 67) (60, 60) (16, 16) (67, 67) 
(33, 33) (53, 53) (51, 51) (6, 6) (95, 95) (91, 91) (11, 11) (21, 21) (76, 76) (32, 32) (56, 56) (77, 77) (41, 41) (82, 82) (18, 18) 
(47, 47) (18, 18) (80, 80) (82, 82) (21, 21) (24, 24) (67, 67) (68, 68) (81, 81) (49, 49) (39, 39) (29, 29) (20, 20) (79, 79) (38, 38) 
(82, 82) (70, 70) (56, 56) (66, 66) (16, 16) (62, 62) (27, 27) (6, 6) (1, 1) (88, 88) (45, 45) (27, 27) (8, 8) (87, 87) (41, 41) 
(78, 78) (21, 21) (87, 87) (88, 88) (33, 33) (15, 15) (68, 68) (37, 37) (33, 33) (30, 30) (48, 48) (29, 29) (16, 16) (41, 41) (30, 30) 
(73, 73) (86, 86) (19, 19) (99, 99) (78, 78) (76, 76) (8, 8) (45, 45) (96, 96) (43, 43) (47, 47) (8, 8) (25, 25) (57, 57) (91, 91) 
(6, 6) (89, 89) (51, 51) (53, 53) (86, 86) (64, 64) (56, 56) (81, 81) (6, 6) (53, 53) (62, 62) (52, 52) (51, 51) (66, 66) (22, 22) 
(87, 87) (96, 96) (25, 25) (66, 66) (92, 92) (44, 44) (68, 68) (50, 50) (23, 23) (45, 45) (72, 72) (93, 93) (9, 9) (13, 13) (87, 87) 
(95, 95) (16, 16) (64, 64) (72, 72) (32, 32) (4, 4) (51, 51) (52, 52) (35, 35) (77, 77) (39, 39) (72, 72) (65, 65) (46, 46) (67, 67) 
(62, 62) (30, 30) (99, 99) (67, 67) (77, 77) (9, 9) (56, 56) (74, 74) (86, 86) (63, 63) (81, 81) (82, 82) (71, 71) (62, 62) (56, 56) 
(6, 6) (98, 98) (48, 48) (3, 3) (45, 45) (85, 85) (31, 31) (43, 43) (14, 14) (70, 70) (16, 16) (87, 87) (25, 25) (62, 62) (86, 86) 
(92, 92) (98, 98) (91, 91) (30, 30) (35, 35) (29, 29) (80, 80) (99, 99) (25, 25) (53, 53) (49, 49) (97, 97) (34, 34) (98, 98) (13, 13) 
(34, 34) (66, 66) (83, 83) (78, 78) (10, 10) (95, 95) (64, 64) (43, 43) (65, 65) (37, 37) (73, 73) (33, 33) (45, 45) (5, 5) (18, 18) 
(11, 11) (21, 21) (42, 42) (70, 70) (43, 43) (48, 48) (58, 58) (54, 54) (9, 9) (17, 17) (73, 73) (42, 42) (18, 18) (76, 76) (29, 29) 
(92, 92) (89, 89) (28, 28) (8, 8) (13, 13) (92, 92) (13, 13) (45, 45) (47, 47) (36, 36) (44, 44) (67, 67) (25, 25) (77, 77) (43, 43) 
(88, 88) (36, 36) (13, 13) (65, 65) (9, 9) (45, 45) (89, 89) (79, 79) (99, 99) (94, 94) (37, 37) (76, 76) (99, 99) (38, 38) (79, 79) 
(32, 32) (65, 65) (86, 86) (44, 44) (2, 2) (55, 55) (66, 66) (50, 50) (31, 31) (66, 66) (88, 88) (10, 10) (46, 46) (56, 56) (36, 36) 
(55, 55) (78, 78) (55, 55) (62, 62) (65, 65) (97, 97) (9, 9) (47, 47) (56, 56) (92, 92) (21, 21) (66, 66) (40, 40) (20, 20) (97, 97) 
(81, 81) (43, 43) (72, 72) (71, 71) (5, 5) (56, 56) (84, 84) (53, 53) (98, 98) (76, 76) (15, 15) (84, 84) (48, 48) (65, 65) (19, 19) 
(99, 99) (23, 23) (14, 14) (3, 3) (25, 25) (95, 95) (53, 53) (22, 22) (31, 31) (3, 3) (86, 86) (40, 40) (66, 66) (80, 80) (19, 19) 
(8, 8) (37, 37) (90, 90) (98, 98) (17, 17) (88, 88) (35, 35) (52, 52) (1, 1) (99, 99) (36, 36) (29, 29) (77, 77) (18, 18) (55, 55) 
(76, 76) (33, 33) (37, 37) (81, 81) (71, 71) (57, 57) (88, 88) (29, 29) (41, 41) (7, 7) (43, 43) (7, 7) (32, 32) (15, 15) (16, 16) 
(22, 22) (38, 38) (21, 21) (25, 25) (9, 9) (50, 50) (51, 51) (83, 83) (73, 73) (85, 85) (53, 53) (21, 21) (12, 12) (10, 10) (34, 34) 
(89, 89) (84, 84) (94, 94) (82, 82) (42, 42) (26, 26) (16, 16) (40, 40) (55, 55) (15, 15) (31, 31) (73, 73) (95, 95) (39, 39) (11, 11) 
(52, 52) (71, 71) (75, 75) (11, 11) (77, 77) (75, 75) (68, 68) (55, 55) (90, 90) (21, 21) (62, 62) (23, 23) (95, 95) (8, 8) (66, 66) 
(91, 91) (45, 45) (44, 44) (23, 23) (47, 47) (60, 60) (36, 36) (81, 81) (24, 24) (60, 60) (62, 62) (13, 13) (88, 88) (38, 38) (46, 46) 
(90, 90) (87, 87) (49, 49) (77, 77) (32, 32) (28, 28) (80, 80) (61, 61) (75, 75) (23, 23) (5, 5) (43, 43) (31, 31) (80, 80) (68, 68) 
(92, 92) (67, 67) (78, 78) (39, 39) (74, 74) (47, 47) (56, 56) (81, 81) (51, 51) (85, 85) (12, 12) (25, 25) (64, 64) (70, 70) (49, 49) 
(73, 73) (73, 73) (59, 59) (47, 47) (36, 36) (81, 81) (58, 58) (38, 38) (33, 33) (19, 19) (15, 15) (97, 97) (25, 25) (67, 67) (89, 89) 
(9, 9) (58, 58) (64, 64) (46, 46) (2, 2) (24, 24) (68, 68) (4, 4) (55, 55) (95, 95) (98, 98) (57, 57) (63, 63) (31, 31) (31, 31) 
