NUMERO DE TRABAJOS
50
NUMERO DE RECURSOS
15
SECUENCIA DE MAQUINAS
1 12 2 6 10 0 11 9 4 7 5 13 14 3 8 
7 1 0 11 4 9 10 2 5 6 13 12 8 3 14 
9 3 5 10 8 6 12 4 7 0 13 14 11 2 1 
10 7 3 12 8 0 5 6 11 1 14 9 2 4 13 
11 0 9 3 7 13 8 6 5 1 2 12 14 10 4 
2 4 14 7 1 8 0 6 5 10 13 3 9 12 11 
4 3 7 10 9 8 2 13 14 11 1 6 5 0 12 
13 14 2 12 5 8 10 4 0 3 7 11 1 9 6 
14 6 1 3 0 7 4 9 10 8 12 2 11 13 5 
4 3 7 6 0 8 10 1 11 12 13 9 5 14 2 
1 3 14 8 2 5 9 6 12 0 7 10 11 4 13 
12 2 4 6 11 9 3 7 8 5 10 14 1 13 0 
6 14 2 11 0 3 12 5 1 8 13 9 7 10 4 
5 11 4 0 9 10 14 12 3 7 1 8 2 13 6 
8 3 14 12 9 10 4 5 13 7 2 11 1 6 0 
11 4 13 0 14 5 9 10 12 6 3 2 8 1 7 
14 0 5 4 10 1 8 9 12 11 3 13 7 6 2 
14 13 1 9 8 12 6 10 0 11 7 4 3 2 5 
10 0 12 4 7 1 6 5 3 2 9 8 11 13 14 
2 8 10 0 11 14 6 1 4 7 13 12 5 3 9 
3 14 11 7 0 9 12 13 4 8 1 10 5 6 2 
9 8 7 1 0 3 6 14 2 4 5 10 13 11 12 
10 14 6 9 13 5 7 0 12 11 8 2 3 1 4 
12 2 0 5 13 9 6 14 1 8 3 7 4 10 11 
4 1 14 7 6 2 10 0 11 5 13 3 8 12 9 
0 14 11 4 6 1 10 8 3 13 9 12 7 2 5 
4 3 0 10 6 9 5 14 7 1 12 2 11 13 8 
7 9 2 4 14 10 8 1 3 13 11 0 5 12 6 
6 10 11 14 9 0 1 2 7 8 5 3 12 4 13 
8 12 14 7 11 0 10 13 2 6 3 9 5 4 1 
9 5 12 7 14 1 0 6 3 4 2 8 13 10 11 
4 5 10 1 0 2 8 9 14 12 6 13 11 3 7 
9 7 0 10 13 14 8 12 1 2 4 6 11 3 5 
1 8 0 12 5 11 2 4 7 14 9 6 10 3 13 
14 8 5 9 6 0 13 3 2 12 7 4 1 11 10 
5 12 8 14 0 1 10 3 9 4 7 2 13 6 11 
4 0 11 14 5 1 6 7 9 12 8 3 10 2 13 
7 2 10 14 6 3 8 0 1 13 4 12 5 11 9 
8 6 5 2 7 3 0 13 14 9 1 10 12 11 4 
2 11 14 0 6 7 13 5 12 8 10 1 4 9 3 
9 12 7 8 11 14 5 10 13 1 2 0 4 6 3 
12 10 0 13 4 8 3 1 7 9 6 14 11 2 5 
14 7 8 4 6 13 5 9 3 0 1 2 12 10 11 
14 6 3 11 1 2 10 5 8 9 12 7 4 13 0 
12 3 0 11 4 2 7 1 6 10 8 5 13 14 9 
2 7 0 4 5 10 13 1 11 3 9 12 8 14 6 
6 3 0 8 10 9 4 7 2 13 14 11 1 12 5 
8 2 5 10 6 7 0 11 1 9 4 14 3 13 12 
5 11 3 12 7 6 2 0 13 9 14 1 4 10 8 
3 11 5 6 1 2 10 8 13 14 12 9 4 0 7 
DURACIONES
(17, 17) (55, 55) (62, 62) (74, 74) (38, 38) (44, 44) (29, 29) (47, 47) (94, 94) (38, 38) (64, 64) (75, 75) (60, 60) (78, 78) (10, 10) 
(18, 18) (59, 59) (87, 87) (40, 40) (53, 53) (38, 38) (44, 44) (38, 38) (7, 7) (9, 9) (96, 96) (67, 67) (58, 58) (28, 28) (64, 64) 
(42, 42) (11, 11) (93, 93) (72, 72) (58, 58) (49, 49) (46, 46) (21, 21) (93, 93) (51, 51) (13, 13) (72, 72) (78, 78) (43, 43) (55, 55) 
(93, 93) (47, 47) (82, 82) (64, 64) (38, 38) (24, 24) (17, 17) (7, 7) (49, 49) (4, 4) (69, 69) (39, 39) (25, 25) (85, 85) (52, 52) 
(48, 48) (80, 80) (48, 48) (3, 3) (7, 7) (69, 69) (53, 53) (46, 46) (1, 1) (52, 52) (37, 37) (25, 25) (84, 84) (85, 85) (14, 14) 
(49, 49) (42, 42) (62, 62) (86, 86) (14, 14) (25, 25) (62, 62) (63, 63) (86, 86) (7, 7) (83, 83) (84, 84) (54, 54) (23, 23) (16, 16) 
(56, 56) (79, 79) (97, 97) (34, 34) (3, 3) (83, 83) (39, 39) (44, 44) (43, 43) (98, 98) (99, 99) (2, 2) (47, 47) (97, 97) (8, 8) 
(61, 61) (84, 84) (96, 96) (64, 64) (58, 58) (64, 64) (14, 14) (40, 40) (94, 94) (13, 13) (24, 24) (64, 64) (63, 63) (58, 58) (74, 74) 
(93, 93) (4, 4) (28, 28) (43, 43) (92, 92) (55, 55) (87, 87) (19, 19) (23, 23) (23, 23) (99, 99) (89, 89) (42, 42) (71, 71) (96, 96) 
(56, 56) (31, 31) (72, 72) (88, 88) (6, 6) (50, 50) (66, 66) (93, 93) (26, 26) (17, 17) (62, 62) (4, 4) (13, 13) (46, 46) (35, 35) 
(7, 7) (81, 81) (97, 97) (52, 52) (93, 93) (28, 28) (74, 74) (17, 17) (48, 48) (45, 45) (51, 51) (65, 65) (74, 74) (2, 2) (10, 10) 
(85, 85) (85, 85) (93, 93) (35, 35) (51, 51) (6, 6) (91, 91) (99, 99) (9, 9) (38, 38) (3, 3) (15, 15) (39, 39) (55, 55) (35, 35) 
(14, 14) (28, 28) (49, 49) (53, 53) (94, 94) (7, 7) (14, 14) (29, 29) (30, 30) (47, 47) (50, 50) (54, 54) (25, 25) (90, 90) (84, 84) 
(16, 16) (43, 43) (82, 82) (2, 2) (86, 86) (70, 70) (49, 49) (26, 26) (63, 63) (34, 34) (86, 86) (1, 1) (26, 26) (8, 8) (11, 11) 
(90, 90) (19, 19) (54, 54) (27, 27) (38, 38) (57, 57) (68, 68) (70, 70) (76, 76) (30, 30) (55, 55) (98, 98) (9, 9) (57, 57) (81, 81) 
(24, 24) (95, 95) (91, 91) (57, 57) (71, 71) (71, 71) (84, 84) (49, 49) (94, 94) (74, 74) (18, 18) (22, 22) (33, 33) (73, 73) (81, 81) 
(86, 86) (5, 5) (94, 94) (1, 1) (68, 68) (50, 50) (53, 53) (14, 14) (82, 82) (80, 80) (42, 42) (1, 1) (72, 72) (48, 48) (64, 64) 
(19, 19) (45, 45) (50, 50) (14, 14) (3, 3) (82, 82) (4, 4) (55, 55) (94, 94) (76, 76) (64, 64) (69, 69) (32, 32) (20, 20) (48, 48) 
(53, 53) (33, 33) (90, 90) (13, 13) (73, 73) (48, 48) (52, 52) (57, 57) (71, 71) (13, 13) (55, 55) (95, 95) (49, 49) (32, 32) (8, 8) 
(72, 72) (1, 1) (8, 8) (63, 63) (7, 7) (5, 5) (30, 30) (71, 71) (74, 74) (79, 79) (36, 36) (71, 71) (31, 31) (79, 79) (43, 43) 
(93, 93) (96, 96) (93, 93) (88, 88) (4, 4) (12, 12) (34, 34) (11, 11) (17, 17) (20, 20) (74, 74) (70, 70) (13, 13) (52, 52) (83, 83) 
(87, 87) (39, 39) (84, 84) (69, 69) (65, 65) (19, 19) (82, 82) (48, 48) (87, 87) (87, 87) (1, 1) (58, 58) (90, 90) (22, 22) (81, 81) 
(57, 57) (17, 17) (58, 58) (27, 27) (48, 48) (38, 38) (77, 77) (92, 92) (11, 11) (21, 21) (70, 70) (69, 69) (47, 47) (91, 91) (70, 70) 
(92, 92) (17, 17) (6, 6) (58, 58) (47, 47) (90, 90) (33, 33) (25, 25) (22, 22) (97, 97) (40, 40) (63, 63) (95, 95) (17, 17) (20, 20) 
(87, 87) (80, 80) (3, 3) (97, 97) (53, 53) (38, 38) (28, 28) (31, 31) (47, 47) (4, 4) (46, 46) (11, 11) (70, 70) (54, 54) (44, 44) 
(82, 82) (50, 50) (60, 60) (15, 15) (66, 66) (55, 55) (25, 25) (44, 44) (94, 94) (73, 73) (78, 78) (96, 96) (22, 22) (18, 18) (4, 4) 
(91, 91) (10, 10) (87, 87) (65, 65) (12, 12) (73, 73) (17, 17) (6, 6) (85, 85) (29, 29) (54, 54) (72, 72) (43, 43) (48, 48) (29, 29) 
(48, 48) (41, 41) (44, 44) (99, 99) (14, 14) (9, 9) (21, 21) (70, 70) (87, 87) (66, 66) (37, 37) (82, 82) (29, 29) (56, 56) (10, 10) 
(28, 28) (64, 64) (87, 87) (51, 51) (52, 52) (85, 85) (85, 85) (59, 59) (44, 44) (80, 80) (51, 51) (11, 11) (63, 63) (68, 68) (85, 85) 
(32, 32) (38, 38) (90, 90) (18, 18) (9, 9) (33, 33) (43, 43) (59, 59) (52, 52) (91, 91) (57, 57) (38, 38) (15, 15) (18, 18) (79, 79) 
(14, 14) (31, 31) (96, 96) (95, 95) (83, 83) (68, 68) (7, 7) (91, 91) (49, 49) (32, 32) (93, 93) (88, 88) (11, 11) (2, 2) (2, 2) 
(22, 22) (39, 39) (25, 25) (25, 25) (84, 84) (49, 49) (68, 68) (18, 18) (20, 20) (7, 7) (93, 93) (93, 93) (64, 64) (56, 56) (61, 61) 
(96, 96) (13, 13) (58, 58) (20, 20) (5, 5) (26, 26) (26, 26) (6, 6) (20, 20) (4, 4) (60, 60) (37, 37) (2, 2) (45, 45) (52, 52) 
(49, 49) (36, 36) (25, 25) (28, 28) (46, 46) (23, 23) (35, 35) (8, 8) (67, 67) (45, 45) (46, 46) (13, 13) (4, 4) (16, 16) (6, 6) 
(12, 12) (84, 84) (62, 62) (79, 79) (98, 98) (44, 44) (25, 25) (25, 25) (29, 29) (17, 17) (12, 12) (39, 39) (58, 58) (25, 25) (57, 57) 
(3, 3) (43, 43) (4, 4) (87, 87) (64, 64) (36, 36) (80, 80) (22, 22) (20, 20) (59, 59) (26, 26) (45, 45) (39, 39) (99, 99) (72, 72) 
(39, 39) (48, 48) (55, 55) (75, 75) (64, 64) (22, 22) (43, 43) (91, 91) (7, 7) (66, 66) (22, 22) (43, 43) (59, 59) (38, 38) (80, 80) 
(50, 50) (75, 75) (50, 50) (68, 68) (33, 33) (99, 99) (32, 32) (46, 46) (10, 10) (81, 81) (93, 93) (29, 29) (13, 13) (98, 98) (13, 13) 
(60, 60) (14, 14) (54, 54) (11, 11) (98, 98) (4, 4) (56, 56) (17, 17) (18, 18) (28, 28) (85, 85) (57, 57) (82, 82) (99, 99) (4, 4) 
(79, 79) (91, 91) (23, 23) (21, 21) (91, 91) (52, 52) (48, 48) (1, 1) (23, 23) (88, 88) (6, 6) (73, 73) (12, 12) (1, 1) (3, 3) 
(36, 36) (40, 40) (39, 39) (14, 14) (80, 80) (24, 24) (49, 49) (27, 27) (89, 89) (4, 4) (68, 68) (77, 77) (98, 98) (14, 14) (74, 74) 
(61, 61) (48, 48) (56, 56) (8, 8) (76, 76) (25, 25) (43, 43) (67, 67) (10, 10) (92, 92) (67, 67) (33, 33) (51, 51) (45, 45) (98, 98) 
(45, 45) (38, 38) (79, 79) (35, 35) (24, 24) (1, 1) (51, 51) (88, 88) (94, 94) (91, 91) (48, 48) (2, 2) (49, 49) (8, 8) (86, 86) 
(44, 44) (6, 6) (31, 31) (49, 49) (11, 11) (44, 44) (98, 98) (81, 81) (42, 42) (98, 98) (77, 77) (9, 9) (55, 55) (29, 29) (9, 9) 
(47, 47) (87, 87) (50, 50) (40, 40) (85, 85) (86, 86) (18, 18) (48, 48) (91, 91) (94, 94) (98, 98) (86, 86) (56, 56) (75, 75) (46, 46) 
(44, 44) (53, 53) (99, 99) (95, 95) (32, 32) (33, 33) (68, 68) (22, 22) (49, 49) (96, 96) (8, 8) (87, 87) (78, 78) (6, 6) (62, 62) 
(86, 86) (97, 97) (16, 16) (33, 33) (47, 47) (93, 93) (11, 11) (82, 82) (7, 7) (18, 18) (29, 29) (17, 17) (56, 56) (80, 80) (82, 82) 
(17, 17) (9, 9) (17, 17) (65, 65) (88, 88) (37, 37) (53, 53) (40, 40) (35, 35) (24, 24) (71, 71) (52, 52) (30, 30) (81, 81) (2, 2) 
(65, 65) (90, 90) (38, 38) (97, 97) (96, 96) (14, 14) (85, 85) (73, 73) (95, 95) (87, 87) (10, 10) (18, 18) (17, 17) (4, 4) (58, 58) 
(69, 69) (64, 64) (77, 77) (3, 3) (75, 75) (99, 99) (74, 74) (56, 56) (29, 29) (96, 96) (83, 83) (64, 64) (19, 19) (18, 18) (38, 38) 
