NUMERO DE TRABAJOS
50
NUMERO DE RECURSOS
15
SECUENCIA DE MAQUINAS
14 2 5 1 3 7 10 4 11 8 0 9 6 13 12 
1 0 5 2 4 7 3 10 13 14 12 11 6 8 9 
13 14 1 4 8 7 0 6 9 2 10 12 5 3 11 
9 10 3 4 12 6 1 14 0 7 13 11 5 2 8 
1 2 0 3 8 13 4 7 14 12 11 10 9 5 6 
8 9 2 1 7 3 14 10 11 5 12 0 4 13 6 
10 14 7 11 4 3 2 13 5 8 9 0 1 6 12 
12 14 10 2 1 9 6 11 13 0 5 7 3 4 8 
3 12 11 8 7 0 13 2 4 9 1 10 6 14 5 
10 4 6 13 8 0 14 2 9 3 1 12 7 11 5 
13 4 7 5 8 3 6 2 9 11 0 12 1 10 14 
4 2 6 5 1 13 3 0 14 8 10 9 12 7 11 
0 13 4 11 5 12 10 3 9 6 2 14 7 8 1 
0 13 3 1 8 6 12 2 14 5 11 4 9 10 7 
11 0 3 8 9 5 1 4 7 13 6 2 14 12 10 
11 9 3 10 5 7 2 12 0 8 13 4 6 1 14 
5 0 7 6 2 12 13 11 9 3 1 8 10 4 14 
5 7 12 6 8 0 1 14 2 4 13 9 10 11 3 
4 8 2 11 9 3 5 7 13 10 12 1 6 14 0 
10 12 3 5 1 11 6 8 14 4 7 2 9 0 13 
11 13 1 6 4 10 9 7 5 12 3 2 0 8 14 
7 9 14 0 5 3 13 12 1 6 2 4 8 10 11 
12 0 14 1 7 9 8 2 4 5 6 10 13 3 11 
8 9 11 5 10 12 13 7 1 0 2 4 3 6 14 
6 14 12 1 0 7 11 10 8 13 2 5 3 9 4 
9 5 13 12 8 1 3 2 14 0 11 10 6 7 4 
0 6 3 10 5 4 9 12 1 14 7 2 11 13 8 
5 9 12 14 10 2 7 0 6 4 1 13 11 3 8 
4 0 5 11 10 12 9 7 13 3 8 2 14 1 6 
13 12 3 10 2 4 7 5 14 0 8 11 1 6 9 
11 14 5 7 12 6 10 13 9 2 8 1 3 0 4 
1 6 5 0 11 12 2 9 4 10 7 14 13 8 3 
5 9 6 14 4 0 3 11 1 13 2 7 8 12 10 
6 3 13 2 4 14 0 12 10 5 1 9 11 7 8 
13 9 11 4 3 0 7 1 2 14 5 8 6 10 12 
8 3 5 6 2 12 4 10 7 1 13 14 0 11 9 
2 8 7 4 3 6 12 5 13 10 14 9 1 0 11 
10 14 13 6 11 0 1 3 12 8 7 2 4 9 5 
1 8 13 12 11 7 0 2 6 3 4 9 5 10 14 
7 2 0 8 5 11 6 9 12 10 1 13 14 4 3 
4 1 14 6 13 9 8 12 3 5 0 10 11 2 7 
13 5 6 9 0 10 4 8 12 11 1 14 7 3 2 
4 7 3 5 1 10 2 9 8 13 6 12 11 14 0 
9 1 10 12 8 13 0 3 2 11 14 4 5 6 7 
0 2 12 10 14 3 8 9 1 4 7 5 13 6 11 
10 7 14 13 4 1 12 0 11 6 2 5 3 8 9 
14 7 0 13 10 11 5 1 8 3 2 6 4 12 9 
9 7 8 13 10 2 3 6 4 12 0 5 1 11 14 
12 7 8 14 10 0 13 4 6 9 11 5 1 2 3 
13 14 6 9 0 3 8 5 11 12 10 2 7 1 4 
DURACIONES
(68, 68) (21, 21) (7, 7) (19, 19) (83, 83) (74, 74) (12, 12) (69, 69) (39, 39) (9, 9) (63, 63) (67, 67) (58, 58) (37, 37) (15, 15) 
(62, 62) (83, 83) (32, 32) (56, 56) (61, 61) (67, 67) (9, 9) (50, 50) (88, 88) (99, 99) (50, 50) (86, 86) (42, 42) (70, 70) (30, 30) 
(20, 20) (40, 40) (28, 28) (51, 51) (23, 23) (34, 34) (10, 10) (71, 71) (41, 41) (14, 14) (62, 62) (41, 41) (14, 14) (72, 72) (48, 48) 
(47, 47) (32, 32) (99, 99) (51, 51) (85, 85) (49, 49) (32, 32) (89, 89) (75, 75) (24, 24) (8, 8) (49, 49) (86, 86) (97, 97) (86, 86) 
(12, 12) (65, 65) (3, 3) (89, 89) (26, 26) (67, 67) (24, 24) (24, 24) (4, 4) (43, 43) (33, 33) (52, 52) (40, 40) (84, 84) (99, 99) 
(77, 77) (1, 1) (81, 81) (61, 61) (51, 51) (14, 14) (78, 78) (69, 69) (95, 95) (18, 18) (15, 15) (66, 66) (74, 74) (84, 84) (1, 1) 
(23, 23) (58, 58) (33, 33) (52, 52) (26, 26) (12, 12) (97, 97) (78, 78) (51, 51) (82, 82) (5, 5) (74, 74) (12, 12) (25, 25) (40, 40) 
(68, 68) (66, 66) (14, 14) (95, 95) (19, 19) (97, 97) (58, 58) (54, 54) (74, 74) (5, 5) (83, 83) (92, 92) (8, 8) (96, 96) (80, 80) 
(89, 89) (76, 76) (74, 74) (77, 77) (59, 59) (39, 39) (36, 36) (39, 39) (45, 45) (34, 34) (48, 48) (72, 72) (70, 70) (75, 75) (42, 42) 
(38, 38) (43, 43) (9, 9) (29, 29) (82, 82) (4, 4) (42, 42) (71, 71) (92, 92) (27, 27) (44, 44) (77, 77) (55, 55) (92, 92) (90, 90) 
(7, 7) (57, 57) (20, 20) (39, 39) (61, 61) (10, 10) (93, 93) (34, 34) (85, 85) (62, 62) (29, 29) (4, 4) (51, 51) (62, 62) (47, 47) 
(65, 65) (57, 57) (76, 76) (89, 89) (9, 9) (61, 61) (64, 64) (2, 2) (85, 85) (84, 84) (27, 27) (70, 70) (5, 5) (59, 59) (69, 69) 
(36, 36) (33, 33) (79, 79) (8, 8) (85, 85) (76, 76) (92, 92) (5, 5) (23, 23) (70, 70) (24, 24) (1, 1) (39, 39) (1, 1) (71, 71) 
(44, 44) (48, 48) (59, 59) (56, 56) (77, 77) (12, 12) (87, 87) (41, 41) (89, 89) (24, 24) (24, 24) (58, 58) (56, 56) (17, 17) (33, 33) 
(52, 52) (20, 20) (57, 57) (96, 96) (12, 12) (40, 40) (60, 60) (7, 7) (34, 34) (91, 91) (21, 21) (44, 44) (79, 79) (54, 54) (35, 35) 
(12, 12) (24, 24) (15, 15) (66, 66) (62, 62) (4, 4) (37, 37) (33, 33) (77, 77) (67, 67) (76, 76) (41, 41) (77, 77) (51, 51) (81, 81) 
(63, 63) (60, 60) (49, 49) (76, 76) (75, 75) (65, 65) (26, 26) (74, 74) (11, 11) (44, 44) (67, 67) (94, 94) (90, 90) (62, 62) (86, 86) 
(31, 31) (6, 6) (62, 62) (81, 81) (72, 72) (20, 20) (18, 18) (78, 78) (3, 3) (98, 98) (94, 94) (22, 22) (4, 4) (65, 65) (72, 72) 
(21, 21) (44, 44) (87, 87) (31, 31) (91, 91) (31, 31) (81, 81) (10, 10) (31, 31) (24, 24) (38, 38) (90, 90) (18, 18) (2, 2) (1, 1) 
(31, 31) (76, 76) (62, 62) (1, 1) (66, 66) (36, 36) (36, 36) (55, 55) (22, 22) (86, 86) (74, 74) (8, 8) (59, 59) (37, 37) (37, 37) 
(4, 4) (71, 71) (39, 39) (16, 16) (33, 33) (26, 26) (45, 45) (87, 87) (42, 42) (11, 11) (18, 18) (11, 11) (17, 17) (76, 76) (51, 51) 
(34, 34) (38, 38) (74, 74) (54, 54) (60, 60) (91, 91) (81, 81) (92, 92) (45, 45) (51, 51) (20, 20) (71, 71) (14, 14) (13, 13) (58, 58) 
(66, 66) (13, 13) (21, 21) (92, 92) (3, 3) (3, 3) (78, 78) (47, 47) (46, 46) (52, 52) (87, 87) (87, 87) (62, 62) (70, 70) (90, 90) 
(85, 85) (17, 17) (86, 86) (96, 96) (55, 55) (74, 74) (18, 18) (81, 81) (56, 56) (3, 3) (31, 31) (15, 15) (92, 92) (47, 47) (3, 3) 
(93, 93) (33, 33) (74, 74) (90, 90) (52, 52) (37, 37) (42, 42) (28, 28) (83, 83) (82, 82) (72, 72) (13, 13) (9, 9) (52, 52) (21, 21) 
(11, 11) (61, 61) (47, 47) (11, 11) (41, 41) (7, 7) (31, 31) (51, 51) (2, 2) (81, 81) (45, 45) (27, 27) (52, 52) (88, 88) (61, 61) 
(98, 98) (52, 52) (41, 41) (5, 5) (20, 20) (97, 97) (48, 48) (23, 23) (34, 34) (28, 28) (75, 75) (21, 21) (60, 60) (86, 86) (34, 34) 
(55, 55) (99, 99) (49, 49) (44, 44) (28, 28) (37, 37) (12, 12) (69, 69) (86, 86) (74, 74) (45, 45) (95, 95) (97, 97) (78, 78) (1, 1) 
(93, 93) (42, 42) (25, 25) (34, 34) (59, 59) (10, 10) (44, 44) (38, 38) (80, 80) (29, 29) (68, 68) (71, 71) (27, 27) (24, 24) (46, 46) 
(29, 29) (16, 16) (78, 78) (32, 32) (30, 30) (72, 72) (91, 91) (77, 77) (5, 5) (90, 90) (24, 24) (6, 6) (70, 70) (54, 54) (52, 52) 
(38, 38) (68, 68) (52, 52) (79, 79) (5, 5) (47, 47) (42, 42) (4, 4) (66, 66) (47, 47) (71, 71) (79, 79) (17, 17) (64, 64) (53, 53) 
(51, 51) (90, 90) (62, 62) (97, 97) (77, 77) (30, 30) (17, 17) (13, 13) (65, 65) (60, 60) (90, 90) (13, 13) (78, 78) (82, 82) (77, 77) 
(22, 22) (38, 38) (94, 94) (10, 10) (64, 64) (22, 22) (91, 91) (70, 70) (22, 22) (54, 54) (82, 82) (49, 49) (30, 30) (62, 62) (66, 66) 
(88, 88) (79, 79) (9, 9) (18, 18) (54, 54) (20, 20) (59, 59) (24, 24) (52, 52) (70, 70) (16, 16) (32, 32) (60, 60) (79, 79) (92, 92) 
(44, 44) (7, 7) (78, 78) (85, 85) (13, 13) (3, 3) (58, 58) (62, 62) (59, 59) (79, 79) (31, 31) (44, 44) (12, 12) (79, 79) (6, 6) 
(72, 72) (70, 70) (97, 97) (25, 25) (8, 8) (99, 99) (65, 65) (2, 2) (92, 92) (3, 3) (61, 61) (95, 95) (42, 42) (82, 82) (60, 60) 
(15, 15) (85, 85) (2, 2) (4, 4) (69, 69) (42, 42) (73, 73) (73, 73) (28, 28) (16, 16) (37, 37) (59, 59) (46, 46) (64, 64) (41, 41) 
(55, 55) (88, 88) (69, 69) (56, 56) (48, 48) (17, 17) (2, 2) (66, 66) (70, 70) (57, 57) (67, 67) (38, 38) (45, 45) (14, 14) (94, 94) 
(59, 59) (99, 99) (97, 97) (14, 14) (3, 3) (26, 26) (6, 6) (47, 47) (35, 35) (71, 71) (49, 49) (91, 91) (38, 38) (74, 74) (42, 42) 
(41, 41) (40, 40) (98, 98) (50, 50) (54, 54) (14, 14) (64, 64) (54, 54) (84, 84) (26, 26) (56, 56) (69, 69) (96, 96) (6, 6) (42, 42) 
(88, 88) (43, 43) (40, 40) (48, 48) (46, 46) (70, 70) (8, 8) (36, 36) (16, 16) (85, 85) (82, 82) (50, 50) (74, 74) (28, 28) (87, 87) 
(6, 6) (48, 48) (70, 70) (98, 98) (19, 19) (24, 24) (37, 37) (38, 38) (85, 85) (99, 99) (20, 20) (76, 76) (94, 94) (90, 90) (14, 14) 
(56, 56) (14, 14) (61, 61) (34, 34) (25, 25) (70, 70) (50, 50) (15, 15) (6, 6) (77, 77) (37, 37) (8, 8) (63, 63) (37, 37) (25, 25) 
(95, 95) (34, 34) (65, 65) (88, 88) (43, 43) (42, 42) (30, 30) (62, 62) (86, 86) (52, 52) (61, 61) (16, 16) (48, 48) (62, 62) (53, 53) 
(44, 44) (92, 92) (4, 4) (59, 59) (3, 3) (34, 34) (8, 8) (78, 78) (22, 22) (98, 98) (9, 9) (63, 63) (84, 84) (54, 54) (53, 53) 
(91, 91) (14, 14) (88, 88) (54, 54) (29, 29) (66, 66) (48, 48) (58, 58) (42, 42) (26, 26) (8, 8) (7, 7) (99, 99) (23, 23) (74, 74) 
(67, 67) (77, 77) (32, 32) (97, 97) (71, 71) (47, 47) (67, 67) (98, 98) (43, 43) (62, 62) (84, 84) (44, 44) (2, 2) (60, 60) (46, 46) 
(27, 27) (72, 72) (62, 62) (7, 7) (76, 76) (3, 3) (30, 30) (37, 37) (9, 9) (13, 13) (72, 72) (99, 99) (16, 16) (17, 17) (40, 40) 
(52, 52) (97, 97) (25, 25) (92, 92) (54, 54) (55, 55) (51, 51) (92, 92) (40, 40) (52, 52) (62, 62) (42, 42) (1, 1) (56, 56) (9, 9) 
(64, 64) (83, 83) (31, 31) (47, 47) (19, 19) (62, 62) (11, 11) (44, 44) (55, 55) (60, 60) (84, 84) (64, 64) (83, 83) (7, 7) (10, 10) 
