NUMERO DE TRABAJOS
50
NUMERO DE RECURSOS
15
SECUENCIA DE MAQUINAS
11 14 9 1 5 13 6 8 10 7 4 12 0 2 3 
12 11 10 4 6 14 2 0 5 3 1 13 9 8 7 
4 0 13 14 7 9 12 11 10 2 6 1 5 3 8 
4 12 14 3 8 9 0 6 1 7 11 13 2 10 5 
10 4 5 14 9 12 6 13 0 3 8 2 11 1 7 
8 0 12 1 7 4 5 3 2 14 10 9 13 6 11 
9 4 13 2 14 10 12 6 1 11 5 8 7 0 3 
9 4 12 11 6 7 0 2 10 3 14 13 1 8 5 
8 12 3 5 7 14 1 11 10 4 0 9 6 13 2 
8 11 9 13 3 12 5 7 10 2 1 14 6 4 0 
4 9 2 10 12 6 8 0 13 5 11 14 7 1 3 
10 6 5 4 12 3 9 13 14 8 2 7 11 1 0 
5 9 0 12 8 10 13 11 3 7 14 6 1 4 2 
4 5 12 2 6 14 0 7 1 11 13 10 8 9 3 
14 10 8 5 4 9 7 13 3 1 2 6 11 12 0 
8 12 11 7 10 2 3 6 4 1 9 5 13 14 0 
1 4 5 6 9 13 3 7 2 14 11 0 10 12 8 
12 8 3 10 9 1 7 6 2 4 0 13 5 14 11 
5 12 1 2 3 0 7 13 6 11 4 8 10 9 14 
12 1 8 11 2 7 6 10 4 13 14 9 5 3 0 
3 9 8 0 11 1 14 10 4 13 5 2 12 7 6 
11 1 9 4 3 8 12 0 6 7 14 10 13 2 5 
1 7 6 5 9 14 2 4 3 0 13 12 11 8 10 
2 14 9 13 7 8 6 5 4 0 12 11 3 1 10 
9 4 12 1 6 10 8 7 2 11 13 14 3 0 5 
4 1 9 0 8 2 14 3 5 6 7 13 11 12 10 
7 8 6 4 13 1 5 14 2 10 12 0 3 9 11 
5 12 10 9 1 4 13 11 14 2 7 0 3 8 6 
1 13 0 5 4 6 8 11 14 12 9 10 7 3 2 
3 6 10 5 7 8 9 0 14 1 12 2 11 13 4 
4 8 6 9 3 2 0 5 13 7 1 12 10 14 11 
4 0 12 6 1 3 14 11 7 2 5 8 10 13 9 
7 10 1 14 6 11 8 4 12 5 0 13 2 9 3 
12 13 1 10 7 2 9 14 4 11 5 3 6 0 8 
0 2 10 1 12 4 5 11 9 3 8 7 6 13 14 
0 10 13 12 6 1 8 2 3 14 9 4 7 5 11 
12 2 10 4 9 6 0 1 7 13 11 8 3 14 5 
3 1 12 5 6 2 8 14 0 11 7 10 13 9 4 
11 6 14 5 4 3 1 0 7 12 2 13 8 10 9 
3 2 10 9 1 5 13 8 7 4 6 0 11 12 14 
6 2 9 7 13 8 1 11 12 5 10 3 14 4 0 
2 4 7 14 11 8 9 13 0 1 5 12 10 3 6 
10 12 7 11 0 14 2 1 4 6 13 5 8 3 9 
0 9 11 1 14 4 3 7 2 5 12 10 8 13 6 
10 0 12 9 5 4 7 2 8 13 1 6 11 14 3 
2 8 6 5 7 11 3 14 10 1 0 4 9 13 12 
2 5 3 13 0 10 12 14 6 7 1 8 9 4 11 
2 5 14 1 7 13 12 10 3 6 9 8 11 4 0 
12 1 8 3 10 4 5 11 6 14 7 9 2 13 0 
5 2 14 10 11 3 6 1 9 8 12 7 0 13 4 
DURACIONES
(23, 23) (58, 58) (60, 60) (43, 43) (17, 17) (68, 68) (42, 42) (53, 53) (18, 18) (42, 42) (96, 96) (19, 19) (50, 50) (62, 62) (97, 97) 
(29, 29) (62, 62) (56, 56) (33, 33) (72, 72) (80, 80) (64, 64) (80, 80) (4, 4) (40, 40) (88, 88) (78, 78) (95, 95) (30, 30) (21, 21) 
(34, 34) (60, 60) (78, 78) (55, 55) (41, 41) (3, 3) (99, 99) (32, 32) (86, 86) (26, 26) (89, 89) (4, 4) (49, 49) (42, 42) (78, 78) 
(87, 87) (3, 3) (27, 27) (69, 69) (8, 8) (28, 28) (40, 40) (73, 73) (2, 2) (71, 71) (50, 50) (95, 95) (14, 14) (65, 65) (63, 63) 
(46, 46) (40, 40) (43, 43) (48, 48) (28, 28) (15, 15) (59, 59) (58, 58) (34, 34) (57, 57) (29, 29) (45, 45) (44, 44) (27, 27) (60, 60) 
(67, 67) (31, 31) (8, 8) (21, 21) (18, 18) (46, 46) (64, 64) (27, 27) (37, 37) (95, 95) (75, 75) (19, 19) (38, 38) (91, 91) (24, 24) 
(33, 33) (46, 46) (59, 59) (71, 71) (19, 19) (76, 76) (61, 61) (32, 32) (29, 29) (26, 26) (31, 31) (27, 27) (71, 71) (45, 45) (42, 42) 
(65, 65) (27, 27) (62, 62) (74, 74) (2, 2) (73, 73) (40, 40) (36, 36) (98, 98) (6, 6) (49, 49) (69, 69) (50, 50) (58, 58) (52, 52) 
(94, 94) (72, 72) (48, 48) (23, 23) (97, 97) (87, 87) (73, 73) (25, 25) (4, 4) (40, 40) (60, 60) (11, 11) (13, 13) (66, 66) (30, 30) 
(69, 69) (54, 54) (14, 14) (61, 61) (12, 12) (75, 75) (25, 25) (41, 41) (96, 96) (23, 23) (26, 26) (68, 68) (92, 92) (75, 75) (13, 13) 
(56, 56) (43, 43) (10, 10) (67, 67) (99, 99) (50, 50) (87, 87) (4, 4) (28, 28) (28, 28) (4, 4) (56, 56) (55, 55) (83, 83) (59, 59) 
(46, 46) (74, 74) (12, 12) (96, 96) (75, 75) (16, 16) (90, 90) (88, 88) (12, 12) (81, 81) (8, 8) (28, 28) (90, 90) (20, 20) (40, 40) 
(36, 36) (87, 87) (96, 96) (22, 22) (91, 91) (38, 38) (92, 92) (16, 16) (28, 28) (46, 46) (74, 74) (35, 35) (15, 15) (61, 61) (50, 50) 
(70, 70) (52, 52) (5, 5) (48, 48) (58, 58) (51, 51) (32, 32) (59, 59) (89, 89) (71, 71) (59, 59) (11, 11) (79, 79) (31, 31) (6, 6) 
(94, 94) (37, 37) (50, 50) (88, 88) (87, 87) (64, 64) (8, 8) (17, 17) (90, 90) (14, 14) (56, 56) (25, 25) (42, 42) (18, 18) (5, 5) 
(66, 66) (61, 61) (72, 72) (25, 25) (32, 32) (46, 46) (39, 39) (92, 92) (33, 33) (54, 54) (58, 58) (28, 28) (78, 78) (61, 61) (79, 79) 
(97, 97) (34, 34) (47, 47) (71, 71) (84, 84) (78, 78) (62, 62) (98, 98) (64, 64) (89, 89) (55, 55) (93, 93) (86, 86) (92, 92) (94, 94) 
(72, 72) (40, 40) (56, 56) (31, 31) (9, 9) (13, 13) (62, 62) (62, 62) (55, 55) (2, 2) (29, 29) (67, 67) (92, 92) (31, 31) (51, 51) 
(35, 35) (40, 40) (32, 32) (41, 41) (64, 64) (91, 91) (2, 2) (9, 9) (48, 48) (76, 76) (45, 45) (12, 12) (78, 78) (8, 8) (89, 89) 
(53, 53) (93, 93) (79, 79) (95, 95) (19, 19) (29, 29) (86, 86) (64, 64) (4, 4) (65, 65) (80, 80) (41, 41) (91, 91) (38, 38) (54, 54) 
(75, 75) (74, 74) (38, 38) (99, 99) (44, 44) (58, 58) (88, 88) (33, 33) (7, 7) (43, 43) (57, 57) (43, 43) (6, 6) (15, 15) (22, 22) 
(85, 85) (45, 45) (3, 3) (15, 15) (50, 50) (26, 26) (92, 92) (62, 62) (5, 5) (77, 77) (96, 96) (59, 59) (48, 48) (12, 12) (43, 43) 
(25, 25) (14, 14) (34, 34) (33, 33) (18, 18) (89, 89) (49, 49) (73, 73) (89, 89) (68, 68) (72, 72) (99, 99) (49, 49) (73, 73) (62, 62) 
(9, 9) (39, 39) (62, 62) (78, 78) (10, 10) (99, 99) (54, 54) (54, 54) (28, 28) (22, 22) (90, 90) (8, 8) (52, 52) (50, 50) (10, 10) 
(88, 88) (90, 90) (66, 66) (10, 10) (76, 76) (69, 69) (94, 94) (57, 57) (31, 31) (2, 2) (59, 59) (18, 18) (1, 1) (69, 69) (98, 98) 
(83, 83) (25, 25) (37, 37) (24, 24) (48, 48) (55, 55) (66, 66) (34, 34) (37, 37) (80, 80) (20, 20) (77, 77) (26, 26) (72, 72) (31, 31) 
(22, 22) (31, 31) (45, 45) (12, 12) (87, 87) (17, 17) (62, 62) (14, 14) (91, 91) (7, 7) (83, 83) (58, 58) (87, 87) (30, 30) (97, 97) 
(36, 36) (68, 68) (10, 10) (16, 16) (69, 69) (78, 78) (46, 46) (31, 31) (70, 70) (93, 93) (96, 96) (33, 33) (45, 45) (81, 81) (78, 78) 
(13, 13) (21, 21) (14, 14) (75, 75) (88, 88) (14, 14) (28, 28) (81, 81) (16, 16) (82, 82) (94, 94) (55, 55) (64, 64) (78, 78) (23, 23) 
(92, 92) (12, 12) (46, 46) (2, 2) (5, 5) (55, 55) (76, 76) (4, 4) (5, 5) (44, 44) (40, 40) (96, 96) (62, 62) (36, 36) (25, 25) 
(17, 17) (86, 86) (36, 36) (10, 10) (94, 94) (65, 65) (4, 4) (40, 40) (3, 3) (12, 12) (74, 74) (99, 99) (5, 5) (68, 68) (38, 38) 
(52, 52) (44, 44) (72, 72) (24, 24) (92, 92) (88, 88) (7, 7) (93, 93) (12, 12) (63, 63) (71, 71) (88, 88) (75, 75) (18, 18) (38, 38) 
(37, 37) (64, 64) (75, 75) (40, 40) (14, 14) (50, 50) (20, 20) (23, 23) (32, 32) (18, 18) (29, 29) (63, 63) (91, 91) (64, 64) (30, 30) 
(69, 69) (15, 15) (39, 39) (23, 23) (51, 51) (64, 64) (54, 54) (29, 29) (91, 91) (16, 16) (95, 95) (15, 15) (20, 20) (24, 24) (6, 6) 
(10, 10) (48, 48) (63, 63) (82, 82) (47, 47) (56, 56) (8, 8) (56, 56) (27, 27) (82, 82) (11, 11) (10, 10) (67, 67) (89, 89) (18, 18) 
(49, 49) (11, 11) (50, 50) (25, 25) (35, 35) (76, 76) (76, 76) (1, 1) (35, 35) (69, 69) (19, 19) (4, 4) (26, 26) (47, 47) (11, 11) 
(10, 10) (15, 15) (82, 82) (50, 50) (49, 49) (56, 56) (62, 62) (57, 57) (85, 85) (26, 26) (17, 17) (36, 36) (84, 84) (8, 8) (68, 68) 
(25, 25) (19, 19) (67, 67) (28, 28) (88, 88) (68, 68) (29, 29) (63, 63) (8, 8) (5, 5) (5, 5) (47, 47) (6, 6) (2, 2) (97, 97) 
(29, 29) (62, 62) (20, 20) (56, 56) (64, 64) (82, 82) (20, 20) (11, 11) (65, 65) (66, 66) (45, 45) (58, 58) (84, 84) (73, 73) (70, 70) 
(52, 52) (66, 66) (9, 9) (83, 83) (22, 22) (77, 77) (60, 60) (28, 28) (31, 31) (12, 12) (87, 87) (85, 85) (8, 8) (88, 88) (74, 74) 
(38, 38) (35, 35) (29, 29) (67, 67) (83, 83) (57, 57) (60, 60) (4, 4) (13, 13) (51, 51) (18, 18) (87, 87) (18, 18) (87, 87) (37, 37) 
(60, 60) (21, 21) (98, 98) (77, 77) (66, 66) (81, 81) (8, 8) (54, 54) (62, 62) (41, 41) (36, 36) (73, 73) (50, 50) (1, 1) (3, 3) 
(17, 17) (23, 23) (44, 44) (62, 62) (43, 43) (50, 50) (52, 52) (18, 18) (27, 27) (16, 16) (93, 93) (97, 97) (46, 46) (80, 80) (90, 90) 
(94, 94) (40, 40) (46, 46) (18, 18) (39, 39) (55, 55) (52, 52) (18, 18) (46, 46) (5, 5) (26, 26) (39, 39) (49, 49) (94, 94) (93, 93) 
(56, 56) (44, 44) (91, 91) (63, 63) (52, 52) (54, 54) (31, 31) (99, 99) (42, 42) (6, 6) (1, 1) (94, 94) (32, 32) (93, 93) (97, 97) 
(35, 35) (27, 27) (54, 54) (67, 67) (72, 72) (97, 97) (79, 79) (13, 13) (17, 17) (56, 56) (63, 63) (98, 98) (15, 15) (18, 18) (3, 3) 
(20, 20) (47, 47) (76, 76) (58, 58) (42, 42) (76, 76) (38, 38) (7, 7) (4, 4) (25, 25) (61, 61) (3, 3) (62, 62) (8, 8) (99, 99) 
(71, 71) (94, 94) (24, 24) (74, 74) (77, 77) (90, 90) (69, 69) (46, 46) (63, 63) (81, 81) (33, 33) (70, 70) (40, 40) (91, 91) (22, 22) 
(25, 25) (60, 60) (40, 40) (82, 82) (1, 1) (89, 89) (1, 1) (13, 13) (62, 62) (96, 96) (10, 10) (83, 83) (32, 32) (55, 55) (87, 87) 
(31, 31) (67, 67) (58, 58) (47, 47) (37, 37) (52, 52) (89, 89) (16, 16) (36, 36) (80, 80) (80, 80) (87, 87) (24, 24) (40, 40) (94, 94) 
