NUMERO DE TRABAJOS
50
NUMERO DE RECURSOS
15
SECUENCIA DE MAQUINAS
5 0 2 14 12 4 7 13 1 10 11 6 9 3 8 
7 2 1 8 12 9 3 11 13 14 0 6 4 10 5 
4 6 5 13 0 7 14 11 9 10 12 3 8 1 2 
9 13 3 11 14 12 6 1 0 4 10 5 2 7 8 
11 8 1 9 2 5 6 12 7 13 3 10 0 14 4 
9 3 4 7 11 2 13 5 8 12 6 10 14 0 1 
1 2 3 5 13 10 6 0 8 4 12 11 7 9 14 
1 14 10 12 4 8 7 13 6 2 9 3 5 11 0 
6 13 2 4 12 14 3 5 10 9 11 0 1 7 8 
11 13 0 10 6 9 1 2 14 3 5 8 7 4 12 
9 10 5 12 7 0 14 6 1 2 11 4 8 13 3 
12 5 1 13 2 8 6 4 7 10 0 3 14 11 9 
4 1 8 10 5 12 6 13 7 3 9 0 14 2 11 
13 12 2 5 11 7 9 14 6 0 8 10 1 3 4 
11 7 14 2 12 6 4 0 9 10 1 13 5 3 8 
14 5 9 11 3 0 12 1 4 6 10 8 7 13 2 
0 9 2 5 13 4 1 14 6 3 10 12 8 7 11 
11 6 0 5 10 12 2 14 13 1 7 8 9 3 4 
7 10 4 0 12 14 11 9 5 3 2 13 1 8 6 
4 9 12 10 14 3 7 11 2 0 8 1 6 13 5 
3 10 14 5 6 7 1 2 4 13 12 9 8 11 0 
10 12 13 2 1 0 5 6 11 8 9 3 7 14 4 
5 2 0 13 1 6 4 9 8 11 10 3 14 7 12 
11 4 6 10 12 8 2 7 9 14 1 0 13 3 5 
11 14 9 13 2 0 4 1 8 10 12 6 5 7 3 
14 0 8 1 11 12 13 2 9 4 7 6 3 10 5 
3 1 12 11 4 7 6 10 9 2 13 5 14 8 0 
12 14 10 0 5 13 1 11 4 3 6 8 2 9 7 
4 10 13 6 0 11 7 9 14 12 8 1 3 2 5 
3 5 2 9 13 11 12 6 10 4 8 0 14 1 7 
1 6 7 5 11 3 12 9 2 10 13 4 14 0 8 
5 4 10 9 0 6 3 1 7 13 12 11 14 8 2 
11 13 6 5 1 8 14 0 3 12 4 9 7 10 2 
11 9 2 1 12 0 8 13 10 5 14 6 4 7 3 
12 8 6 4 14 13 0 9 1 3 7 5 10 11 2 
0 4 12 6 14 10 5 7 3 13 1 2 9 8 11 
6 11 13 5 2 12 0 4 1 10 8 3 7 9 14 
5 6 11 0 2 12 4 8 7 9 13 10 14 3 1 
2 6 13 7 5 0 9 4 14 10 1 12 8 11 3 
7 2 8 9 0 6 4 1 11 14 10 3 5 13 12 
7 11 14 12 4 13 5 8 2 10 3 9 1 6 0 
9 7 12 4 10 1 8 13 14 3 0 2 11 6 5 
8 14 9 10 7 6 4 12 1 2 11 0 3 5 13 
14 7 9 5 10 6 4 12 2 13 8 0 1 11 3 
14 8 13 4 9 7 10 0 12 1 5 2 3 6 11 
8 11 1 4 9 14 0 3 5 12 10 7 6 2 13 
10 11 13 3 9 4 2 12 6 14 5 8 1 7 0 
14 12 6 10 4 1 13 11 2 5 7 8 3 0 9 
0 14 9 1 4 11 3 13 6 2 10 8 12 7 5 
11 3 0 13 8 14 2 7 10 12 5 6 9 4 1 
DURACIONES
(25, 25) (10, 10) (40, 40) (50, 50) (45, 45) (91, 91) (6, 6) (40, 40) (19, 19) (88, 88) (87, 87) (67, 67) (34, 34) (1, 1) (26, 26) 
(53, 53) (83, 83) (52, 52) (92, 92) (92, 92) (8, 8) (75, 75) (56, 56) (40, 40) (7, 7) (20, 20) (84, 84) (64, 64) (7, 7) (23, 23) 
(99, 99) (51, 51) (86, 86) (53, 53) (86, 86) (30, 30) (87, 87) (8, 8) (53, 53) (39, 39) (22, 22) (55, 55) (64, 64) (32, 32) (64, 64) 
(68, 68) (19, 19) (13, 13) (10, 10) (64, 64) (50, 50) (4, 4) (28, 28) (69, 69) (68, 68) (37, 37) (78, 78) (41, 41) (51, 51) (34, 34) 
(23, 23) (50, 50) (25, 25) (37, 37) (93, 93) (74, 74) (47, 47) (50, 50) (40, 40) (82, 82) (29, 29) (91, 91) (79, 79) (40, 40) (19, 19) 
(77, 77) (19, 19) (44, 44) (79, 79) (79, 79) (33, 33) (12, 12) (12, 12) (15, 15) (32, 32) (64, 64) (26, 26) (90, 90) (49, 49) (67, 67) 
(28, 28) (84, 84) (95, 95) (28, 28) (93, 93) (67, 67) (75, 75) (8, 8) (56, 56) (79, 79) (27, 27) (18, 18) (45, 45) (20, 20) (44, 44) 
(2, 2) (60, 60) (12, 12) (35, 35) (45, 45) (40, 40) (24, 24) (90, 90) (1, 1) (21, 21) (75, 75) (79, 79) (91, 91) (32, 32) (41, 41) 
(61, 61) (30, 30) (81, 81) (70, 70) (82, 82) (25, 25) (9, 9) (29, 29) (27, 27) (29, 29) (68, 68) (64, 64) (23, 23) (51, 51) (51, 51) 
(87, 87) (94, 94) (91, 91) (14, 14) (15, 15) (38, 38) (86, 86) (16, 16) (44, 44) (63, 63) (62, 62) (87, 87) (77, 77) (31, 31) (19, 19) 
(64, 64) (80, 80) (92, 92) (99, 99) (1, 1) (30, 30) (21, 21) (76, 76) (65, 65) (13, 13) (36, 36) (2, 2) (77, 77) (13, 13) (68, 68) 
(28, 28) (53, 53) (64, 64) (24, 24) (51, 51) (82, 82) (99, 99) (21, 21) (68, 68) (41, 41) (14, 14) (9, 9) (91, 91) (57, 57) (5, 5) 
(51, 51) (93, 93) (77, 77) (61, 61) (22, 22) (77, 77) (55, 55) (96, 96) (76, 76) (27, 27) (12, 12) (63, 63) (84, 84) (46, 46) (14, 14) 
(51, 51) (35, 35) (64, 64) (79, 79) (15, 15) (82, 82) (58, 58) (72, 72) (60, 60) (99, 99) (47, 47) (44, 44) (19, 19) (99, 99) (86, 86) 
(49, 49) (21, 21) (37, 37) (24, 24) (96, 96) (32, 32) (94, 94) (37, 37) (28, 28) (30, 30) (41, 41) (66, 66) (12, 12) (78, 78) (82, 82) 
(27, 27) (63, 63) (35, 35) (52, 52) (71, 71) (62, 62) (20, 20) (16, 16) (64, 64) (80, 80) (57, 57) (34, 34) (74, 74) (13, 13) (80, 80) 
(72, 72) (98, 98) (50, 50) (45, 45) (73, 73) (82, 82) (3, 3) (53, 53) (4, 4) (86, 86) (54, 54) (76, 76) (55, 55) (38, 38) (53, 53) 
(22, 22) (30, 30) (17, 17) (53, 53) (50, 50) (86, 86) (18, 18) (1, 1) (35, 35) (93, 93) (90, 90) (5, 5) (88, 88) (11, 11) (65, 65) 
(28, 28) (4, 4) (11, 11) (87, 87) (62, 62) (59, 59) (36, 36) (57, 57) (34, 34) (5, 5) (76, 76) (83, 83) (91, 91) (46, 46) (64, 64) 
(67, 67) (20, 20) (95, 95) (52, 52) (37, 37) (88, 88) (66, 66) (87, 87) (77, 77) (38, 38) (56, 56) (78, 78) (55, 55) (28, 28) (55, 55) 
(6, 6) (19, 19) (65, 65) (5, 5) (68, 68) (26, 26) (93, 93) (46, 46) (49, 49) (23, 23) (83, 83) (61, 61) (88, 88) (68, 68) (62, 62) 
(52, 52) (25, 25) (33, 33) (14, 14) (29, 29) (61, 61) (17, 17) (82, 82) (19, 19) (37, 37) (77, 77) (41, 41) (47, 47) (45, 45) (51, 51) 
(68, 68) (23, 23) (18, 18) (65, 65) (89, 89) (10, 10) (98, 98) (61, 61) (38, 38) (64, 64) (91, 91) (36, 36) (66, 66) (32, 32) (24, 24) 
(86, 86) (90, 90) (44, 44) (60, 60) (22, 22) (83, 83) (94, 94) (14, 14) (80, 80) (46, 46) (20, 20) (13, 13) (39, 39) (67, 67) (17, 17) 
(4, 4) (21, 21) (59, 59) (50, 50) (75, 75) (41, 41) (79, 79) (36, 36) (54, 54) (72, 72) (94, 94) (46, 46) (18, 18) (81, 81) (45, 45) 
(77, 77) (97, 97) (61, 61) (61, 61) (93, 93) (97, 97) (86, 86) (15, 15) (73, 73) (28, 28) (1, 1) (80, 80) (89, 89) (52, 52) (30, 30) 
(15, 15) (27, 27) (35, 35) (47, 47) (79, 79) (26, 26) (72, 72) (89, 89) (35, 35) (52, 52) (17, 17) (92, 92) (5, 5) (20, 20) (49, 49) 
(3, 3) (93, 93) (56, 56) (82, 82) (58, 58) (65, 65) (82, 82) (5, 5) (5, 5) (92, 92) (30, 30) (35, 35) (17, 17) (4, 4) (78, 78) 
(30, 30) (55, 55) (85, 85) (50, 50) (29, 29) (77, 77) (67, 67) (55, 55) (45, 45) (6, 6) (48, 48) (46, 46) (9, 9) (31, 31) (41, 41) 
(23, 23) (67, 67) (33, 33) (27, 27) (78, 78) (64, 64) (5, 5) (16, 16) (6, 6) (44, 44) (43, 43) (49, 49) (12, 12) (17, 17) (85, 85) 
(50, 50) (56, 56) (80, 80) (54, 54) (8, 8) (70, 70) (83, 83) (18, 18) (31, 31) (4, 4) (90, 90) (87, 87) (1, 1) (5, 5) (61, 61) 
(22, 22) (15, 15) (4, 4) (40, 40) (69, 69) (98, 98) (44, 44) (77, 77) (23, 23) (14, 14) (96, 96) (90, 90) (90, 90) (78, 78) (71, 71) 
(94, 94) (30, 30) (51, 51) (86, 86) (69, 69) (52, 52) (11, 11) (29, 29) (37, 37) (70, 70) (34, 34) (13, 13) (10, 10) (61, 61) (48, 48) 
(7, 7) (74, 74) (14, 14) (65, 65) (19, 19) (17, 17) (4, 4) (5, 5) (27, 27) (93, 93) (91, 91) (9, 9) (69, 69) (35, 35) (5, 5) 
(40, 40) (89, 89) (73, 73) (92, 92) (58, 58) (68, 68) (97, 97) (94, 94) (77, 77) (43, 43) (52, 52) (8, 8) (41, 41) (21, 21) (56, 56) 
(71, 71) (43, 43) (11, 11) (65, 65) (11, 11) (15, 15) (46, 46) (78, 78) (3, 3) (27, 27) (33, 33) (87, 87) (97, 97) (59, 59) (37, 37) 
(68, 68) (96, 96) (30, 30) (84, 84) (2, 2) (81, 81) (57, 57) (7, 7) (70, 70) (39, 39) (62, 62) (94, 94) (96, 96) (38, 38) (46, 46) 
(96, 96) (34, 34) (71, 71) (88, 88) (10, 10) (99, 99) (48, 48) (57, 57) (31, 31) (93, 93) (33, 33) (84, 84) (28, 28) (32, 32) (72, 72) 
(96, 96) (15, 15) (31, 31) (93, 93) (21, 21) (40, 40) (99, 99) (60, 60) (63, 63) (95, 95) (45, 45) (33, 33) (83, 83) (11, 11) (75, 75) 
(47, 47) (71, 71) (37, 37) (59, 59) (72, 72) (64, 64) (61, 61) (52, 52) (20, 20) (13, 13) (11, 11) (26, 26) (28, 28) (91, 91) (27, 27) 
(31, 31) (76, 76) (4, 4) (35, 35) (18, 18) (50, 50) (16, 16) (52, 52) (85, 85) (43, 43) (44, 44) (21, 21) (72, 72) (24, 24) (12, 12) 
(71, 71) (30, 30) (58, 58) (71, 71) (87, 87) (74, 74) (33, 33) (26, 26) (3, 3) (75, 75) (87, 87) (14, 14) (33, 33) (52, 52) (38, 38) 
(42, 42) (39, 39) (8, 8) (26, 26) (26, 26) (9, 9) (1, 1) (83, 83) (85, 85) (11, 11) (81, 81) (72, 72) (87, 87) (41, 41) (44, 44) 
(73, 73) (59, 59) (4, 4) (25, 25) (68, 68) (3, 3) (72, 72) (69, 69) (50, 50) (62, 62) (22, 22) (77, 77) (1, 1) (4, 4) (94, 94) 
(59, 59) (45, 45) (39, 39) (64, 64) (35, 35) (42, 42) (16, 16) (88, 88) (9, 9) (88, 88) (85, 85) (54, 54) (63, 63) (21, 21) (76, 76) 
(66, 66) (23, 23) (28, 28) (12, 12) (22, 22) (65, 65) (9, 9) (27, 27) (25, 25) (75, 75) (85, 85) (19, 19) (41, 41) (20, 20) (25, 25) 
(28, 28) (96, 96) (37, 37) (58, 58) (94, 94) (40, 40) (42, 42) (41, 41) (20, 20) (80, 80) (29, 29) (12, 12) (81, 81) (8, 8) (28, 28) 
(83, 83) (17, 17) (26, 26) (78, 78) (95, 95) (45, 45) (16, 16) (53, 53) (12, 12) (50, 50) (6, 6) (87, 87) (44, 44) (5, 5) (63, 63) 
(13, 13) (85, 85) (49, 49) (73, 73) (48, 48) (44, 44) (84, 84) (85, 85) (1, 1) (12, 12) (3, 3) (39, 39) (75, 75) (73, 73) (45, 45) 
(3, 3) (15, 15) (40, 40) (77, 77) (43, 43) (91, 91) (51, 51) (17, 17) (71, 71) (33, 33) (83, 83) (61, 61) (68, 68) (14, 14) (97, 97) 
