NUMERO DE TRABAJOS
50
NUMERO DE RECURSOS
15
SECUENCIA DE MAQUINAS
7 8 0 14 11 6 5 9 13 1 2 12 4 10 3 
14 0 6 10 1 11 2 9 8 3 4 5 12 7 13 
10 6 3 11 0 5 4 1 13 2 12 14 9 7 8 
11 14 3 0 12 9 10 7 5 6 2 8 4 13 1 
5 7 0 3 10 1 9 11 8 12 13 14 2 6 4 
6 13 1 7 10 0 11 8 9 5 12 14 4 3 2 
14 8 3 9 5 0 1 6 2 7 12 10 4 13 11 
8 13 0 3 10 1 2 14 11 7 5 6 12 9 4 
6 10 1 11 5 4 12 9 2 8 13 14 7 0 3 
4 9 6 10 8 1 7 14 13 5 2 11 12 0 3 
4 1 3 7 13 5 8 10 12 0 6 14 11 2 9 
9 7 10 2 6 12 8 13 14 5 1 0 3 11 4 
3 2 12 4 11 7 5 1 14 10 8 9 13 6 0 
13 14 1 3 2 11 9 8 6 0 12 10 7 5 4 
10 3 2 11 5 9 0 12 8 13 4 7 14 1 6 
2 13 14 11 1 5 3 4 8 12 10 0 6 9 7 
6 11 3 10 4 2 0 14 7 13 1 12 9 8 5 
6 8 10 14 1 5 3 0 9 4 12 11 13 7 2 
10 1 2 5 7 12 13 11 0 9 3 8 4 14 6 
12 4 11 13 9 8 7 10 0 2 3 6 5 14 1 
11 6 0 12 14 7 10 5 2 4 8 13 3 9 1 
14 7 9 1 4 13 5 0 2 12 10 11 6 8 3 
9 5 1 14 2 3 0 11 12 10 4 8 7 13 6 
9 10 3 8 0 5 6 4 12 2 14 1 7 13 11 
14 8 9 5 11 0 12 13 4 7 10 1 6 3 2 
6 10 7 13 12 3 2 11 5 4 1 0 8 14 9 
10 11 9 13 3 7 6 12 0 14 1 4 8 5 2 
5 7 3 14 13 10 8 9 1 12 2 0 4 11 6 
9 10 4 14 8 6 1 2 11 12 13 0 3 7 5 
10 1 4 2 3 12 5 0 9 14 8 7 6 13 11 
3 9 11 5 4 2 14 0 12 1 10 13 8 7 6 
6 2 12 13 4 0 10 1 5 9 14 7 8 11 3 
0 14 11 5 6 7 1 3 4 9 13 10 8 2 12 
13 6 4 11 9 5 2 12 14 10 0 3 7 8 1 
0 1 13 2 4 7 12 3 10 8 11 6 9 5 14 
7 2 4 3 6 9 11 13 10 8 1 14 5 12 0 
1 12 2 5 0 7 13 10 14 4 11 6 9 8 3 
14 4 9 12 2 13 7 1 5 8 11 0 3 6 10 
7 10 2 13 8 0 9 12 3 6 11 4 14 5 1 
5 14 4 2 9 0 7 6 12 3 13 1 10 8 11 
1 13 0 14 2 12 7 9 8 4 11 10 5 6 3 
11 1 0 7 6 14 12 2 5 13 8 10 4 9 3 
10 8 11 9 4 5 0 12 1 14 13 2 7 3 6 
12 13 9 5 1 6 3 2 0 11 8 4 7 10 14 
14 8 9 13 11 10 7 3 4 2 5 0 6 12 1 
9 6 12 10 2 7 1 4 0 5 11 3 13 8 14 
12 2 1 9 6 14 5 8 3 13 11 0 7 10 4 
10 2 11 5 9 0 4 13 7 8 14 3 1 6 12 
6 5 10 9 4 12 3 14 0 2 13 8 7 11 1 
8 0 14 6 4 5 10 12 9 7 13 3 11 2 1 
DURACIONES
(34, 34) (91, 91) (93, 93) (88, 88) (59, 59) (66, 66) (50, 50) (53, 53) (45, 45) (1, 1) (68, 68) (77, 77) (37, 37) (61, 61) (17, 17) 
(19, 19) (73, 73) (15, 15) (72, 72) (38, 38) (52, 52) (14, 14) (69, 69) (19, 19) (29, 29) (3, 3) (48, 48) (11, 11) (54, 54) (28, 28) 
(59, 59) (29, 29) (84, 84) (4, 4) (19, 19) (35, 35) (22, 22) (50, 50) (68, 68) (28, 28) (96, 96) (23, 23) (74, 74) (90, 90) (51, 51) 
(14, 14) (86, 86) (8, 8) (85, 85) (49, 49) (56, 56) (87, 87) (2, 2) (85, 85) (60, 60) (97, 97) (51, 51) (39, 39) (34, 34) (89, 89) 
(99, 99) (5, 5) (39, 39) (39, 39) (3, 3) (73, 73) (16, 16) (62, 62) (29, 29) (68, 68) (14, 14) (38, 38) (90, 90) (56, 56) (32, 32) 
(23, 23) (84, 84) (34, 34) (77, 77) (25, 25) (44, 44) (45, 45) (14, 14) (79, 79) (90, 90) (78, 78) (56, 56) (37, 37) (61, 61) (96, 96) 
(24, 24) (15, 15) (99, 99) (49, 49) (66, 66) (99, 99) (87, 87) (11, 11) (45, 45) (84, 84) (20, 20) (9, 9) (71, 71) (50, 50) (54, 54) 
(67, 67) (11, 11) (97, 97) (63, 63) (64, 64) (33, 33) (66, 66) (4, 4) (89, 89) (60, 60) (51, 51) (13, 13) (33, 33) (48, 48) (70, 70) 
(56, 56) (66, 66) (8, 8) (92, 92) (81, 81) (94, 94) (5, 5) (21, 21) (69, 69) (61, 61) (50, 50) (99, 99) (49, 49) (26, 26) (83, 83) 
(14, 14) (38, 38) (82, 82) (99, 99) (77, 77) (17, 17) (9, 9) (21, 21) (15, 15) (43, 43) (39, 39) (39, 39) (80, 80) (19, 19) (43, 43) 
(76, 76) (94, 94) (34, 34) (45, 45) (7, 7) (83, 83) (88, 88) (47, 47) (22, 22) (90, 90) (11, 11) (6, 6) (22, 22) (40, 40) (51, 51) 
(72, 72) (65, 65) (2, 2) (38, 38) (96, 96) (10, 10) (58, 58) (65, 65) (17, 17) (75, 75) (65, 65) (79, 79) (83, 83) (45, 45) (52, 52) 
(23, 23) (35, 35) (24, 24) (67, 67) (65, 65) (18, 18) (7, 7) (68, 68) (19, 19) (63, 63) (18, 18) (80, 80) (19, 19) (23, 23) (39, 39) 
(47, 47) (70, 70) (38, 38) (14, 14) (46, 46) (48, 48) (14, 14) (45, 45) (31, 31) (35, 35) (95, 95) (75, 75) (61, 61) (44, 44) (71, 71) 
(26, 26) (14, 14) (46, 46) (1, 1) (23, 23) (50, 50) (27, 27) (82, 82) (26, 26) (7, 7) (55, 55) (22, 22) (21, 21) (85, 85) (66, 66) 
(11, 11) (84, 84) (48, 48) (49, 49) (19, 19) (98, 98) (92, 92) (42, 42) (67, 67) (57, 57) (40, 40) (78, 78) (19, 19) (52, 52) (14, 14) 
(12, 12) (71, 71) (17, 17) (67, 67) (20, 20) (41, 41) (74, 74) (96, 96) (87, 87) (20, 20) (84, 84) (77, 77) (72, 72) (91, 91) (37, 37) 
(12, 12) (12, 12) (66, 66) (2, 2) (17, 17) (33, 33) (30, 30) (10, 10) (72, 72) (6, 6) (6, 6) (41, 41) (39, 39) (71, 71) (4, 4) 
(3, 3) (89, 89) (9, 9) (24, 24) (80, 80) (7, 7) (42, 42) (85, 85) (84, 84) (89, 89) (40, 40) (42, 42) (92, 92) (91, 91) (77, 77) 
(98, 98) (83, 83) (65, 65) (94, 94) (6, 6) (96, 96) (34, 34) (7, 7) (49, 49) (25, 25) (47, 47) (8, 8) (93, 93) (67, 67) (50, 50) 
(52, 52) (57, 57) (73, 73) (45, 45) (55, 55) (63, 63) (99, 99) (20, 20) (59, 59) (90, 90) (31, 31) (23, 23) (99, 99) (92, 92) (53, 53) 
(64, 64) (4, 4) (25, 25) (52, 52) (72, 72) (41, 41) (11, 11) (99, 99) (35, 35) (77, 77) (89, 89) (98, 98) (63, 63) (59, 59) (99, 99) 
(80, 80) (93, 93) (64, 64) (13, 13) (48, 48) (47, 47) (78, 78) (59, 59) (58, 58) (73, 73) (3, 3) (28, 28) (13, 13) (72, 72) (9, 9) 
(24, 24) (95, 95) (93, 93) (48, 48) (78, 78) (64, 64) (26, 26) (86, 86) (83, 83) (41, 41) (62, 62) (53, 53) (35, 35) (84, 84) (45, 45) 
(91, 91) (86, 86) (79, 79) (5, 5) (85, 85) (29, 29) (73, 73) (9, 9) (74, 74) (69, 69) (23, 23) (80, 80) (82, 82) (34, 34) (88, 88) 
(76, 76) (77, 77) (2, 2) (28, 28) (27, 27) (27, 27) (87, 87) (33, 33) (41, 41) (99, 99) (2, 2) (44, 44) (16, 16) (83, 83) (91, 91) 
(96, 96) (27, 27) (61, 61) (42, 42) (99, 99) (76, 76) (87, 87) (36, 36) (24, 24) (21, 21) (88, 88) (43, 43) (89, 89) (78, 78) (53, 53) 
(86, 86) (72, 72) (3, 3) (91, 91) (33, 33) (1, 1) (37, 37) (39, 39) (30, 30) (78, 78) (52, 52) (52, 52) (64, 64) (88, 88) (75, 75) 
(98, 98) (52, 52) (99, 99) (11, 11) (57, 57) (40, 40) (52, 52) (75, 75) (23, 23) (49, 49) (65, 65) (1, 1) (57, 57) (56, 56) (92, 92) 
(82, 82) (33, 33) (80, 80) (23, 23) (7, 7) (49, 49) (24, 24) (50, 50) (29, 29) (38, 38) (47, 47) (3, 3) (53, 53) (89, 89) (70, 70) 
(32, 32) (62, 62) (9, 9) (88, 88) (58, 58) (70, 70) (9, 9) (66, 66) (18, 18) (40, 40) (33, 33) (54, 54) (60, 60) (92, 92) (88, 88) 
(2, 2) (5, 5) (35, 35) (65, 65) (67, 67) (58, 58) (61, 61) (72, 72) (60, 60) (84, 84) (88, 88) (23, 23) (17, 17) (71, 71) (13, 13) 
(65, 65) (56, 56) (5, 5) (94, 94) (82, 82) (76, 76) (29, 29) (1, 1) (93, 93) (66, 66) (47, 47) (32, 32) (42, 42) (75, 75) (13, 13) 
(14, 14) (86, 86) (65, 65) (41, 41) (3, 3) (10, 10) (49, 49) (26, 26) (10, 10) (86, 86) (1, 1) (32, 32) (38, 38) (48, 48) (93, 93) 
(98, 98) (21, 21) (61, 61) (61, 61) (54, 54) (71, 71) (98, 98) (39, 39) (14, 14) (38, 38) (74, 74) (2, 2) (12, 12) (93, 93) (85, 85) 
(93, 93) (1, 1) (26, 26) (57, 57) (38, 38) (80, 80) (43, 43) (64, 64) (23, 23) (88, 88) (74, 74) (5, 5) (16, 16) (50, 50) (1, 1) 
(23, 23) (55, 55) (72, 72) (57, 57) (46, 46) (17, 17) (80, 80) (44, 44) (80, 80) (55, 55) (75, 75) (69, 69) (34, 34) (44, 44) (30, 30) 
(64, 64) (93, 93) (55, 55) (78, 78) (9, 9) (24, 24) (59, 59) (72, 72) (30, 30) (50, 50) (81, 81) (7, 7) (53, 53) (69, 69) (3, 3) 
(63, 63) (40, 40) (81, 81) (33, 33) (52, 52) (86, 86) (2, 2) (43, 43) (57, 57) (36, 36) (53, 53) (18, 18) (22, 22) (92, 92) (40, 40) 
(60, 60) (79, 79) (43, 43) (83, 83) (76, 76) (79, 79) (53, 53) (72, 72) (40, 40) (37, 37) (66, 66) (3, 3) (52, 52) (33, 33) (9, 9) 
(28, 28) (70, 70) (7, 7) (51, 51) (33, 33) (57, 57) (89, 89) (60, 60) (64, 64) (36, 36) (75, 75) (49, 49) (13, 13) (36, 36) (65, 65) 
(74, 74) (97, 97) (88, 88) (27, 27) (95, 95) (99, 99) (17, 17) (31, 31) (87, 87) (34, 34) (28, 28) (16, 16) (16, 16) (94, 94) (14, 14) 
(63, 63) (47, 47) (6, 6) (43, 43) (48, 48) (65, 65) (83, 83) (98, 98) (58, 58) (60, 60) (12, 12) (48, 48) (93, 93) (77, 77) (32, 32) 
(32, 32) (94, 94) (71, 71) (3, 3) (20, 20) (45, 45) (10, 10) (45, 45) (6, 6) (57, 57) (35, 35) (76, 76) (46, 46) (87, 87) (25, 25) 
(45, 45) (63, 63) (82, 82) (23, 23) (1, 1) (13, 13) (50, 50) (64, 64) (82, 82) (55, 55) (42, 42) (14, 14) (35, 35) (15, 15) (47, 47) 
(6, 6) (6, 6) (28, 28) (96, 96) (2, 2) (85, 85) (97, 97) (90, 90) (83, 83) (76, 76) (65, 65) (46, 46) (71, 71) (42, 42) (61, 61) 
(95, 95) (54, 54) (46, 46) (33, 33) (13, 13) (71, 71) (37, 37) (60, 60) (50, 50) (30, 30) (56, 56) (10, 10) (62, 62) (76, 76) (57, 57) 
(96, 96) (64, 64) (6, 6) (90, 90) (1, 1) (99, 99) (86, 86) (27, 27) (18, 18) (56, 56) (19, 19) (73, 73) (76, 76) (82, 82) (78, 78) 
(98, 98) (69, 69) (68, 68) (45, 45) (17, 17) (29, 29) (15, 15) (81, 81) (31, 31) (79, 79) (54, 54) (50, 50) (73, 73) (2, 2) (86, 86) 
(44, 44) (78, 78) (31, 31) (8, 8) (8, 8) (15, 15) (95, 95) (83, 83) (3, 3) (30, 30) (39, 39) (92, 92) (47, 47) (49, 49) (45, 45) 
