NUMERO DE TRABAJOS
50
NUMERO DE RECURSOS
15
SECUENCIA DE MAQUINAS
11 3 12 0 14 9 1 6 2 13 7 4 5 8 10 
2 8 14 1 0 10 6 12 7 9 3 4 11 13 5 
13 0 5 6 14 11 4 3 7 9 12 8 2 10 1 
13 4 9 11 1 6 12 2 10 3 0 7 14 8 5 
9 3 4 7 11 0 8 10 6 5 14 12 1 2 13 
2 0 5 3 12 1 4 6 9 7 8 10 14 13 11 
6 1 9 2 7 10 4 11 0 13 14 12 3 5 8 
2 13 14 4 3 10 7 9 6 5 1 11 12 0 8 
7 14 12 2 13 8 6 0 1 5 11 9 4 3 10 
10 5 7 3 12 6 2 0 13 8 14 9 11 4 1 
13 4 14 6 3 2 5 8 9 12 7 0 11 10 1 
9 14 7 6 11 12 4 5 10 13 3 1 8 0 2 
8 10 7 11 13 1 2 3 14 12 9 4 5 6 0 
5 10 2 4 7 9 12 3 13 1 14 6 8 0 11 
13 1 11 7 3 8 5 4 2 6 0 14 9 12 10 
3 4 7 9 8 5 11 14 12 2 6 10 0 13 1 
10 3 9 14 0 7 13 12 6 11 4 8 1 2 5 
9 12 13 14 6 2 4 7 0 8 11 3 10 5 1 
7 3 6 12 13 14 0 5 8 1 11 2 10 9 4 
3 11 12 4 6 0 13 8 5 9 7 1 10 14 2 
4 2 1 3 13 10 12 8 14 5 7 6 11 0 9 
7 8 5 3 13 0 10 12 11 6 2 1 4 9 14 
8 13 14 5 12 11 10 9 2 3 7 0 6 1 4 
0 9 1 8 6 12 5 7 4 3 2 13 10 14 11 
8 5 7 2 6 11 13 4 9 0 1 14 12 10 3 
10 11 3 8 2 7 14 4 1 5 0 6 9 13 12 
11 0 5 8 9 4 1 6 2 3 14 10 13 12 7 
11 0 8 2 1 6 13 9 14 12 10 4 5 3 7 
2 12 7 4 13 8 0 9 5 11 1 3 10 6 14 
8 3 6 1 12 7 11 4 9 2 10 14 13 5 0 
2 6 7 13 8 3 1 10 14 11 9 5 12 4 0 
13 5 2 12 1 6 4 0 3 8 7 9 11 10 14 
0 13 4 10 14 7 8 1 3 9 6 5 11 12 2 
4 13 10 5 8 2 1 3 6 14 12 7 11 9 0 
9 13 3 5 12 14 6 1 4 10 2 7 8 11 0 
12 6 11 4 1 9 8 5 0 13 2 14 10 3 7 
3 10 4 13 9 7 14 12 11 8 2 1 0 5 6 
13 12 1 2 8 0 7 4 10 6 9 5 3 11 14 
13 8 2 7 11 12 10 9 6 4 1 0 3 5 14 
6 11 3 4 8 2 10 13 7 5 9 1 14 0 12 
8 2 7 13 9 3 14 12 0 1 10 6 5 11 4 
6 4 8 9 2 5 13 1 12 11 14 0 7 10 3 
13 9 12 3 14 5 8 7 10 4 11 0 1 2 6 
7 3 10 1 8 5 0 11 9 13 2 4 14 6 12 
11 13 8 1 12 4 2 10 6 9 3 14 0 7 5 
1 11 10 7 5 3 14 2 13 6 4 9 0 12 8 
14 11 1 8 5 13 0 9 4 12 6 10 3 2 7 
10 5 7 2 11 4 3 14 9 0 12 6 1 13 8 
14 12 10 6 4 13 8 7 2 11 5 3 1 0 9 
12 2 10 3 4 0 13 14 7 5 6 8 1 11 9 
DURACIONES
(30, 30) (16, 16) (71, 71) (30, 30) (78, 78) (46, 46) (18, 18) (32, 32) (34, 34) (88, 88) (94, 94) (85, 85) (83, 83) (30, 30) (73, 73) 
(14, 14) (51, 51) (6, 6) (33, 33) (17, 17) (22, 22) (63, 63) (71, 71) (14, 14) (87, 87) (58, 58) (37, 37) (55, 55) (73, 73) (78, 78) 
(39, 39) (26, 26) (79, 79) (10, 10) (48, 48) (48, 48) (97, 97) (22, 22) (89, 89) (1, 1) (3, 3) (44, 44) (9, 9) (77, 77) (40, 40) 
(79, 79) (66, 66) (39, 39) (61, 61) (57, 57) (96, 96) (98, 98) (54, 54) (88, 88) (21, 21) (92, 92) (3, 3) (39, 39) (21, 21) (73, 73) 
(5, 5) (65, 65) (93, 93) (90, 90) (64, 64) (30, 30) (93, 93) (88, 88) (91, 91) (47, 47) (26, 26) (79, 79) (3, 3) (77, 77) (39, 39) 
(6, 6) (61, 61) (92, 92) (22, 22) (18, 18) (52, 52) (82, 82) (48, 48) (32, 32) (73, 73) (49, 49) (16, 16) (76, 76) (55, 55) (38, 38) 
(16, 16) (29, 29) (93, 93) (89, 89) (61, 61) (47, 47) (25, 25) (38, 38) (28, 28) (46, 46) (93, 93) (68, 68) (99, 99) (41, 41) (59, 59) 
(50, 50) (77, 77) (11, 11) (79, 79) (98, 98) (66, 66) (23, 23) (15, 15) (24, 24) (41, 41) (8, 8) (57, 57) (68, 68) (52, 52) (30, 30) 
(26, 26) (36, 36) (79, 79) (92, 92) (93, 93) (11, 11) (18, 18) (71, 71) (26, 26) (95, 95) (14, 14) (86, 86) (41, 41) (3, 3) (47, 47) 
(14, 14) (16, 16) (56, 56) (74, 74) (92, 92) (33, 33) (93, 93) (68, 68) (70, 70) (38, 38) (64, 64) (79, 79) (8, 8) (69, 69) (74, 74) 
(87, 87) (74, 74) (84, 84) (78, 78) (49, 49) (45, 45) (44, 44) (53, 53) (83, 83) (28, 28) (3, 3) (48, 48) (6, 6) (52, 52) (53, 53) 
(71, 71) (9, 9) (73, 73) (90, 90) (58, 58) (16, 16) (90, 90) (54, 54) (48, 48) (64, 64) (17, 17) (63, 63) (64, 64) (98, 98) (96, 96) 
(58, 58) (47, 47) (95, 95) (34, 34) (14, 14) (11, 11) (2, 2) (52, 52) (29, 29) (65, 65) (86, 86) (60, 60) (13, 13) (5, 5) (16, 16) 
(64, 64) (29, 29) (35, 35) (6, 6) (90, 90) (42, 42) (36, 36) (29, 29) (57, 57) (39, 39) (52, 52) (39, 39) (93, 93) (21, 21) (77, 77) 
(85, 85) (98, 98) (44, 44) (85, 85) (45, 45) (64, 64) (33, 33) (49, 49) (23, 23) (84, 84) (53, 53) (17, 17) (48, 48) (31, 31) (11, 11) 
(33, 33) (89, 89) (48, 48) (20, 20) (95, 95) (57, 57) (8, 8) (19, 19) (21, 21) (36, 36) (65, 65) (37, 37) (93, 93) (4, 4) (2, 2) 
(51, 51) (57, 57) (69, 69) (74, 74) (95, 95) (79, 79) (37, 37) (82, 82) (75, 75) (20, 20) (49, 49) (38, 38) (78, 78) (97, 97) (73, 73) 
(68, 68) (91, 91) (5, 5) (50, 50) (32, 32) (48, 48) (39, 39) (81, 81) (32, 32) (68, 68) (92, 92) (74, 74) (27, 27) (60, 60) (59, 59) 
(82, 82) (63, 63) (18, 18) (32, 32) (69, 69) (82, 82) (76, 76) (39, 39) (72, 72) (90, 90) (4, 4) (54, 54) (79, 79) (81, 81) (72, 72) 
(98, 98) (97, 97) (37, 37) (95, 95) (93, 93) (56, 56) (46, 46) (85, 85) (7, 7) (78, 78) (71, 71) (69, 69) (47, 47) (41, 41) (64, 64) 
(65, 65) (64, 64) (28, 28) (46, 46) (27, 27) (53, 53) (6, 6) (71, 71) (12, 12) (15, 15) (61, 61) (89, 89) (56, 56) (35, 35) (9, 9) 
(86, 86) (86, 86) (72, 72) (13, 13) (69, 69) (39, 39) (98, 98) (28, 28) (32, 32) (64, 64) (21, 21) (86, 86) (50, 50) (8, 8) (90, 90) 
(96, 96) (82, 82) (2, 2) (4, 4) (27, 27) (43, 43) (35, 35) (73, 73) (97, 97) (21, 21) (78, 78) (95, 95) (76, 76) (73, 73) (89, 89) 
(19, 19) (17, 17) (55, 55) (53, 53) (89, 89) (40, 40) (3, 3) (3, 3) (14, 14) (40, 40) (69, 69) (50, 50) (20, 20) (41, 41) (30, 30) 
(9, 9) (75, 75) (67, 67) (4, 4) (8, 8) (70, 70) (38, 38) (1, 1) (99, 99) (49, 49) (43, 43) (74, 74) (31, 31) (9, 9) (1, 1) 
(85, 85) (90, 90) (94, 94) (15, 15) (73, 73) (50, 50) (81, 81) (26, 26) (91, 91) (10, 10) (58, 58) (32, 32) (78, 78) (1, 1) (7, 7) 
(58, 58) (95, 95) (31, 31) (99, 99) (89, 89) (92, 92) (18, 18) (42, 42) (95, 95) (7, 7) (81, 81) (47, 47) (53, 53) (94, 94) (52, 52) 
(13, 13) (57, 57) (45, 45) (71, 71) (16, 16) (90, 90) (25, 25) (52, 52) (72, 72) (11, 11) (21, 21) (27, 27) (34, 34) (89, 89) (27, 27) 
(40, 40) (44, 44) (17, 17) (94, 94) (39, 39) (49, 49) (52, 52) (17, 17) (79, 79) (44, 44) (70, 70) (1, 1) (67, 67) (1, 1) (8, 8) 
(98, 98) (38, 38) (53, 53) (98, 98) (41, 41) (63, 63) (2, 2) (68, 68) (28, 28) (75, 75) (14, 14) (21, 21) (8, 8) (65, 65) (1, 1) 
(5, 5) (40, 40) (27, 27) (93, 93) (65, 65) (93, 93) (7, 7) (39, 39) (42, 42) (8, 8) (29, 29) (27, 27) (57, 57) (17, 17) (77, 77) 
(39, 39) (18, 18) (17, 17) (93, 93) (8, 8) (57, 57) (66, 66) (76, 76) (28, 28) (21, 21) (2, 2) (82, 82) (66, 66) (77, 77) (94, 94) 
(75, 75) (13, 13) (48, 48) (13, 13) (39, 39) (16, 16) (69, 69) (39, 39) (35, 35) (75, 75) (85, 85) (55, 55) (45, 45) (55, 55) (85, 85) 
(85, 85) (82, 82) (13, 13) (89, 89) (34, 34) (10, 10) (95, 95) (38, 38) (4, 4) (10, 10) (84, 84) (88, 88) (65, 65) (25, 25) (50, 50) 
(75, 75) (74, 74) (84, 84) (71, 71) (54, 54) (53, 53) (86, 86) (11, 11) (72, 72) (27, 27) (89, 89) (60, 60) (25, 25) (17, 17) (86, 86) 
(16, 16) (66, 66) (24, 24) (6, 6) (81, 81) (26, 26) (68, 68) (41, 41) (2, 2) (87, 87) (86, 86) (71, 71) (32, 32) (34, 34) (69, 69) 
(22, 22) (16, 16) (45, 45) (56, 56) (8, 8) (62, 62) (20, 20) (84, 84) (87, 87) (59, 59) (53, 53) (81, 81) (43, 43) (3, 3) (22, 22) 
(28, 28) (23, 23) (66, 66) (27, 27) (49, 49) (46, 46) (49, 49) (64, 64) (43, 43) (12, 12) (95, 95) (38, 38) (31, 31) (49, 49) (18, 18) 
(20, 20) (22, 22) (90, 90) (84, 84) (14, 14) (36, 36) (5, 5) (80, 80) (99, 99) (93, 93) (67, 67) (58, 58) (37, 37) (13, 13) (55, 55) 
(98, 98) (88, 88) (38, 38) (95, 95) (87, 87) (69, 69) (99, 99) (85, 85) (75, 75) (39, 39) (77, 77) (57, 57) (82, 82) (96, 96) (52, 52) 
(9, 9) (89, 89) (82, 82) (81, 81) (16, 16) (40, 40) (74, 74) (27, 27) (33, 33) (33, 33) (15, 15) (78, 78) (58, 58) (79, 79) (28, 28) 
(64, 64) (92, 92) (8, 8) (48, 48) (75, 75) (29, 29) (69, 69) (33, 33) (83, 83) (19, 19) (97, 97) (74, 74) (98, 98) (3, 3) (39, 39) 
(68, 68) (87, 87) (88, 88) (72, 72) (84, 84) (26, 26) (11, 11) (95, 95) (94, 94) (90, 90) (8, 8) (17, 17) (53, 53) (92, 92) (6, 6) 
(97, 97) (96, 96) (29, 29) (68, 68) (96, 96) (69, 69) (95, 95) (90, 90) (67, 67) (53, 53) (23, 23) (18, 18) (54, 54) (49, 49) (18, 18) 
(78, 78) (44, 44) (69, 69) (25, 25) (48, 48) (77, 77) (1, 1) (70, 70) (14, 14) (25, 25) (95, 95) (25, 25) (53, 53) (64, 64) (39, 39) 
(3, 3) (80, 80) (70, 70) (59, 59) (43, 43) (54, 54) (54, 54) (59, 59) (29, 29) (62, 62) (89, 89) (3, 3) (59, 59) (79, 79) (8, 8) 
(38, 38) (15, 15) (18, 18) (76, 76) (21, 21) (82, 82) (84, 84) (53, 53) (18, 18) (74, 74) (59, 59) (61, 61) (11, 11) (58, 58) (10, 10) 
(22, 22) (7, 7) (89, 89) (39, 39) (44, 44) (41, 41) (41, 41) (83, 83) (54, 54) (87, 87) (86, 86) (7, 7) (70, 70) (55, 55) (73, 73) 
(5, 5) (59, 59) (22, 22) (59, 59) (68, 68) (99, 99) (41, 41) (27, 27) (62, 62) (80, 80) (30, 30) (37, 37) (60, 60) (76, 76) (4, 4) 
(24, 24) (95, 95) (67, 67) (85, 85) (8, 8) (15, 15) (73, 73) (52, 52) (12, 12) (39, 39) (16, 16) (62, 62) (61, 61) (9, 9) (53, 53) 
