NUMERO DE TRABAJOS
50
NUMERO DE RECURSOS
15
SECUENCIA DE MAQUINAS
11 1 2 8 5 13 10 14 4 12 9 6 3 7 0 
1 0 3 9 5 4 10 13 2 6 7 12 8 11 14 
9 7 4 0 2 1 8 10 3 5 12 14 11 6 13 
0 12 3 11 10 2 13 7 14 6 8 4 9 5 1 
3 1 9 5 10 8 2 0 13 7 4 6 14 11 12 
5 4 10 8 3 13 1 9 6 2 11 14 0 12 7 
11 3 9 2 4 13 7 6 10 0 14 12 8 1 5 
7 9 0 12 13 1 3 14 4 5 11 6 2 10 8 
14 11 2 12 13 4 5 9 7 6 10 0 8 1 3 
12 1 14 10 11 2 8 3 13 9 7 0 5 6 4 
5 14 2 12 7 3 6 10 1 11 9 4 8 13 0 
7 11 1 4 6 2 8 9 13 10 5 14 0 12 3 
8 1 3 10 11 7 6 0 13 2 14 4 12 5 9 
11 6 12 13 4 1 0 9 8 5 10 2 3 7 14 
8 4 3 13 1 2 12 6 9 0 14 5 11 7 10 
8 2 5 3 4 12 14 1 9 10 6 13 0 7 11 
0 10 4 7 6 14 11 9 2 5 1 13 12 8 3 
1 8 6 2 9 4 13 11 10 3 14 7 5 0 12 
12 5 11 2 7 3 14 1 8 4 13 9 6 10 0 
14 8 4 5 0 2 11 9 1 6 13 10 3 7 12 
3 4 13 11 7 12 6 9 14 5 8 1 0 10 2 
7 8 14 5 2 0 1 9 10 12 6 4 13 3 11 
6 11 14 7 12 9 8 0 1 2 4 13 3 10 5 
9 2 3 14 8 1 10 4 13 11 6 5 7 12 0 
2 11 1 9 0 4 12 5 8 6 7 13 3 10 14 
1 11 8 0 12 3 10 14 7 13 2 4 6 5 9 
5 3 11 12 14 2 10 8 13 6 9 0 4 1 7 
7 8 2 5 13 4 9 6 14 10 12 0 3 11 1 
2 0 11 5 7 12 10 13 9 6 1 8 4 3 14 
7 11 9 0 6 8 4 12 2 3 14 5 1 13 10 
14 2 8 10 7 4 3 1 9 0 11 5 13 12 6 
6 8 7 11 4 2 3 1 10 13 9 5 0 14 12 
13 2 1 14 6 0 12 11 4 10 5 7 3 9 8 
0 3 14 7 9 2 10 4 11 6 8 1 5 12 13 
4 3 11 13 7 5 0 8 6 12 2 1 14 10 9 
7 13 4 8 12 14 10 11 0 5 2 9 1 3 6 
12 10 4 1 8 5 9 2 11 0 14 6 3 7 13 
0 5 4 14 13 1 2 10 9 8 12 6 11 7 3 
2 11 9 1 7 14 0 5 12 3 6 13 4 8 10 
12 3 10 6 9 0 2 11 7 14 8 4 1 13 5 
5 10 12 0 8 7 6 9 11 1 2 4 14 3 13 
6 13 7 9 3 1 14 4 11 12 2 10 5 8 0 
4 8 9 7 6 2 5 13 3 11 10 0 14 12 1 
1 7 8 2 12 9 11 4 14 10 3 6 5 0 13 
7 4 8 10 3 13 2 12 0 1 9 14 5 6 11 
2 14 12 7 4 13 5 9 0 3 1 8 10 6 11 
7 2 11 13 8 10 4 12 9 0 3 5 14 1 6 
9 14 1 2 12 11 4 7 5 10 0 3 6 13 8 
12 0 10 4 8 9 7 11 3 2 5 1 14 6 13 
11 3 5 10 1 6 14 13 12 0 4 2 8 9 7 
DURACIONES
(86, 86) (13, 13) (65, 65) (20, 20) (76, 76) (82, 82) (42, 42) (10, 10) (50, 50) (29, 29) (30, 30) (53, 53) (52, 52) (19, 19) (24, 24) 
(19, 19) (76, 76) (77, 77) (73, 73) (76, 76) (87, 87) (61, 61) (51, 51) (61, 61) (99, 99) (38, 38) (98, 98) (34, 34) (34, 34) (44, 44) 
(29, 29) (80, 80) (63, 63) (15, 15) (75, 75) (27, 27) (98, 98) (38, 38) (57, 57) (80, 80) (56, 56) (54, 54) (55, 55) (35, 35) (15, 15) 
(72, 72) (73, 73) (67, 67) (58, 58) (14, 14) (59, 59) (6, 6) (70, 70) (88, 88) (66, 66) (65, 65) (96, 96) (95, 95) (56, 56) (16, 16) 
(21, 21) (78, 78) (3, 3) (76, 76) (10, 10) (46, 46) (98, 98) (12, 12) (55, 55) (92, 92) (42, 42) (68, 68) (67, 67) (75, 75) (97, 97) 
(30, 30) (20, 20) (80, 80) (16, 16) (76, 76) (45, 45) (97, 97) (70, 70) (54, 54) (38, 38) (76, 76) (84, 84) (55, 55) (93, 93) (67, 67) 
(81, 81) (53, 53) (37, 37) (84, 84) (33, 33) (69, 69) (52, 52) (11, 11) (2, 2) (7, 7) (79, 79) (36, 36) (78, 78) (92, 92) (19, 19) 
(28, 28) (78, 78) (62, 62) (17, 17) (38, 38) (66, 66) (68, 68) (6, 6) (60, 60) (93, 93) (47, 47) (63, 63) (26, 26) (58, 58) (46, 46) 
(19, 19) (4, 4) (66, 66) (51, 51) (61, 61) (16, 16) (72, 72) (20, 20) (85, 85) (95, 95) (37, 37) (21, 21) (94, 94) (64, 64) (8, 8) 
(45, 45) (84, 84) (52, 52) (50, 50) (77, 77) (38, 38) (60, 60) (2, 2) (50, 50) (65, 65) (71, 71) (67, 67) (95, 95) (71, 71) (24, 24) 
(32, 32) (6, 6) (42, 42) (74, 74) (56, 56) (38, 38) (55, 55) (84, 84) (96, 96) (86, 86) (47, 47) (38, 38) (4, 4) (72, 72) (91, 91) 
(81, 81) (49, 49) (40, 40) (57, 57) (16, 16) (7, 7) (13, 13) (18, 18) (96, 96) (84, 84) (53, 53) (70, 70) (94, 94) (74, 74) (89, 89) 
(71, 71) (66, 66) (45, 45) (27, 27) (79, 79) (75, 75) (71, 71) (88, 88) (14, 14) (36, 36) (88, 88) (23, 23) (52, 52) (74, 74) (78, 78) 
(46, 46) (69, 69) (24, 24) (20, 20) (37, 37) (53, 53) (82, 82) (34, 34) (54, 54) (47, 47) (13, 13) (28, 28) (78, 78) (42, 42) (86, 86) 
(46, 46) (88, 88) (37, 37) (75, 75) (56, 56) (77, 77) (21, 21) (8, 8) (52, 52) (53, 53) (12, 12) (81, 81) (72, 72) (79, 79) (98, 98) 
(12, 12) (10, 10) (98, 98) (15, 15) (55, 55) (48, 48) (91, 91) (11, 11) (28, 28) (42, 42) (13, 13) (85, 85) (15, 15) (21, 21) (24, 24) 
(44, 44) (46, 46) (79, 79) (13, 13) (48, 48) (78, 78) (67, 67) (72, 72) (87, 87) (64, 64) (21, 21) (58, 58) (75, 75) (86, 86) (10, 10) 
(32, 32) (73, 73) (70, 70) (30, 30) (91, 91) (63, 63) (33, 33) (38, 38) (42, 42) (82, 82) (71, 71) (70, 70) (78, 78) (15, 15) (80, 80) 
(6, 6) (27, 27) (79, 79) (59, 59) (77, 77) (99, 99) (27, 27) (26, 26) (61, 61) (11, 11) (20, 20) (66, 66) (96, 96) (55, 55) (48, 48) 
(57, 57) (47, 47) (84, 84) (84, 84) (92, 92) (4, 4) (62, 62) (23, 23) (56, 56) (99, 99) (68, 68) (5, 5) (31, 31) (83, 83) (31, 31) 
(24, 24) (43, 43) (48, 48) (79, 79) (40, 40) (57, 57) (90, 90) (83, 83) (8, 8) (99, 99) (29, 29) (8, 8) (40, 40) (64, 64) (57, 57) 
(77, 77) (53, 53) (1, 1) (99, 99) (39, 39) (81, 81) (58, 58) (94, 94) (41, 41) (93, 93) (61, 61) (24, 24) (32, 32) (31, 31) (48, 48) 
(42, 42) (39, 39) (60, 60) (41, 41) (40, 40) (45, 45) (14, 14) (27, 27) (8, 8) (29, 29) (89, 89) (92, 92) (74, 74) (97, 97) (16, 16) 
(14, 14) (28, 28) (10, 10) (6, 6) (27, 27) (57, 57) (54, 54) (62, 62) (57, 57) (98, 98) (32, 32) (32, 32) (21, 21) (61, 61) (66, 66) 
(6, 6) (13, 13) (33, 33) (88, 88) (92, 92) (20, 20) (79, 79) (63, 63) (29, 29) (97, 97) (66, 66) (59, 59) (2, 2) (83, 83) (20, 20) 
(36, 36) (35, 35) (70, 70) (34, 34) (60, 60) (63, 63) (90, 90) (94, 94) (56, 56) (27, 27) (49, 49) (93, 93) (27, 27) (39, 39) (44, 44) 
(19, 19) (13, 13) (54, 54) (69, 69) (56, 56) (32, 32) (80, 80) (30, 30) (49, 49) (74, 74) (79, 79) (25, 25) (69, 69) (9, 9) (51, 51) 
(37, 37) (92, 92) (59, 59) (11, 11) (41, 41) (68, 68) (3, 3) (6, 6) (3, 3) (54, 54) (98, 98) (82, 82) (21, 21) (61, 61) (95, 95) 
(79, 79) (15, 15) (44, 44) (91, 91) (93, 93) (38, 38) (90, 90) (21, 21) (42, 42) (40, 40) (15, 15) (24, 24) (97, 97) (34, 34) (27, 27) 
(74, 74) (69, 69) (81, 81) (7, 7) (71, 71) (6, 6) (32, 32) (15, 15) (28, 28) (6, 6) (53, 53) (73, 73) (65, 65) (29, 29) (37, 37) 
(45, 45) (87, 87) (27, 27) (76, 76) (64, 64) (35, 35) (4, 4) (57, 57) (43, 43) (98, 98) (62, 62) (49, 49) (44, 44) (75, 75) (38, 38) 
(93, 93) (78, 78) (92, 92) (44, 44) (20, 20) (83, 83) (51, 51) (68, 68) (91, 91) (7, 7) (97, 97) (69, 69) (97, 97) (94, 94) (58, 58) 
(80, 80) (80, 80) (22, 22) (51, 51) (71, 71) (25, 25) (13, 13) (7, 7) (88, 88) (26, 26) (83, 83) (73, 73) (73, 73) (39, 39) (58, 58) 
(77, 77) (19, 19) (9, 9) (60, 60) (19, 19) (87, 87) (60, 60) (48, 48) (86, 86) (50, 50) (7, 7) (19, 19) (14, 14) (52, 52) (97, 97) 
(4, 4) (86, 86) (56, 56) (86, 86) (49, 49) (16, 16) (46, 46) (93, 93) (87, 87) (39, 39) (22, 22) (1, 1) (71, 71) (4, 4) (84, 84) 
(39, 39) (84, 84) (98, 98) (95, 95) (22, 22) (48, 48) (28, 28) (27, 27) (21, 21) (55, 55) (80, 80) (10, 10) (89, 89) (87, 87) (76, 76) 
(69, 69) (80, 80) (59, 59) (98, 98) (76, 76) (12, 12) (4, 4) (58, 58) (24, 24) (86, 86) (45, 45) (89, 89) (17, 17) (30, 30) (81, 81) 
(22, 22) (5, 5) (28, 28) (18, 18) (46, 46) (88, 88) (10, 10) (90, 90) (80, 80) (53, 53) (41, 41) (98, 98) (28, 28) (12, 12) (25, 25) 
(93, 93) (19, 19) (83, 83) (58, 58) (61, 61) (7, 7) (88, 88) (17, 17) (81, 81) (69, 69) (76, 76) (12, 12) (71, 71) (61, 61) (28, 28) 
(21, 21) (20, 20) (89, 89) (38, 38) (91, 91) (49, 49) (42, 42) (26, 26) (89, 89) (80, 80) (10, 10) (15, 15) (49, 49) (45, 45) (59, 59) 
(86, 86) (2, 2) (20, 20) (17, 17) (48, 48) (46, 46) (6, 6) (43, 43) (16, 16) (51, 51) (74, 74) (81, 81) (74, 74) (64, 64) (15, 15) 
(47, 47) (98, 98) (32, 32) (35, 35) (81, 81) (96, 96) (42, 42) (15, 15) (35, 35) (92, 92) (55, 55) (98, 98) (61, 61) (74, 74) (30, 30) 
(44, 44) (8, 8) (53, 53) (45, 45) (71, 71) (65, 65) (87, 87) (4, 4) (35, 35) (9, 9) (30, 30) (56, 56) (67, 67) (68, 68) (90, 90) 
(62, 62) (31, 31) (14, 14) (43, 43) (21, 21) (58, 58) (82, 82) (85, 85) (88, 88) (33, 33) (39, 39) (70, 70) (63, 63) (82, 82) (57, 57) 
(71, 71) (99, 99) (78, 78) (83, 83) (88, 88) (9, 9) (50, 50) (38, 38) (76, 76) (85, 85) (97, 97) (19, 19) (68, 68) (51, 51) (25, 25) 
(3, 3) (57, 57) (75, 75) (95, 95) (6, 6) (31, 31) (79, 79) (86, 86) (95, 95) (87, 87) (66, 66) (35, 35) (68, 68) (17, 17) (18, 18) 
(68, 68) (71, 71) (84, 84) (64, 64) (53, 53) (67, 67) (44, 44) (1, 1) (63, 63) (27, 27) (10, 10) (21, 21) (50, 50) (13, 13) (76, 76) 
(56, 56) (77, 77) (40, 40) (82, 82) (75, 75) (92, 92) (17, 17) (72, 72) (10, 10) (12, 12) (48, 48) (5, 5) (3, 3) (13, 13) (33, 33) 
(25, 25) (86, 86) (32, 32) (31, 31) (14, 14) (58, 58) (31, 31) (62, 62) (41, 41) (55, 55) (44, 44) (13, 13) (53, 53) (33, 33) (63, 63) 
(8, 8) (95, 95) (44, 44) (38, 38) (6, 6) (95, 95) (87, 87) (47, 47) (42, 42) (72, 72) (93, 93) (92, 92) (38, 38) (98, 98) (55, 55) 
