NUMERO DE TRABAJOS
50
NUMERO DE RECURSOS
15
SECUENCIA DE MAQUINAS
10 4 0 6 2 3 12 1 5 11 8 7 14 13 9 
14 5 2 6 3 7 9 8 0 1 13 10 12 11 4 
11 14 2 5 7 13 12 0 3 9 10 4 6 1 8 
6 3 4 9 2 0 12 7 5 11 10 13 1 8 14 
1 10 0 9 5 4 7 12 11 3 13 14 6 8 2 
2 0 8 4 12 9 6 14 13 5 3 1 7 10 11 
0 11 2 13 8 4 10 12 14 7 1 6 3 5 9 
3 2 4 10 6 12 5 13 8 9 14 11 0 1 7 
12 10 1 4 7 9 6 2 3 11 14 5 13 0 8 
12 5 14 7 10 9 6 4 3 8 11 2 13 0 1 
10 5 14 3 2 13 7 4 9 12 11 6 8 0 1 
5 0 14 10 9 6 11 12 8 2 1 13 7 3 4 
1 12 3 5 0 8 11 9 2 4 13 14 7 6 10 
8 11 10 6 5 0 4 1 14 7 12 2 3 13 9 
6 7 1 2 10 14 12 8 9 0 13 4 3 5 11 
1 8 10 4 6 7 13 14 12 5 3 0 2 9 11 
1 0 8 3 12 2 6 4 14 11 10 13 7 9 5 
2 7 14 4 9 10 3 5 6 13 12 11 8 1 0 
6 4 1 12 0 14 3 8 2 7 13 10 11 5 9 
8 0 14 3 7 6 1 13 5 11 12 2 9 4 10 
11 13 7 14 1 12 4 5 3 9 8 10 0 2 6 
12 4 1 13 6 0 5 8 3 10 11 14 7 2 9 
2 9 10 7 11 4 8 0 5 3 6 12 13 14 1 
5 9 3 1 2 12 0 7 14 4 10 11 6 13 8 
5 12 4 11 9 14 8 1 3 2 10 0 7 6 13 
14 10 2 3 0 9 11 12 7 6 1 5 13 8 4 
14 2 9 1 7 5 8 3 4 12 0 6 11 13 10 
8 14 11 7 6 9 12 10 0 4 1 5 3 13 2 
2 12 4 13 14 6 9 3 5 1 0 8 7 11 10 
13 3 1 6 10 11 9 14 0 7 5 12 4 2 8 
3 1 11 6 12 7 10 14 5 13 8 0 2 4 9 
0 2 4 13 5 10 3 11 7 1 14 9 12 6 8 
9 10 12 5 6 14 2 0 7 3 4 1 13 11 8 
4 8 0 11 2 9 7 12 1 10 3 5 13 14 6 
2 14 1 11 0 6 4 3 10 5 12 7 9 8 13 
2 6 9 4 1 0 14 7 3 8 13 10 5 12 11 
7 3 8 13 9 10 11 4 5 1 14 2 6 12 0 
9 7 3 6 4 8 1 11 14 13 12 5 0 2 10 
2 10 0 5 1 3 14 4 12 13 8 7 6 11 9 
4 14 13 0 5 2 10 7 9 1 11 12 3 8 6 
14 3 1 13 5 6 8 4 0 9 2 10 12 7 11 
1 9 5 12 7 0 11 3 14 6 10 2 4 8 13 
2 10 1 11 6 13 12 7 3 8 5 14 9 4 0 
7 12 14 11 9 1 5 13 3 8 4 6 2 10 0 
4 0 2 5 11 13 10 14 6 8 9 7 3 12 1 
9 7 6 10 13 1 8 5 11 14 12 0 3 4 2 
7 5 9 14 4 2 1 0 12 13 6 10 8 11 3 
11 1 0 4 9 2 3 10 5 6 13 14 12 8 7 
7 8 4 14 5 2 10 0 12 6 13 9 11 1 3 
11 6 9 13 7 2 0 3 12 4 14 5 10 1 8 
DURACIONES
(46, 46) (43, 43) (25, 25) (99, 99) (90, 90) (21, 21) (27, 27) (17, 17) (16, 16) (88, 88) (64, 64) (9, 9) (50, 50) (55, 55) (22, 22) 
(9, 9) (39, 39) (58, 58) (16, 16) (98, 98) (58, 58) (81, 81) (51, 51) (10, 10) (31, 31) (49, 49) (65, 65) (48, 48) (62, 62) (51, 51) 
(54, 54) (46, 46) (96, 96) (46, 46) (16, 16) (17, 17) (72, 72) (51, 51) (33, 33) (91, 91) (18, 18) (84, 84) (87, 87) (31, 31) (51, 51) 
(3, 3) (94, 94) (91, 91) (2, 2) (50, 50) (89, 89) (78, 78) (5, 5) (30, 30) (10, 10) (22, 22) (76, 76) (50, 50) (45, 45) (28, 28) 
(5, 5) (53, 53) (57, 57) (14, 14) (90, 90) (8, 8) (52, 52) (76, 76) (59, 59) (15, 15) (39, 39) (40, 40) (54, 54) (57, 57) (52, 52) 
(31, 31) (2, 2) (56, 56) (64, 64) (55, 55) (96, 96) (6, 6) (36, 36) (29, 29) (57, 57) (86, 86) (69, 69) (54, 54) (76, 76) (89, 89) 
(39, 39) (7, 7) (32, 32) (74, 74) (90, 90) (66, 66) (76, 76) (53, 53) (46, 46) (27, 27) (83, 83) (49, 49) (72, 72) (22, 22) (53, 53) 
(83, 83) (18, 18) (86, 86) (89, 89) (93, 93) (63, 63) (34, 34) (97, 97) (84, 84) (61, 61) (32, 32) (48, 48) (23, 23) (81, 81) (61, 61) 
(32, 32) (11, 11) (18, 18) (54, 54) (96, 96) (67, 67) (73, 73) (61, 61) (15, 15) (67, 67) (34, 34) (37, 37) (65, 65) (44, 44) (32, 32) 
(79, 79) (23, 23) (51, 51) (60, 60) (9, 9) (54, 54) (85, 85) (88, 88) (83, 83) (55, 55) (87, 87) (93, 93) (80, 80) (72, 72) (5, 5) 
(54, 54) (54, 54) (54, 54) (59, 59) (49, 49) (68, 68) (56, 56) (9, 9) (23, 23) (58, 58) (88, 88) (82, 82) (10, 10) (87, 87) (54, 54) 
(72, 72) (84, 84) (29, 29) (59, 59) (60, 60) (98, 98) (41, 41) (87, 87) (27, 27) (31, 31) (79, 79) (69, 69) (64, 64) (86, 86) (77, 77) 
(71, 71) (61, 61) (33, 33) (55, 55) (83, 83) (9, 9) (87, 87) (19, 19) (49, 49) (68, 68) (4, 4) (24, 24) (41, 41) (49, 49) (77, 77) 
(36, 36) (23, 23) (36, 36) (41, 41) (56, 56) (68, 68) (81, 81) (49, 49) (45, 45) (67, 67) (89, 89) (60, 60) (1, 1) (58, 58) (28, 28) 
(43, 43) (76, 76) (42, 42) (59, 59) (50, 50) (3, 3) (26, 26) (41, 41) (66, 66) (52, 52) (8, 8) (33, 33) (40, 40) (39, 39) (50, 50) 
(65, 65) (30, 30) (49, 49) (14, 14) (64, 64) (34, 34) (35, 35) (66, 66) (16, 16) (45, 45) (36, 36) (80, 80) (5, 5) (2, 2) (63, 63) 
(53, 53) (7, 7) (34, 34) (53, 53) (43, 43) (85, 85) (9, 9) (64, 64) (92, 92) (65, 65) (15, 15) (1, 1) (6, 6) (95, 95) (82, 82) 
(11, 11) (3, 3) (33, 33) (62, 62) (70, 70) (6, 6) (3, 3) (35, 35) (57, 57) (76, 76) (38, 38) (28, 28) (78, 78) (7, 7) (17, 17) 
(40, 40) (55, 55) (21, 21) (11, 11) (58, 58) (8, 8) (38, 38) (19, 19) (25, 25) (55, 55) (39, 39) (92, 92) (30, 30) (94, 94) (39, 39) 
(34, 34) (18, 18) (99, 99) (28, 28) (2, 2) (41, 41) (35, 35) (6, 6) (70, 70) (4, 4) (95, 95) (59, 59) (7, 7) (88, 88) (71, 71) 
(39, 39) (48, 48) (27, 27) (27, 27) (23, 23) (80, 80) (35, 35) (67, 67) (22, 22) (85, 85) (70, 70) (36, 36) (43, 43) (80, 80) (60, 60) 
(15, 15) (22, 22) (93, 93) (85, 85) (9, 9) (38, 38) (98, 98) (25, 25) (64, 64) (45, 45) (96, 96) (36, 36) (37, 37) (46, 46) (89, 89) 
(23, 23) (20, 20) (46, 46) (91, 91) (45, 45) (67, 67) (6, 6) (69, 69) (82, 82) (76, 76) (5, 5) (71, 71) (82, 82) (70, 70) (72, 72) 
(36, 36) (93, 93) (23, 23) (13, 13) (80, 80) (44, 44) (95, 95) (81, 81) (44, 44) (44, 44) (85, 85) (58, 58) (62, 62) (18, 18) (94, 94) 
(60, 60) (68, 68) (84, 84) (35, 35) (92, 92) (62, 62) (94, 94) (89, 89) (1, 1) (48, 48) (36, 36) (35, 35) (28, 28) (37, 37) (41, 41) 
(62, 62) (35, 35) (62, 62) (15, 15) (8, 8) (18, 18) (21, 21) (28, 28) (72, 72) (65, 65) (82, 82) (16, 16) (40, 40) (93, 93) (41, 41) 
(12, 12) (14, 14) (53, 53) (20, 20) (99, 99) (30, 30) (48, 48) (9, 9) (51, 51) (12, 12) (60, 60) (51, 51) (80, 80) (81, 81) (9, 9) 
(61, 61) (62, 62) (33, 33) (61, 61) (73, 73) (3, 3) (1, 1) (19, 19) (80, 80) (40, 40) (16, 16) (23, 23) (7, 7) (82, 82) (4, 4) 
(12, 12) (76, 76) (95, 95) (63, 63) (52, 52) (60, 60) (86, 86) (67, 67) (26, 26) (25, 25) (85, 85) (12, 12) (86, 86) (92, 92) (73, 73) 
(57, 57) (56, 56) (47, 47) (98, 98) (55, 55) (3, 3) (29, 29) (33, 33) (24, 24) (92, 92) (51, 51) (66, 66) (38, 38) (19, 19) (59, 59) 
(12, 12) (54, 54) (73, 73) (33, 33) (23, 23) (75, 75) (69, 69) (93, 93) (64, 64) (46, 46) (44, 44) (81, 81) (1, 1) (78, 78) (98, 98) 
(22, 22) (95, 95) (28, 28) (8, 8) (59, 59) (63, 63) (87, 87) (84, 84) (22, 22) (43, 43) (85, 85) (99, 99) (9, 9) (11, 11) (79, 79) 
(2, 2) (20, 20) (49, 49) (32, 32) (49, 49) (17, 17) (71, 71) (79, 79) (25, 25) (78, 78) (33, 33) (20, 20) (84, 84) (60, 60) (67, 67) 
(12, 12) (45, 45) (81, 81) (29, 29) (41, 41) (87, 87) (57, 57) (68, 68) (79, 79) (97, 97) (16, 16) (61, 61) (63, 63) (25, 25) (51, 51) 
(41, 41) (33, 33) (80, 80) (76, 76) (74, 74) (3, 3) (55, 55) (32, 32) (20, 20) (77, 77) (60, 60) (62, 62) (70, 70) (68, 68) (91, 91) 
(96, 96) (13, 13) (73, 73) (16, 16) (6, 6) (23, 23) (88, 88) (72, 72) (37, 37) (33, 33) (98, 98) (14, 14) (81, 81) (84, 84) (95, 95) 
(84, 84) (47, 47) (17, 17) (38, 38) (11, 11) (33, 33) (49, 49) (9, 9) (51, 51) (26, 26) (99, 99) (18, 18) (41, 41) (28, 28) (7, 7) 
(1, 1) (14, 14) (34, 34) (49, 49) (11, 11) (78, 78) (8, 8) (8, 8) (68, 68) (38, 38) (72, 72) (70, 70) (32, 32) (81, 81) (86, 86) 
(93, 93) (34, 34) (6, 6) (99, 99) (4, 4) (29, 29) (24, 24) (84, 84) (53, 53) (17, 17) (50, 50) (53, 53) (24, 24) (59, 59) (62, 62) 
(67, 67) (75, 75) (89, 89) (82, 82) (39, 39) (82, 82) (35, 35) (58, 58) (63, 63) (4, 4) (64, 64) (8, 8) (30, 30) (53, 53) (74, 74) 
(44, 44) (17, 17) (26, 26) (73, 73) (34, 34) (38, 38) (45, 45) (71, 71) (16, 16) (96, 96) (86, 86) (30, 30) (46, 46) (26, 26) (7, 7) 
(45, 45) (16, 16) (96, 96) (68, 68) (48, 48) (30, 30) (79, 79) (90, 90) (84, 84) (48, 48) (79, 79) (14, 14) (42, 42) (82, 82) (26, 26) 
(1, 1) (62, 62) (45, 45) (3, 3) (7, 7) (15, 15) (22, 22) (71, 71) (19, 19) (87, 87) (55, 55) (12, 12) (50, 50) (10, 10) (36, 36) 
(71, 71) (3, 3) (61, 61) (34, 34) (60, 60) (72, 72) (34, 34) (33, 33) (69, 69) (36, 36) (88, 88) (1, 1) (3, 3) (98, 98) (90, 90) 
(84, 84) (50, 50) (74, 74) (16, 16) (86, 86) (32, 32) (2, 2) (22, 22) (22, 22) (73, 73) (16, 16) (8, 8) (64, 64) (70, 70) (83, 83) 
(57, 57) (22, 22) (43, 43) (2, 2) (10, 10) (37, 37) (46, 46) (89, 89) (31, 31) (27, 27) (47, 47) (85, 85) (86, 86) (81, 81) (38, 38) 
(39, 39) (14, 14) (64, 64) (87, 87) (34, 34) (33, 33) (37, 37) (78, 78) (84, 84) (27, 27) (46, 46) (93, 93) (75, 75) (70, 70) (9, 9) 
(25, 25) (84, 84) (15, 15) (59, 59) (85, 85) (53, 53) (29, 29) (70, 70) (50, 50) (93, 93) (23, 23) (98, 98) (2, 2) (17, 17) (87, 87) 
(11, 11) (7, 7) (70, 70) (19, 19) (13, 13) (23, 23) (94, 94) (2, 2) (55, 55) (93, 93) (77, 77) (92, 92) (39, 39) (33, 33) (75, 75) 
(29, 29) (60, 60) (27, 27) (57, 57) (79, 79) (67, 67) (66, 66) (22, 22) (27, 27) (20, 20) (5, 5) (43, 43) (79, 79) (9, 9) (85, 85) 
