NUMERO DE TRABAJOS
50
NUMERO DE RECURSOS
15
SECUENCIA DE MAQUINAS
2 10 12 8 9 0 14 13 6 7 4 11 3 5 1 
3 1 10 12 0 2 9 8 13 11 6 14 5 4 7 
8 0 2 1 3 7 13 6 4 10 12 11 5 9 14 
10 4 1 6 12 3 5 11 14 2 13 9 8 0 7 
2 1 14 8 11 13 12 6 5 3 7 4 9 0 10 
11 12 9 7 14 6 2 1 4 0 3 8 10 13 5 
0 8 12 1 5 4 7 14 10 2 11 9 13 3 6 
3 7 13 9 12 8 10 11 4 2 0 5 1 6 14 
13 12 9 6 3 14 2 8 10 11 4 1 5 7 0 
9 10 8 12 13 11 1 5 2 7 14 6 3 0 4 
7 3 2 8 6 10 5 1 13 0 12 11 14 4 9 
8 12 1 2 14 4 10 5 6 9 0 13 11 7 3 
9 13 3 14 5 2 11 0 6 8 4 12 10 7 1 
12 3 5 8 7 13 6 1 14 0 11 2 4 10 9 
6 4 1 5 3 9 0 7 14 11 10 8 13 12 2 
1 8 0 9 10 13 7 5 4 6 14 11 12 3 2 
7 13 1 9 6 10 2 8 12 4 11 14 5 3 0 
13 3 2 4 0 8 12 11 7 6 10 1 14 9 5 
4 9 1 6 0 5 13 2 12 3 10 14 7 8 11 
0 3 2 13 12 10 5 14 1 6 11 8 9 4 7 
4 1 13 9 10 0 7 8 14 6 3 11 5 12 2 
12 6 10 0 5 3 13 1 11 8 14 9 2 7 4 
9 6 3 0 12 2 5 7 8 13 14 4 10 11 1 
0 3 8 13 11 12 14 7 9 6 10 1 2 4 5 
2 5 0 12 13 9 3 11 10 8 4 7 6 1 14 
13 2 4 6 12 9 7 1 11 3 8 14 5 10 0 
0 11 8 4 7 6 13 1 5 3 9 10 2 14 12 
10 5 0 9 1 13 3 7 4 6 12 8 14 11 2 
1 8 4 10 13 3 12 0 14 9 6 11 7 2 5 
8 13 6 3 1 7 9 0 12 14 2 4 10 5 11 
4 3 12 1 13 0 6 8 14 2 7 9 11 10 5 
0 8 1 7 14 5 4 10 9 12 6 2 13 3 11 
3 6 12 11 0 2 5 1 14 8 13 4 9 10 7 
5 4 14 7 0 8 13 2 12 9 1 6 11 10 3 
6 9 12 11 2 1 8 5 14 10 4 7 13 3 0 
10 2 4 0 14 12 13 1 8 5 9 6 7 11 3 
11 4 8 6 2 7 14 12 5 3 0 1 9 13 10 
14 7 2 11 0 4 9 8 5 6 10 3 13 12 1 
0 14 11 4 2 6 5 13 12 1 10 7 8 9 3 
2 5 13 8 11 12 6 4 9 10 14 7 0 1 3 
1 9 4 5 2 0 13 7 6 11 3 12 8 10 14 
6 4 11 8 10 7 5 13 3 1 12 2 9 14 0 
12 2 6 5 14 10 8 0 9 7 1 4 11 13 3 
14 9 5 1 0 3 6 7 2 13 12 10 11 4 8 
9 4 1 14 7 6 0 10 12 5 13 8 11 3 2 
2 5 8 12 0 10 6 9 4 3 1 7 14 13 11 
10 3 9 14 13 5 2 0 4 6 12 7 11 8 1 
7 10 9 14 5 12 8 11 3 2 13 0 6 4 1 
7 0 2 3 11 14 5 12 4 9 1 13 8 10 6 
9 2 6 8 7 12 0 3 14 13 10 11 1 5 4 
DURACIONES
(76, 76) (34, 34) (28, 28) (8, 8) (10, 10) (74, 74) (92, 92) (30, 30) (10, 10) (82, 82) (45, 45) (74, 74) (24, 24) (87, 87) (38, 38) 
(90, 90) (55, 55) (16, 16) (77, 77) (86, 86) (83, 83) (26, 26) (92, 92) (23, 23) (50, 50) (74, 74) (81, 81) (15, 15) (14, 14) (31, 31) 
(35, 35) (56, 56) (32, 32) (64, 64) (70, 70) (78, 78) (23, 23) (46, 46) (8, 8) (75, 75) (45, 45) (5, 5) (7, 7) (62, 62) (73, 73) 
(74, 74) (13, 13) (78, 78) (88, 88) (32, 32) (26, 26) (8, 8) (2, 2) (27, 27) (29, 29) (62, 62) (48, 48) (25, 25) (78, 78) (8, 8) 
(95, 95) (68, 68) (65, 65) (93, 93) (68, 68) (75, 75) (54, 54) (2, 2) (60, 60) (99, 99) (13, 13) (3, 3) (66, 66) (57, 57) (60, 60) 
(43, 43) (84, 84) (7, 7) (70, 70) (43, 43) (37, 37) (42, 42) (92, 92) (70, 70) (91, 91) (30, 30) (5, 5) (57, 57) (70, 70) (80, 80) 
(83, 83) (97, 97) (12, 12) (19, 19) (50, 50) (18, 18) (41, 41) (66, 66) (24, 24) (98, 98) (11, 11) (21, 21) (29, 29) (6, 6) (86, 86) 
(86, 86) (4, 4) (94, 94) (52, 52) (22, 22) (76, 76) (81, 81) (47, 47) (92, 92) (95, 95) (15, 15) (33, 33) (85, 85) (38, 38) (54, 54) 
(80, 80) (56, 56) (54, 54) (87, 87) (22, 22) (93, 93) (36, 36) (83, 83) (99, 99) (27, 27) (15, 15) (7, 7) (69, 69) (77, 77) (50, 50) 
(43, 43) (49, 49) (13, 13) (27, 27) (94, 94) (91, 91) (79, 79) (80, 80) (13, 13) (81, 81) (34, 34) (19, 19) (67, 67) (3, 3) (67, 67) 
(63, 63) (56, 56) (77, 77) (17, 17) (17, 17) (51, 51) (3, 3) (9, 9) (7, 7) (63, 63) (87, 87) (66, 66) (92, 92) (64, 64) (60, 60) 
(33, 33) (86, 86) (35, 35) (69, 69) (32, 32) (86, 86) (26, 26) (98, 98) (95, 95) (31, 31) (11, 11) (82, 82) (85, 85) (71, 71) (61, 61) 
(81, 81) (86, 86) (1, 1) (18, 18) (16, 16) (94, 94) (84, 84) (11, 11) (18, 18) (41, 41) (72, 72) (15, 15) (50, 50) (79, 79) (77, 77) 
(67, 67) (41, 41) (99, 99) (29, 29) (62, 62) (80, 80) (39, 39) (1, 1) (21, 21) (38, 38) (68, 68) (88, 88) (88, 88) (95, 95) (2, 2) 
(76, 76) (80, 80) (42, 42) (65, 65) (4, 4) (62, 62) (50, 50) (93, 93) (74, 74) (76, 76) (10, 10) (76, 76) (55, 55) (95, 95) (94, 94) 
(76, 76) (40, 40) (96, 96) (89, 89) (22, 22) (1, 1) (22, 22) (49, 49) (12, 12) (27, 27) (17, 17) (34, 34) (48, 48) (28, 28) (32, 32) 
(90, 90) (50, 50) (33, 33) (53, 53) (21, 21) (35, 35) (11, 11) (53, 53) (44, 44) (58, 58) (76, 76) (32, 32) (62, 62) (60, 60) (23, 23) 
(96, 96) (14, 14) (67, 67) (37, 37) (7, 7) (23, 23) (76, 76) (82, 82) (51, 51) (68, 68) (58, 58) (66, 66) (13, 13) (40, 40) (43, 43) 
(32, 32) (95, 95) (70, 70) (27, 27) (79, 79) (37, 37) (98, 98) (86, 86) (85, 85) (53, 53) (25, 25) (88, 88) (32, 32) (31, 31) (26, 26) 
(18, 18) (31, 31) (97, 97) (94, 94) (74, 74) (73, 73) (40, 40) (34, 34) (88, 88) (52, 52) (48, 48) (72, 72) (50, 50) (20, 20) (6, 6) 
(85, 85) (90, 90) (87, 87) (57, 57) (87, 87) (11, 11) (96, 96) (69, 69) (77, 77) (95, 95) (60, 60) (37, 37) (87, 87) (83, 83) (40, 40) 
(76, 76) (1, 1) (46, 46) (31, 31) (21, 21) (57, 57) (69, 69) (96, 96) (85, 85) (40, 40) (30, 30) (4, 4) (61, 61) (44, 44) (29, 29) 
(33, 33) (48, 48) (71, 71) (27, 27) (67, 67) (11, 11) (23, 23) (97, 97) (71, 71) (23, 23) (54, 54) (91, 91) (55, 55) (12, 12) (62, 62) 
(65, 65) (19, 19) (6, 6) (45, 45) (94, 94) (4, 4) (46, 46) (52, 52) (93, 93) (14, 14) (49, 49) (70, 70) (1, 1) (3, 3) (23, 23) 
(14, 14) (3, 3) (34, 34) (13, 13) (46, 46) (79, 79) (82, 82) (76, 76) (14, 14) (6, 6) (27, 27) (34, 34) (65, 65) (51, 51) (85, 85) 
(8, 8) (41, 41) (74, 74) (9, 9) (42, 42) (98, 98) (65, 65) (94, 94) (24, 24) (83, 83) (21, 21) (75, 75) (26, 26) (30, 30) (67, 67) 
(86, 86) (96, 96) (60, 60) (6, 6) (78, 78) (87, 87) (5, 5) (26, 26) (48, 48) (81, 81) (64, 64) (20, 20) (44, 44) (91, 91) (12, 12) 
(75, 75) (24, 24) (27, 27) (14, 14) (33, 33) (17, 17) (93, 93) (5, 5) (5, 5) (89, 89) (53, 53) (66, 66) (85, 85) (51, 51) (96, 96) 
(31, 31) (63, 63) (21, 21) (37, 37) (68, 68) (78, 78) (48, 48) (66, 66) (86, 86) (18, 18) (77, 77) (22, 22) (31, 31) (87, 87) (18, 18) 
(23, 23) (25, 25) (22, 22) (40, 40) (5, 5) (9, 9) (29, 29) (51, 51) (61, 61) (84, 84) (50, 50) (4, 4) (87, 87) (36, 36) (31, 31) 
(16, 16) (81, 81) (18, 18) (73, 73) (26, 26) (19, 19) (54, 54) (44, 44) (92, 92) (8, 8) (6, 6) (89, 89) (2, 2) (46, 46) (21, 21) 
(57, 57) (48, 48) (31, 31) (57, 57) (11, 11) (79, 79) (68, 68) (99, 99) (44, 44) (71, 71) (59, 59) (13, 13) (10, 10) (48, 48) (32, 32) 
(42, 42) (34, 34) (93, 93) (63, 63) (13, 13) (38, 38) (93, 93) (34, 34) (66, 66) (62, 62) (39, 39) (68, 68) (43, 43) (72, 72) (37, 37) 
(86, 86) (11, 11) (33, 33) (85, 85) (9, 9) (33, 33) (80, 80) (92, 92) (59, 59) (21, 21) (65, 65) (19, 19) (96, 96) (17, 17) (33, 33) 
(44, 44) (43, 43) (78, 78) (36, 36) (8, 8) (12, 12) (4, 4) (8, 8) (2, 2) (78, 78) (43, 43) (27, 27) (9, 9) (16, 16) (17, 17) 
(81, 81) (32, 32) (38, 38) (83, 83) (32, 32) (74, 74) (76, 76) (6, 6) (17, 17) (28, 28) (76, 76) (66, 66) (19, 19) (27, 27) (77, 77) 
(49, 49) (74, 74) (35, 35) (11, 11) (81, 81) (72, 72) (76, 76) (49, 49) (67, 67) (29, 29) (52, 52) (33, 33) (72, 72) (54, 54) (19, 19) 
(96, 96) (73, 73) (39, 39) (69, 69) (42, 42) (77, 77) (95, 95) (5, 5) (37, 37) (56, 56) (21, 21) (65, 65) (5, 5) (40, 40) (8, 8) 
(11, 11) (44, 44) (32, 32) (43, 43) (10, 10) (5, 5) (62, 62) (15, 15) (92, 92) (79, 79) (30, 30) (29, 29) (21, 21) (58, 58) (29, 29) 
(22, 22) (83, 83) (55, 55) (95, 95) (42, 42) (42, 42) (62, 62) (12, 12) (82, 82) (52, 52) (41, 41) (40, 40) (86, 86) (28, 28) (48, 48) 
(64, 64) (68, 68) (14, 14) (70, 70) (63, 63) (33, 33) (82, 82) (55, 55) (17, 17) (51, 51) (96, 96) (27, 27) (79, 79) (63, 63) (28, 28) 
(89, 89) (80, 80) (98, 98) (54, 54) (75, 75) (97, 97) (40, 40) (62, 62) (98, 98) (38, 38) (70, 70) (39, 39) (23, 23) (12, 12) (94, 94) 
(21, 21) (8, 8) (80, 80) (2, 2) (66, 66) (33, 33) (22, 22) (21, 21) (70, 70) (14, 14) (32, 32) (70, 70) (78, 78) (46, 46) (38, 38) 
(17, 17) (22, 22) (57, 57) (60, 60) (68, 68) (86, 86) (31, 31) (16, 16) (75, 75) (65, 65) (46, 46) (56, 56) (75, 75) (99, 99) (6, 6) 
(4, 4) (75, 75) (8, 8) (35, 35) (67, 67) (88, 88) (40, 40) (90, 90) (9, 9) (99, 99) (93, 93) (39, 39) (59, 59) (90, 90) (69, 69) 
(34, 34) (61, 61) (88, 88) (54, 54) (95, 95) (22, 22) (47, 47) (91, 91) (53, 53) (7, 7) (94, 94) (14, 14) (70, 70) (40, 40) (31, 31) 
(28, 28) (90, 90) (5, 5) (85, 85) (83, 83) (6, 6) (69, 69) (6, 6) (57, 57) (87, 87) (93, 93) (75, 75) (70, 70) (86, 86) (68, 68) 
(25, 25) (44, 44) (54, 54) (94, 94) (35, 35) (62, 62) (63, 63) (51, 51) (59, 59) (68, 68) (85, 85) (48, 48) (64, 64) (40, 40) (75, 75) 
(29, 29) (42, 42) (56, 56) (94, 94) (9, 9) (31, 31) (80, 80) (52, 52) (53, 53) (82, 82) (8, 8) (32, 32) (94, 94) (94, 94) (32, 32) 
(39, 39) (12, 12) (34, 34) (24, 24) (41, 41) (85, 85) (74, 74) (46, 46) (30, 30) (89, 89) (2, 2) (87, 87) (57, 57) (84, 84) (34, 34) 
