NUMERO DE TRABAJOS
50
NUMERO DE RECURSOS
20
SECUENCIA DE MAQUINAS
8 19 17 15 1 2 10 7 13 18 5 6 3 4 14 11 16 0 9 12 
12 11 3 16 1 2 9 8 18 4 0 19 17 15 5 10 13 14 6 7 
8 6 15 14 3 7 19 18 1 11 4 12 17 13 0 2 9 10 16 5 
12 9 5 16 0 2 13 18 6 11 1 19 8 14 7 4 15 10 3 17 
1 3 13 4 18 5 6 9 7 8 15 0 14 10 12 19 16 17 2 11 
16 3 4 14 1 2 10 9 5 0 18 19 8 17 12 15 13 6 7 11 
19 4 15 0 12 13 1 7 18 5 9 3 16 8 11 2 6 14 10 17 
9 10 8 4 14 5 15 7 18 6 13 19 17 2 16 11 0 12 3 1 
9 13 15 7 18 2 11 19 1 8 0 4 3 12 6 16 14 17 10 5 
6 11 17 8 16 7 0 14 4 15 2 13 18 1 9 19 10 5 3 12 
13 4 7 6 15 11 10 9 3 17 16 5 12 1 8 18 14 0 19 2 
3 10 14 0 7 12 9 19 11 5 18 1 13 17 2 6 4 16 15 8 
0 10 2 18 14 12 13 1 3 9 17 15 19 4 5 8 16 6 7 11 
6 11 9 8 15 17 0 4 14 10 12 2 13 18 5 1 16 19 3 7 
1 9 16 17 15 2 5 10 8 14 7 11 13 0 19 3 4 18 12 6 
11 17 5 1 12 18 10 9 2 15 16 6 7 8 14 4 0 19 13 3 
3 5 13 16 14 11 17 12 7 18 15 8 2 0 9 10 4 6 19 1 
16 13 8 17 5 10 18 12 1 4 14 9 6 11 3 7 15 2 0 19 
4 14 15 19 17 18 1 9 8 7 6 5 0 3 16 11 10 12 13 2 
9 15 13 4 14 8 3 2 5 18 7 16 6 11 10 0 17 12 19 1 
18 2 17 16 10 8 12 19 14 1 6 5 0 7 11 3 4 15 13 9 
8 17 11 15 3 6 16 13 12 2 19 9 14 4 18 1 7 10 5 0 
11 17 10 19 12 18 16 5 15 4 1 13 2 7 0 6 14 9 3 8 
18 7 15 9 3 19 16 11 5 13 17 10 12 0 1 14 2 4 6 8 
4 17 6 2 18 5 12 7 0 14 11 15 1 19 16 8 3 9 13 10 
6 1 15 2 18 11 7 14 10 4 0 3 9 13 12 19 17 8 5 16 
15 6 18 17 0 19 1 14 16 9 13 4 5 8 2 12 11 3 7 10 
9 17 10 6 3 0 12 18 16 7 14 4 13 1 8 19 11 5 2 15 
13 4 17 14 5 11 8 0 9 18 12 16 2 6 15 3 10 1 19 7 
2 4 10 12 17 5 7 11 16 15 3 9 0 18 19 6 1 13 8 14 
9 2 15 7 11 17 14 6 12 3 19 0 10 1 13 8 16 5 4 18 
17 4 19 15 0 3 6 2 12 13 1 8 16 7 5 10 14 18 9 11 
13 6 4 12 5 10 11 8 2 18 9 3 14 0 17 1 15 16 19 7 
15 2 3 7 13 16 12 14 8 4 5 0 17 10 6 18 9 11 19 1 
15 8 10 1 18 11 0 17 4 12 3 19 5 2 14 9 16 7 6 13 
4 12 3 18 10 19 17 6 2 1 0 5 7 8 11 14 9 16 13 15 
16 17 9 19 7 1 6 8 3 13 15 12 11 2 14 5 18 4 0 10 
12 2 0 13 4 16 7 3 18 15 5 9 6 10 11 1 19 14 17 8 
15 1 2 16 12 19 0 8 9 5 7 11 18 4 10 3 13 14 6 17 
7 0 12 10 1 18 8 5 19 3 11 15 2 16 13 6 17 4 9 14 
11 2 10 17 7 4 6 19 16 8 9 0 1 5 12 15 13 18 14 3 
15 8 7 5 19 17 18 14 6 16 3 2 10 9 13 12 0 11 4 1 
4 3 12 19 7 11 15 0 14 9 10 18 13 5 2 6 8 17 16 1 
2 7 4 18 17 1 5 8 13 9 15 3 12 6 11 16 0 19 14 10 
13 14 1 2 16 0 11 19 6 7 5 10 15 12 17 9 4 18 3 8 
0 16 3 7 2 17 19 4 12 8 5 6 14 9 18 10 13 1 11 15 
6 13 12 9 2 19 14 18 4 5 10 7 15 8 3 1 0 11 16 17 
8 14 7 10 9 6 0 2 16 12 13 5 19 17 4 15 3 11 18 1 
3 10 7 0 1 13 18 17 8 14 16 15 11 19 5 12 4 9 6 2 
15 5 18 19 17 9 12 14 1 11 2 7 10 0 4 6 16 8 3 13 
DURACIONES
(48, 48) (40, 40) (54, 54) (71, 71) (52, 52) (70, 70) (41, 41) (76, 76) (52, 52) (24, 24) (5, 5) (43, 43) (68, 68) (10, 10) (49, 49) (9, 9) (81, 81) (30, 30) (93, 93) (17, 17) 
(85, 85) (18, 18) (54, 54) (42, 42) (41, 41) (71, 71) (68, 68) (82, 82) (54, 54) (49, 49) (21, 21) (1, 1) (58, 58) (1, 1) (69, 69) (58, 58) (40, 40) (59, 59) (66, 66) (29, 29) 
(33, 33) (34, 34) (77, 77) (42, 42) (95, 95) (2, 2) (71, 71) (73, 73) (19, 19) (25, 25) (45, 45) (88, 88) (19, 19) (40, 40) (42, 42) (17, 17) (81, 81) (72, 72) (70, 70) (67, 67) 
(51, 51) (41, 41) (74, 74) (97, 97) (26, 26) (4, 4) (25, 25) (12, 12) (17, 17) (76, 76) (6, 6) (79, 79) (49, 49) (39, 39) (1, 1) (27, 27) (44, 44) (75, 75) (1, 1) (18, 18) 
(22, 22) (99, 99) (7, 7) (7, 7) (72, 72) (24, 24) (19, 19) (81, 81) (23, 23) (72, 72) (50, 50) (95, 95) (31, 31) (67, 67) (67, 67) (22, 22) (12, 12) (28, 28) (68, 68) (88, 88) 
(52, 52) (51, 51) (44, 44) (38, 38) (64, 64) (11, 11) (62, 62) (20, 20) (54, 54) (15, 15) (83, 83) (79, 79) (55, 55) (48, 48) (38, 38) (37, 37) (42, 42) (81, 81) (89, 89) (60, 60) 
(82, 82) (43, 43) (57, 57) (1, 1) (89, 89) (11, 11) (41, 41) (50, 50) (68, 68) (2, 2) (4, 4) (65, 65) (20, 20) (56, 56) (46, 46) (36, 36) (33, 33) (56, 56) (13, 13) (50, 50) 
(45, 45) (11, 11) (63, 63) (59, 59) (69, 69) (39, 39) (44, 44) (61, 61) (67, 67) (72, 72) (74, 74) (59, 59) (16, 16) (26, 26) (90, 90) (66, 66) (56, 56) (47, 47) (95, 95) (39, 39) 
(92, 92) (2, 2) (88, 88) (90, 90) (45, 45) (88, 88) (90, 90) (94, 94) (34, 34) (1, 1) (81, 81) (64, 64) (70, 70) (55, 55) (7, 7) (33, 33) (21, 21) (35, 35) (62, 62) (61, 61) 
(89, 89) (21, 21) (61, 61) (18, 18) (77, 77) (20, 20) (42, 42) (59, 59) (79, 79) (12, 12) (56, 56) (14, 14) (21, 21) (43, 43) (89, 89) (31, 31) (71, 71) (92, 92) (47, 47) (71, 71) 
(61, 61) (84, 84) (3, 3) (73, 73) (35, 35) (36, 36) (79, 79) (88, 88) (54, 54) (96, 96) (22, 22) (70, 70) (10, 10) (4, 4) (76, 76) (40, 40) (85, 85) (84, 84) (93, 93) (65, 65) 
(68, 68) (72, 72) (74, 74) (97, 97) (63, 63) (33, 33) (96, 96) (4, 4) (63, 63) (31, 31) (1, 1) (98, 98) (39, 39) (65, 65) (72, 72) (20, 20) (7, 7) (63, 63) (33, 33) (26, 26) 
(41, 41) (65, 65) (34, 34) (71, 71) (19, 19) (49, 49) (87, 87) (61, 61) (79, 79) (61, 61) (29, 29) (22, 22) (74, 74) (68, 68) (60, 60) (23, 23) (82, 82) (33, 33) (94, 94) (42, 42) 
(17, 17) (40, 40) (40, 40) (28, 28) (6, 6) (62, 62) (83, 83) (95, 95) (44, 44) (91, 91) (79, 79) (39, 39) (68, 68) (79, 79) (1, 1) (20, 20) (96, 96) (62, 62) (62, 62) (70, 70) 
(39, 39) (89, 89) (37, 37) (7, 7) (84, 84) (60, 60) (61, 61) (73, 73) (64, 64) (73, 73) (3, 3) (75, 75) (3, 3) (48, 48) (74, 74) (67, 67) (39, 39) (32, 32) (69, 69) (25, 25) 
(9, 9) (83, 83) (30, 30) (3, 3) (31, 31) (93, 93) (86, 86) (49, 49) (34, 34) (91, 91) (56, 56) (80, 80) (33, 33) (77, 77) (35, 35) (63, 63) (72, 72) (46, 46) (22, 22) (73, 73) 
(21, 21) (46, 46) (33, 33) (54, 54) (22, 22) (64, 64) (20, 20) (76, 76) (77, 77) (97, 97) (28, 28) (54, 54) (81, 81) (95, 95) (81, 81) (72, 72) (80, 80) (75, 75) (18, 18) (81, 81) 
(52, 52) (30, 30) (38, 38) (70, 70) (22, 22) (15, 15) (66, 66) (26, 26) (55, 55) (34, 34) (13, 13) (65, 65) (87, 87) (38, 38) (85, 85) (89, 89) (77, 77) (22, 22) (67, 67) (44, 44) 
(63, 63) (95, 95) (18, 18) (94, 94) (73, 73) (51, 51) (35, 35) (57, 57) (38, 38) (65, 65) (69, 69) (60, 60) (90, 90) (68, 68) (32, 32) (40, 40) (11, 11) (75, 75) (97, 97) (51, 51) 
(68, 68) (37, 37) (39, 39) (13, 13) (76, 76) (77, 77) (6, 6) (6, 6) (53, 53) (41, 41) (72, 72) (71, 71) (46, 46) (24, 24) (46, 46) (50, 50) (12, 12) (39, 39) (92, 92) (54, 54) 
(93, 93) (95, 95) (8, 8) (27, 27) (53, 53) (75, 75) (3, 3) (42, 42) (5, 5) (24, 24) (73, 73) (88, 88) (57, 57) (20, 20) (99, 99) (39, 39) (74, 74) (75, 75) (44, 44) (24, 24) 
(83, 83) (14, 14) (66, 66) (96, 96) (11, 11) (36, 36) (20, 20) (5, 5) (72, 72) (38, 38) (79, 79) (10, 10) (27, 27) (27, 27) (90, 90) (8, 8) (83, 83) (10, 10) (61, 61) (69, 69) 
(22, 22) (56, 56) (54, 54) (50, 50) (51, 51) (9, 9) (15, 15) (36, 36) (20, 20) (79, 79) (51, 51) (84, 84) (40, 40) (59, 59) (48, 48) (27, 27) (65, 65) (44, 44) (40, 40) (83, 83) 
(5, 5) (75, 75) (43, 43) (17, 17) (10, 10) (92, 92) (22, 22) (36, 36) (7, 7) (71, 71) (77, 77) (70, 70) (10, 10) (24, 24) (78, 78) (77, 77) (56, 56) (42, 42) (16, 16) (48, 48) 
(37, 37) (96, 96) (81, 81) (12, 12) (92, 92) (86, 86) (63, 63) (88, 88) (28, 28) (57, 57) (58, 58) (23, 23) (4, 4) (95, 95) (80, 80) (12, 12) (82, 82) (53, 53) (5, 5) (75, 75) 
(58, 58) (59, 59) (65, 65) (78, 78) (68, 68) (50, 50) (38, 38) (97, 97) (72, 72) (94, 94) (59, 59) (42, 42) (5, 5) (19, 19) (27, 27) (54, 54) (69, 69) (2, 2) (56, 56) (51, 51) 
(4, 4) (7, 7) (36, 36) (35, 35) (80, 80) (95, 95) (51, 51) (59, 59) (93, 93) (5, 5) (61, 61) (4, 4) (43, 43) (30, 30) (93, 93) (76, 76) (42, 42) (99, 99) (30, 30) (46, 46) 
(88, 88) (75, 75) (81, 81) (40, 40) (61, 61) (94, 94) (78, 78) (24, 24) (19, 19) (44, 44) (96, 96) (23, 23) (90, 90) (94, 94) (80, 80) (97, 97) (24, 24) (44, 44) (54, 54) (52, 52) 
(5, 5) (99, 99) (60, 60) (87, 87) (64, 64) (36, 36) (78, 78) (32, 32) (4, 4) (18, 18) (26, 26) (87, 87) (74, 74) (26, 26) (90, 90) (45, 45) (35, 35) (54, 54) (27, 27) (23, 23) 
(93, 93) (95, 95) (11, 11) (14, 14) (99, 99) (86, 86) (41, 41) (26, 26) (50, 50) (74, 74) (21, 21) (6, 6) (67, 67) (87, 87) (46, 46) (84, 84) (11, 11) (89, 89) (89, 89) (66, 66) 
(50, 50) (71, 71) (71, 71) (5, 5) (60, 60) (29, 29) (17, 17) (29, 29) (98, 98) (61, 61) (87, 87) (58, 58) (6, 6) (60, 60) (84, 84) (92, 92) (23, 23) (25, 25) (23, 23) (57, 57) 
(75, 75) (60, 60) (77, 77) (48, 48) (87, 87) (52, 52) (98, 98) (8, 8) (55, 55) (97, 97) (55, 55) (68, 68) (59, 59) (90, 90) (50, 50) (98, 98) (57, 57) (43, 43) (72, 72) (35, 35) 
(46, 46) (22, 22) (11, 11) (49, 49) (34, 34) (30, 30) (79, 79) (72, 72) (77, 77) (47, 47) (55, 55) (63, 63) (58, 58) (89, 89) (71, 71) (94, 94) (95, 95) (13, 13) (97, 97) (46, 46) 
(25, 25) (98, 98) (71, 71) (68, 68) (8, 8) (72, 72) (57, 57) (39, 39) (83, 83) (17, 17) (90, 90) (31, 31) (81, 81) (6, 6) (97, 97) (98, 98) (82, 82) (82, 82) (52, 52) (82, 82) 
(42, 42) (77, 77) (71, 71) (19, 19) (80, 80) (31, 31) (66, 66) (90, 90) (18, 18) (15, 15) (76, 76) (58, 58) (92, 92) (34, 34) (66, 66) (8, 8) (65, 65) (67, 67) (84, 84) (42, 42) 
(41, 41) (42, 42) (69, 69) (81, 81) (95, 95) (16, 16) (45, 45) (52, 52) (48, 48) (35, 35) (72, 72) (80, 80) (81, 81) (4, 4) (3, 3) (4, 4) (96, 96) (53, 53) (14, 14) (80, 80) 
(6, 6) (6, 6) (12, 12) (86, 86) (26, 26) (52, 52) (70, 70) (93, 93) (81, 81) (31, 31) (89, 89) (99, 99) (99, 99) (71, 71) (74, 74) (7, 7) (43, 43) (86, 86) (1, 1) (93, 93) 
(44, 44) (54, 54) (36, 36) (40, 40) (68, 68) (49, 49) (45, 45) (58, 58) (44, 44) (65, 65) (72, 72) (65, 65) (53, 53) (48, 48) (90, 90) (98, 98) (60, 60) (71, 71) (27, 27) (48, 48) 
(9, 9) (16, 16) (56, 56) (27, 27) (50, 50) (57, 57) (55, 55) (87, 87) (44, 44) (47, 47) (29, 29) (82, 82) (80, 80) (43, 43) (75, 75) (10, 10) (70, 70) (38, 38) (28, 28) (2, 2) 
(29, 29) (91, 91) (85, 85) (51, 51) (86, 86) (34, 34) (73, 73) (12, 12) (14, 14) (51, 51) (1, 1) (38, 38) (74, 74) (92, 92) (60, 60) (43, 43) (36, 36) (23, 23) (82, 82) (30, 30) 
(21, 21) (97, 97) (4, 4) (85, 85) (21, 21) (55, 55) (34, 34) (62, 62) (78, 78) (11, 11) (34, 34) (17, 17) (3, 3) (43, 43) (38, 38) (44, 44) (45, 45) (17, 17) (3, 3) (83, 83) 
(29, 29) (6, 6) (45, 45) (15, 15) (60, 60) (29, 29) (97, 97) (91, 91) (13, 13) (8, 8) (50, 50) (46, 46) (72, 72) (86, 86) (7, 7) (30, 30) (28, 28) (13, 13) (27, 27) (42, 42) 
(38, 38) (10, 10) (93, 93) (6, 6) (72, 72) (38, 38) (73, 73) (88, 88) (44, 44) (66, 66) (79, 79) (47, 47) (61, 61) (6, 6) (64, 64) (18, 18) (2, 2) (6, 6) (91, 91) (37, 37) 
(21, 21) (20, 20) (51, 51) (96, 96) (51, 51) (42, 42) (52, 52) (37, 37) (85, 85) (18, 18) (44, 44) (60, 60) (68, 68) (3, 3) (6, 6) (20, 20) (81, 81) (96, 96) (30, 30) (9, 9) 
(16, 16) (54, 54) (53, 53) (57, 57) (46, 46) (84, 84) (1, 1) (76, 76) (26, 26) (7, 7) (69, 69) (88, 88) (29, 29) (73, 73) (32, 32) (51, 51) (4, 4) (74, 74) (75, 75) (75, 75) 
(27, 27) (54, 54) (90, 90) (25, 25) (97, 97) (68, 68) (14, 14) (54, 54) (29, 29) (14, 14) (8, 8) (1, 1) (60, 60) (13, 13) (16, 16) (41, 41) (81, 81) (35, 35) (18, 18) (79, 79) 
(56, 56) (7, 7) (31, 31) (55, 55) (85, 85) (35, 35) (82, 82) (63, 63) (35, 35) (54, 54) (52, 52) (77, 77) (82, 82) (94, 94) (81, 81) (25, 25) (24, 24) (56, 56) (23, 23) (79, 79) 
(33, 33) (50, 50) (22, 22) (70, 70) (59, 59) (51, 51) (80, 80) (84, 84) (47, 47) (88, 88) (27, 27) (18, 18) (34, 34) (47, 47) (4, 4) (41, 41) (56, 56) (42, 42) (26, 26) (66, 66) 
(31, 31) (83, 83) (9, 9) (34, 34) (62, 62) (83, 83) (61, 61) (41, 41) (58, 58) (96, 96) (87, 87) (18, 18) (56, 56) (2, 2) (95, 95) (21, 21) (51, 51) (13, 13) (31, 31) (96, 96) 
(62, 62) (95, 95) (8, 8) (3, 3) (27, 27) (19, 19) (36, 36) (97, 97) (87, 87) (62, 62) (86, 86) (21, 21) (37, 37) (11, 11) (11, 11) (67, 67) (84, 84) (34, 34) (48, 48) (97, 97) 
