NUMERO DE TRABAJOS
50
NUMERO DE RECURSOS
20
SECUENCIA DE MAQUINAS
18 12 17 4 5 11 10 8 9 13 15 1 16 7 14 19 0 6 3 2 
13 7 2 6 5 8 12 0 9 15 1 19 18 10 4 11 14 16 17 3 
10 7 1 15 18 2 14 9 11 5 19 3 8 13 6 16 17 4 12 0 
10 12 18 2 9 13 8 5 4 19 3 6 0 14 16 15 1 7 11 17 
2 7 14 19 1 5 0 15 6 4 16 17 8 3 11 13 18 10 12 9 
6 19 17 10 3 15 2 13 11 1 18 0 8 16 9 5 12 7 14 4 
0 2 4 10 3 7 13 15 12 18 17 14 11 8 19 16 1 6 9 5 
16 0 10 6 4 7 9 13 19 5 2 17 12 18 11 3 8 14 1 15 
19 8 4 9 18 7 10 6 11 1 2 15 16 5 0 3 17 12 14 13 
1 17 3 5 11 4 9 18 19 16 14 6 8 0 10 15 12 7 2 13 
19 3 18 7 13 16 10 11 0 1 12 15 8 6 9 4 2 14 17 5 
12 4 8 1 11 16 5 13 0 9 19 10 15 17 2 18 6 14 7 3 
18 6 3 4 14 0 11 5 10 1 12 9 13 15 17 2 19 8 16 7 
10 7 1 19 9 0 6 3 16 12 14 4 5 15 17 18 13 8 2 11 
2 15 1 19 9 10 16 7 3 12 8 18 11 0 14 4 13 17 6 5 
1 9 4 16 2 11 7 3 0 5 15 8 14 10 6 17 13 18 12 19 
10 2 1 17 8 0 9 16 14 4 12 7 6 11 15 5 18 13 19 3 
8 11 19 12 15 9 10 14 2 18 17 16 7 6 13 4 1 3 0 5 
10 19 18 5 14 0 1 11 13 15 9 16 4 12 6 7 3 8 17 2 
6 10 5 9 11 7 13 1 17 4 15 12 14 18 2 16 19 0 8 3 
10 15 12 7 2 11 8 5 14 1 9 18 16 19 3 4 6 13 0 17 
19 13 9 2 6 7 15 10 11 8 17 4 1 18 3 14 0 5 12 16 
12 8 18 2 1 11 6 19 7 16 3 14 4 9 17 13 5 15 10 0 
18 5 10 14 2 4 9 17 8 19 12 6 1 11 3 16 0 13 7 15 
11 19 15 17 3 16 0 7 10 1 6 13 18 2 14 5 8 12 9 4 
4 1 12 7 10 11 9 19 6 2 18 17 14 0 5 16 8 13 3 15 
18 2 8 3 11 0 14 12 4 9 17 5 6 10 19 13 7 15 16 1 
16 17 13 1 5 7 14 10 0 19 6 2 8 9 12 15 18 3 11 4 
4 1 10 6 8 9 2 12 7 17 11 0 14 13 19 16 3 5 15 18 
9 17 7 8 2 11 14 13 3 15 10 19 18 1 6 4 16 12 0 5 
2 12 11 8 18 17 7 6 5 1 9 13 19 14 16 10 3 0 4 15 
16 4 1 17 7 11 18 0 14 9 8 6 10 13 15 12 5 19 2 3 
17 7 14 9 4 13 2 10 8 15 11 6 3 5 0 12 16 18 19 1 
6 1 12 18 7 19 5 10 11 16 0 9 14 15 13 3 2 8 4 17 
5 18 19 17 14 4 0 8 10 2 12 16 9 6 7 1 13 11 15 3 
15 14 9 8 16 2 18 17 19 12 7 3 1 11 4 0 10 6 13 5 
16 15 19 14 18 3 2 10 5 8 7 13 6 17 0 4 12 1 11 9 
1 2 12 11 15 19 0 10 17 16 18 9 6 5 7 4 3 8 14 13 
9 19 2 6 11 3 15 16 4 13 7 12 8 14 0 18 1 10 17 5 
12 16 3 5 0 9 2 1 11 8 10 18 4 6 14 7 15 13 19 17 
11 19 3 17 7 18 14 5 16 4 8 6 12 9 13 15 2 1 0 10 
6 1 8 11 19 2 5 14 3 12 7 0 9 4 17 18 16 13 15 10 
7 12 17 19 6 11 15 10 9 3 5 18 8 13 2 1 0 16 14 4 
16 11 14 8 4 5 3 15 2 0 17 9 18 6 19 1 7 13 10 12 
16 3 9 17 14 0 6 5 8 4 19 12 2 1 13 7 10 18 15 11 
11 3 8 9 2 14 17 0 18 15 10 7 19 6 4 12 16 1 13 5 
7 9 2 11 12 1 6 3 16 13 14 10 17 15 0 8 19 4 18 5 
13 17 1 3 2 15 12 5 10 11 6 14 18 0 8 4 16 19 9 7 
5 10 16 15 9 11 12 17 7 1 8 4 0 14 3 2 6 13 19 18 
1 7 9 13 2 12 6 0 18 19 10 4 17 11 5 3 8 15 14 16 
DURACIONES
(54, 54) (96, 96) (96, 96) (62, 62) (71, 71) (42, 42) (62, 62) (93, 93) (98, 98) (10, 10) (54, 54) (13, 13) (37, 37) (61, 61) (92, 92) (90, 90) (59, 59) (64, 64) (96, 96) (64, 64) 
(84, 84) (93, 93) (22, 22) (7, 7) (83, 83) (56, 56) (94, 94) (52, 52) (6, 6) (85, 85) (38, 38) (82, 82) (3, 3) (94, 94) (32, 32) (17, 17) (66, 66) (79, 79) (9, 9) (34, 34) 
(67, 67) (69, 69) (5, 5) (14, 14) (53, 53) (12, 12) (17, 17) (93, 93) (28, 28) (57, 57) (9, 9) (78, 78) (19, 19) (62, 62) (50, 50) (85, 85) (3, 3) (57, 57) (95, 95) (75, 75) 
(99, 99) (16, 16) (84, 84) (51, 51) (84, 84) (18, 18) (21, 21) (54, 54) (8, 8) (38, 38) (80, 80) (4, 4) (81, 81) (26, 26) (48, 48) (51, 51) (93, 93) (76, 76) (32, 32) (50, 50) 
(9, 9) (5, 5) (2, 2) (71, 71) (60, 60) (98, 98) (3, 3) (26, 26) (60, 60) (57, 57) (55, 55) (47, 47) (45, 45) (47, 47) (79, 79) (58, 58) (99, 99) (90, 90) (21, 21) (78, 78) 
(90, 90) (92, 92) (96, 96) (44, 44) (88, 88) (79, 79) (78, 78) (3, 3) (17, 17) (11, 11) (34, 34) (15, 15) (46, 46) (47, 47) (90, 90) (58, 58) (95, 95) (33, 33) (57, 57) (91, 91) 
(25, 25) (99, 99) (17, 17) (64, 64) (83, 83) (62, 62) (46, 46) (21, 21) (98, 98) (50, 50) (56, 56) (57, 57) (4, 4) (66, 66) (55, 55) (3, 3) (14, 14) (10, 10) (24, 24) (93, 93) 
(94, 94) (18, 18) (70, 70) (92, 92) (34, 34) (29, 29) (65, 65) (19, 19) (85, 85) (55, 55) (44, 44) (87, 87) (59, 59) (34, 34) (86, 86) (72, 72) (28, 28) (62, 62) (22, 22) (35, 35) 
(88, 88) (10, 10) (40, 40) (96, 96) (46, 46) (48, 48) (74, 74) (82, 82) (91, 91) (45, 45) (85, 85) (53, 53) (76, 76) (33, 33) (67, 67) (63, 63) (44, 44) (82, 82) (51, 51) (47, 47) 
(45, 45) (16, 16) (63, 63) (16, 16) (86, 86) (74, 74) (58, 58) (39, 39) (50, 50) (28, 28) (50, 50) (68, 68) (39, 39) (6, 6) (35, 35) (6, 6) (13, 13) (26, 26) (15, 15) (56, 56) 
(24, 24) (83, 83) (53, 53) (60, 60) (67, 67) (78, 78) (19, 19) (51, 51) (14, 14) (48, 48) (57, 57) (52, 52) (92, 92) (49, 49) (74, 74) (82, 82) (32, 32) (63, 63) (91, 91) (68, 68) 
(7, 7) (77, 77) (97, 97) (98, 98) (20, 20) (56, 56) (66, 66) (57, 57) (54, 54) (58, 58) (20, 20) (30, 30) (77, 77) (68, 68) (63, 63) (6, 6) (63, 63) (67, 67) (23, 23) (26, 26) 
(76, 76) (81, 81) (33, 33) (35, 35) (85, 85) (29, 29) (10, 10) (52, 52) (11, 11) (21, 21) (1, 1) (96, 96) (45, 45) (31, 31) (43, 43) (11, 11) (47, 47) (41, 41) (69, 69) (53, 53) 
(3, 3) (52, 52) (3, 3) (85, 85) (34, 34) (26, 26) (75, 75) (92, 92) (83, 83) (8, 8) (79, 79) (69, 69) (58, 58) (67, 67) (1, 1) (79, 79) (64, 64) (49, 49) (57, 57) (4, 4) 
(30, 30) (19, 19) (31, 31) (44, 44) (2, 2) (17, 17) (82, 82) (14, 14) (82, 82) (95, 95) (25, 25) (67, 67) (75, 75) (41, 41) (92, 92) (3, 3) (6, 6) (22, 22) (34, 34) (20, 20) 
(16, 16) (62, 62) (49, 49) (9, 9) (45, 45) (41, 41) (23, 23) (43, 43) (35, 35) (42, 42) (88, 88) (19, 19) (3, 3) (8, 8) (96, 96) (27, 27) (30, 30) (37, 37) (19, 19) (28, 28) 
(19, 19) (64, 64) (75, 75) (20, 20) (99, 99) (85, 85) (56, 56) (98, 98) (35, 35) (70, 70) (44, 44) (16, 16) (25, 25) (6, 6) (10, 10) (23, 23) (8, 8) (98, 98) (25, 25) (99, 99) 
(1, 1) (24, 24) (43, 43) (5, 5) (31, 31) (54, 54) (1, 1) (47, 47) (67, 67) (62, 62) (24, 24) (36, 36) (94, 94) (16, 16) (8, 8) (56, 56) (16, 16) (18, 18) (49, 49) (69, 69) 
(97, 97) (89, 89) (71, 71) (87, 87) (78, 78) (85, 85) (18, 18) (19, 19) (20, 20) (96, 96) (50, 50) (66, 66) (53, 53) (70, 70) (48, 48) (20, 20) (41, 41) (93, 93) (91, 91) (51, 51) 
(90, 90) (29, 29) (25, 25) (68, 68) (18, 18) (47, 47) (82, 82) (35, 35) (28, 28) (9, 9) (45, 45) (60, 60) (64, 64) (32, 32) (16, 16) (26, 26) (47, 47) (33, 33) (89, 89) (39, 39) 
(79, 79) (62, 62) (25, 25) (47, 47) (4, 4) (14, 14) (41, 41) (8, 8) (91, 91) (70, 70) (27, 27) (90, 90) (73, 73) (59, 59) (21, 21) (67, 67) (77, 77) (55, 55) (54, 54) (41, 41) 
(39, 39) (64, 64) (55, 55) (81, 81) (6, 6) (73, 73) (17, 17) (44, 44) (27, 27) (57, 57) (15, 15) (33, 33) (16, 16) (38, 38) (1, 1) (61, 61) (11, 11) (56, 56) (65, 65) (47, 47) 
(48, 48) (56, 56) (7, 7) (34, 34) (59, 59) (65, 65) (1, 1) (65, 65) (8, 8) (19, 19) (31, 31) (57, 57) (67, 67) (57, 57) (94, 94) (32, 32) (49, 49) (31, 31) (72, 72) (68, 68) 
(65, 65) (11, 11) (82, 82) (50, 50) (39, 39) (56, 56) (58, 58) (59, 59) (5, 5) (33, 33) (81, 81) (93, 93) (46, 46) (23, 23) (80, 80) (24, 24) (13, 13) (10, 10) (36, 36) (43, 43) 
(60, 60) (32, 32) (37, 37) (13, 13) (56, 56) (6, 6) (74, 74) (83, 83) (50, 50) (60, 60) (12, 12) (90, 90) (59, 59) (32, 32) (72, 72) (76, 76) (87, 87) (25, 25) (23, 23) (64, 64) 
(24, 24) (78, 78) (44, 44) (5, 5) (87, 87) (60, 60) (53, 53) (18, 18) (91, 91) (67, 67) (59, 59) (81, 81) (8, 8) (16, 16) (94, 94) (94, 94) (47, 47) (26, 26) (73, 73) (69, 69) 
(8, 8) (74, 74) (93, 93) (9, 9) (82, 82) (87, 87) (40, 40) (6, 6) (70, 70) (83, 83) (86, 86) (90, 90) (77, 77) (13, 13) (65, 65) (21, 21) (83, 83) (58, 58) (95, 95) (48, 48) 
(7, 7) (93, 93) (75, 75) (82, 82) (34, 34) (28, 28) (8, 8) (32, 32) (63, 63) (5, 5) (27, 27) (90, 90) (32, 32) (15, 15) (52, 52) (63, 63) (11, 11) (96, 96) (25, 25) (22, 22) 
(73, 73) (73, 73) (33, 33) (73, 73) (19, 19) (48, 48) (7, 7) (74, 74) (77, 77) (48, 48) (5, 5) (47, 47) (38, 38) (73, 73) (83, 83) (24, 24) (80, 80) (80, 80) (41, 41) (26, 26) 
(50, 50) (34, 34) (95, 95) (44, 44) (31, 31) (80, 80) (59, 59) (53, 53) (24, 24) (18, 18) (37, 37) (72, 72) (72, 72) (73, 73) (6, 6) (86, 86) (17, 17) (13, 13) (89, 89) (24, 24) 
(95, 95) (99, 99) (35, 35) (55, 55) (67, 67) (54, 54) (15, 15) (25, 25) (2, 2) (60, 60) (35, 35) (14, 14) (14, 14) (37, 37) (82, 82) (37, 37) (47, 47) (28, 28) (37, 37) (21, 21) 
(24, 24) (23, 23) (68, 68) (13, 13) (98, 98) (67, 67) (58, 58) (81, 81) (62, 62) (11, 11) (99, 99) (75, 75) (41, 41) (23, 23) (13, 13) (35, 35) (73, 73) (35, 35) (71, 71) (28, 28) 
(87, 87) (39, 39) (66, 66) (67, 67) (91, 91) (71, 71) (48, 48) (17, 17) (12, 12) (95, 95) (86, 86) (71, 71) (19, 19) (49, 49) (63, 63) (66, 66) (69, 69) (73, 73) (87, 87) (8, 8) 
(69, 69) (3, 3) (11, 11) (76, 76) (57, 57) (55, 55) (36, 36) (95, 95) (63, 63) (78, 78) (72, 72) (28, 28) (53, 53) (10, 10) (86, 86) (13, 13) (53, 53) (14, 14) (4, 4) (52, 52) 
(67, 67) (59, 59) (84, 84) (50, 50) (91, 91) (93, 93) (53, 53) (56, 56) (30, 30) (98, 98) (53, 53) (74, 74) (60, 60) (46, 46) (57, 57) (23, 23) (27, 27) (49, 49) (54, 54) (47, 47) 
(99, 99) (82, 82) (3, 3) (61, 61) (92, 92) (67, 67) (66, 66) (81, 81) (62, 62) (41, 41) (77, 77) (9, 9) (56, 56) (80, 80) (90, 90) (68, 68) (81, 81) (58, 58) (86, 86) (59, 59) 
(76, 76) (77, 77) (23, 23) (29, 29) (25, 25) (44, 44) (15, 15) (17, 17) (96, 96) (64, 64) (71, 71) (22, 22) (87, 87) (73, 73) (72, 72) (8, 8) (67, 67) (92, 92) (61, 61) (97, 97) 
(92, 92) (47, 47) (95, 95) (55, 55) (78, 78) (58, 58) (36, 36) (1, 1) (23, 23) (71, 71) (47, 47) (76, 76) (34, 34) (95, 95) (25, 25) (4, 4) (91, 91) (22, 22) (51, 51) (53, 53) 
(57, 57) (61, 61) (39, 39) (22, 22) (60, 60) (90, 90) (54, 54) (2, 2) (83, 83) (73, 73) (36, 36) (68, 68) (99, 99) (68, 68) (61, 61) (76, 76) (88, 88) (15, 15) (96, 96) (80, 80) 
(6, 6) (59, 59) (99, 99) (30, 30) (73, 73) (56, 56) (39, 39) (9, 9) (80, 80) (87, 87) (74, 74) (6, 6) (55, 55) (39, 39) (39, 39) (42, 42) (78, 78) (37, 37) (66, 66) (37, 37) 
(11, 11) (83, 83) (83, 83) (87, 87) (34, 34) (45, 45) (78, 78) (13, 13) (59, 59) (93, 93) (16, 16) (85, 85) (76, 76) (54, 54) (91, 91) (93, 93) (13, 13) (56, 56) (10, 10) (99, 99) 
(26, 26) (45, 45) (80, 80) (44, 44) (9, 9) (28, 28) (70, 70) (95, 95) (40, 40) (20, 20) (63, 63) (44, 44) (63, 63) (73, 73) (59, 59) (82, 82) (41, 41) (87, 87) (89, 89) (29, 29) 
(64, 64) (89, 89) (62, 62) (30, 30) (13, 13) (64, 64) (42, 42) (39, 39) (89, 89) (89, 89) (57, 57) (62, 62) (99, 99) (55, 55) (40, 40) (94, 94) (25, 25) (34, 34) (4, 4) (65, 65) 
(58, 58) (99, 99) (16, 16) (46, 46) (72, 72) (40, 40) (48, 48) (15, 15) (14, 14) (15, 15) (39, 39) (17, 17) (52, 52) (43, 43) (9, 9) (73, 73) (6, 6) (65, 65) (58, 58) (13, 13) 
(19, 19) (72, 72) (80, 80) (48, 48) (79, 79) (71, 71) (29, 29) (14, 14) (19, 19) (27, 27) (92, 92) (97, 97) (99, 99) (74, 74) (69, 69) (20, 20) (40, 40) (41, 41) (95, 95) (39, 39) 
(63, 63) (25, 25) (74, 74) (40, 40) (14, 14) (98, 98) (26, 26) (55, 55) (9, 9) (92, 92) (67, 67) (99, 99) (48, 48) (20, 20) (87, 87) (55, 55) (65, 65) (66, 66) (10, 10) (4, 4) 
(2, 2) (89, 89) (99, 99) (89, 89) (73, 73) (12, 12) (78, 78) (57, 57) (38, 38) (17, 17) (64, 64) (80, 80) (47, 47) (76, 76) (99, 99) (72, 72) (31, 31) (52, 52) (49, 49) (76, 76) 
(45, 45) (22, 22) (11, 11) (99, 99) (65, 65) (96, 96) (95, 95) (47, 47) (8, 8) (57, 57) (60, 60) (38, 38) (71, 71) (70, 70) (98, 98) (57, 57) (4, 4) (31, 31) (73, 73) (56, 56) 
(28, 28) (26, 26) (47, 47) (77, 77) (89, 89) (82, 82) (94, 94) (41, 41) (89, 89) (74, 74) (95, 95) (44, 44) (60, 60) (88, 88) (61, 61) (99, 99) (36, 36) (49, 49) (41, 41) (1, 1) 
(16, 16) (71, 71) (49, 49) (25, 25) (62, 62) (98, 98) (63, 63) (79, 79) (29, 29) (82, 82) (84, 84) (76, 76) (85, 85) (18, 18) (78, 78) (18, 18) (87, 87) (65, 65) (10, 10) (78, 78) 
