NUMERO DE TRABAJOS
50
NUMERO DE RECURSOS
20
SECUENCIA DE MAQUINAS
0 1 11 17 10 7 5 13 3 4 19 9 12 14 15 2 16 18 8 6 
3 16 5 7 10 11 14 18 13 1 8 9 19 12 0 2 15 4 17 6 
6 11 7 2 4 12 14 5 0 13 10 18 19 1 8 15 9 3 16 17 
13 6 19 16 2 3 10 9 7 1 0 14 12 5 18 4 8 17 15 11 
8 0 13 7 10 4 16 6 1 17 15 3 2 9 19 18 5 11 14 12 
7 12 0 17 3 15 4 13 14 6 16 19 10 1 18 9 11 5 8 2 
15 7 1 0 18 5 19 10 12 6 17 14 3 11 13 4 16 2 9 8 
19 2 16 14 5 6 15 9 17 11 10 3 12 4 0 1 7 13 8 18 
13 15 12 19 4 0 3 18 10 1 17 14 5 7 6 11 8 2 16 9 
5 0 6 10 1 3 2 11 18 7 4 17 9 15 16 8 13 12 19 14 
4 11 9 3 1 2 5 16 10 8 7 13 18 15 17 14 6 12 0 19 
11 13 1 10 0 12 3 15 5 9 19 17 4 8 14 16 6 7 18 2 
7 19 14 3 16 4 11 17 5 15 10 9 0 18 6 12 1 2 13 8 
9 8 10 2 7 12 5 4 17 14 3 16 18 1 15 6 19 13 11 0 
14 0 1 8 2 6 3 12 9 16 4 19 5 15 13 18 11 10 7 17 
16 9 19 12 6 0 17 2 13 4 7 18 5 11 8 1 3 14 15 10 
15 10 11 18 14 17 5 19 12 6 16 1 7 8 3 2 4 13 9 0 
6 9 18 16 12 1 2 7 19 11 4 0 3 5 10 14 17 8 15 13 
18 7 12 17 19 11 5 15 3 8 0 6 16 13 1 2 9 4 10 14 
13 15 12 14 5 18 11 6 3 8 2 17 4 16 0 7 10 1 9 19 
17 4 2 7 1 5 15 18 0 11 10 6 19 8 14 13 9 3 12 16 
8 13 1 9 2 10 14 0 3 12 16 18 5 17 7 4 19 11 6 15 
16 5 11 12 17 18 8 19 3 10 13 1 4 2 9 15 6 7 0 14 
13 1 11 0 16 3 7 5 14 17 19 18 10 4 6 15 9 2 12 8 
19 2 14 7 3 17 6 10 15 9 0 16 1 5 18 4 13 11 12 8 
11 9 5 18 16 1 2 17 8 12 10 19 15 14 3 7 0 6 13 4 
13 15 11 14 12 18 1 4 9 10 16 17 3 19 7 6 0 2 5 8 
7 17 16 6 14 19 18 1 2 8 5 4 10 11 9 3 15 12 0 13 
18 15 16 9 6 8 17 19 1 0 11 7 14 3 12 10 4 13 5 2 
9 12 4 8 6 3 11 14 7 15 1 2 10 13 17 19 16 5 18 0 
15 1 17 11 7 3 18 19 4 10 13 2 5 8 6 0 12 16 14 9 
14 19 17 9 18 11 1 4 16 8 5 7 0 10 2 3 13 6 15 12 
9 17 12 3 11 2 15 10 0 16 14 1 5 8 19 7 4 6 13 18 
5 16 2 0 8 12 11 19 15 4 6 14 7 18 17 9 1 10 13 3 
14 15 3 7 11 0 12 6 1 8 13 19 2 4 5 18 17 9 10 16 
13 17 18 14 10 15 5 16 1 3 9 7 11 12 0 2 4 6 19 8 
17 2 19 15 18 5 9 16 13 0 1 7 3 14 12 10 6 4 8 11 
11 4 5 12 3 2 6 16 0 10 1 15 19 18 8 13 7 17 9 14 
19 6 4 17 2 18 3 13 12 15 14 7 10 8 9 5 11 16 1 0 
8 16 15 12 18 17 4 0 11 19 14 6 5 1 13 3 9 10 7 2 
10 17 13 11 6 2 9 12 15 0 7 5 14 16 18 19 1 3 8 4 
0 3 14 1 9 18 5 11 8 7 6 15 16 12 17 10 19 13 2 4 
8 14 16 4 11 18 12 19 2 5 9 15 7 0 6 13 17 1 10 3 
6 15 7 16 14 9 3 18 11 17 0 2 1 19 10 13 5 4 12 8 
9 10 11 6 4 3 12 13 5 0 18 19 14 17 2 7 16 15 8 1 
5 7 17 18 8 1 12 16 19 4 10 3 0 9 15 14 2 11 13 6 
13 15 10 18 14 9 7 19 5 3 16 4 17 12 8 1 2 0 11 6 
7 16 5 2 9 8 15 3 19 18 13 12 4 14 17 11 0 6 1 10 
12 9 6 16 3 8 15 0 11 5 10 18 17 19 13 7 14 4 2 1 
15 8 5 9 13 1 6 14 18 12 3 19 16 2 17 7 0 10 11 4 
DURACIONES
(35, 35) (73, 73) (56, 56) (28, 28) (81, 81) (82, 82) (5, 5) (48, 48) (36, 36) (37, 37) (9, 9) (8, 8) (9, 9) (20, 20) (78, 78) (77, 77) (31, 31) (44, 44) (9, 9) (40, 40) 
(41, 41) (26, 26) (27, 27) (31, 31) (62, 62) (20, 20) (17, 17) (55, 55) (57, 57) (21, 21) (61, 61) (63, 63) (17, 17) (14, 14) (59, 59) (91, 91) (54, 54) (64, 64) (21, 21) (47, 47) 
(4, 4) (92, 92) (75, 75) (21, 21) (21, 21) (98, 98) (32, 32) (41, 41) (29, 29) (42, 42) (71, 71) (90, 90) (69, 69) (87, 87) (71, 71) (18, 18) (41, 41) (78, 78) (60, 60) (85, 85) 
(72, 72) (21, 21) (8, 8) (55, 55) (86, 86) (17, 17) (98, 98) (71, 71) (18, 18) (86, 86) (84, 84) (88, 88) (97, 97) (75, 75) (70, 70) (67, 67) (36, 36) (11, 11) (97, 97) (55, 55) 
(88, 88) (15, 15) (29, 29) (51, 51) (82, 82) (66, 66) (26, 26) (70, 70) (7, 7) (87, 87) (81, 81) (76, 76) (44, 44) (27, 27) (88, 88) (34, 34) (70, 70) (62, 62) (44, 44) (67, 67) 
(26, 26) (24, 24) (87, 87) (48, 48) (55, 55) (68, 68) (54, 54) (83, 83) (17, 17) (50, 50) (87, 87) (18, 18) (83, 83) (32, 32) (71, 71) (72, 72) (95, 95) (39, 39) (37, 37) (21, 21) 
(80, 80) (31, 31) (20, 20) (51, 51) (32, 32) (21, 21) (12, 12) (79, 79) (1, 1) (93, 93) (80, 80) (60, 60) (17, 17) (78, 78) (87, 87) (64, 64) (47, 47) (66, 66) (64, 64) (47, 47) 
(59, 59) (10, 10) (80, 80) (46, 46) (62, 62) (40, 40) (68, 68) (26, 26) (54, 54) (50, 50) (61, 61) (77, 77) (40, 40) (94, 94) (36, 36) (67, 67) (59, 59) (55, 55) (15, 15) (71, 71) 
(36, 36) (72, 72) (53, 53) (91, 91) (65, 65) (98, 98) (60, 60) (60, 60) (62, 62) (52, 52) (39, 39) (13, 13) (44, 44) (69, 69) (3, 3) (97, 97) (65, 65) (16, 16) (57, 57) (65, 65) 
(8, 8) (99, 99) (34, 34) (43, 43) (38, 38) (49, 49) (86, 86) (91, 91) (14, 14) (87, 87) (45, 45) (12, 12) (45, 45) (14, 14) (58, 58) (27, 27) (68, 68) (5, 5) (47, 47) (61, 61) 
(79, 79) (51, 51) (41, 41) (51, 51) (41, 41) (44, 44) (50, 50) (17, 17) (26, 26) (2, 2) (16, 16) (25, 25) (38, 38) (17, 17) (89, 89) (83, 83) (59, 59) (45, 45) (37, 37) (23, 23) 
(97, 97) (90, 90) (92, 92) (3, 3) (2, 2) (9, 9) (70, 70) (15, 15) (38, 38) (48, 48) (12, 12) (10, 10) (9, 9) (76, 76) (27, 27) (8, 8) (44, 44) (81, 81) (7, 7) (80, 80) 
(45, 45) (13, 13) (50, 50) (30, 30) (85, 85) (81, 81) (32, 32) (64, 64) (11, 11) (70, 70) (1, 1) (93, 93) (54, 54) (13, 13) (30, 30) (17, 17) (16, 16) (3, 3) (2, 2) (19, 19) 
(57, 57) (81, 81) (19, 19) (46, 46) (40, 40) (39, 39) (63, 63) (92, 92) (60, 60) (8, 8) (7, 7) (39, 39) (9, 9) (54, 54) (68, 68) (21, 21) (66, 66) (52, 52) (54, 54) (21, 21) 
(66, 66) (66, 66) (48, 48) (81, 81) (30, 30) (81, 81) (46, 46) (95, 95) (22, 22) (85, 85) (57, 57) (83, 83) (48, 48) (94, 94) (11, 11) (61, 61) (92, 92) (49, 49) (83, 83) (91, 91) 
(28, 28) (14, 14) (65, 65) (17, 17) (97, 97) (57, 57) (33, 33) (96, 96) (3, 3) (32, 32) (70, 70) (78, 78) (30, 30) (68, 68) (92, 92) (48, 48) (9, 9) (75, 75) (31, 31) (75, 75) 
(25, 25) (32, 32) (11, 11) (22, 22) (72, 72) (88, 88) (50, 50) (19, 19) (34, 34) (87, 87) (80, 80) (12, 12) (26, 26) (78, 78) (63, 63) (3, 3) (97, 97) (27, 27) (25, 25) (21, 21) 
(1, 1) (39, 39) (20, 20) (62, 62) (71, 71) (41, 41) (70, 70) (8, 8) (11, 11) (66, 66) (75, 75) (67, 67) (32, 32) (74, 74) (8, 8) (44, 44) (94, 94) (61, 61) (18, 18) (99, 99) 
(56, 56) (47, 47) (11, 11) (43, 43) (57, 57) (27, 27) (3, 3) (54, 54) (40, 40) (86, 86) (40, 40) (30, 30) (55, 55) (48, 48) (37, 37) (14, 14) (49, 49) (59, 59) (15, 15) (99, 99) 
(72, 72) (11, 11) (90, 90) (18, 18) (81, 81) (44, 44) (79, 79) (77, 77) (20, 20) (86, 86) (58, 58) (44, 44) (32, 32) (33, 33) (37, 37) (92, 92) (95, 95) (77, 77) (97, 97) (8, 8) 
(9, 9) (37, 37) (7, 7) (38, 38) (10, 10) (4, 4) (75, 75) (54, 54) (2, 2) (15, 15) (95, 95) (4, 4) (37, 37) (19, 19) (56, 56) (44, 44) (60, 60) (90, 90) (46, 46) (7, 7) 
(33, 33) (58, 58) (88, 88) (49, 49) (50, 50) (3, 3) (44, 44) (8, 8) (82, 82) (72, 72) (99, 99) (50, 50) (57, 57) (19, 19) (12, 12) (84, 84) (69, 69) (14, 14) (8, 8) (10, 10) 
(37, 37) (9, 9) (91, 91) (92, 92) (17, 17) (68, 68) (34, 34) (81, 81) (26, 26) (99, 99) (72, 72) (15, 15) (93, 93) (24, 24) (2, 2) (73, 73) (34, 34) (42, 42) (12, 12) (99, 99) 
(78, 78) (98, 98) (9, 9) (15, 15) (97, 97) (86, 86) (88, 88) (22, 22) (31, 31) (59, 59) (70, 70) (42, 42) (42, 42) (65, 65) (18, 18) (50, 50) (28, 28) (57, 57) (87, 87) (57, 57) 
(51, 51) (34, 34) (97, 97) (83, 83) (15, 15) (68, 68) (87, 87) (78, 78) (57, 57) (37, 37) (61, 61) (51, 51) (93, 93) (35, 35) (57, 57) (49, 49) (42, 42) (12, 12) (76, 76) (17, 17) 
(33, 33) (65, 65) (62, 62) (11, 11) (36, 36) (4, 4) (97, 97) (22, 22) (76, 76) (17, 17) (82, 82) (6, 6) (96, 96) (37, 37) (26, 26) (89, 89) (41, 41) (57, 57) (23, 23) (9, 9) 
(6, 6) (89, 89) (61, 61) (16, 16) (42, 42) (20, 20) (30, 30) (57, 57) (66, 66) (83, 83) (7, 7) (21, 21) (96, 96) (7, 7) (31, 31) (99, 99) (14, 14) (85, 85) (57, 57) (15, 15) 
(45, 45) (79, 79) (88, 88) (58, 58) (2, 2) (13, 13) (21, 21) (8, 8) (37, 37) (71, 71) (99, 99) (49, 49) (57, 57) (95, 95) (19, 19) (73, 73) (64, 64) (64, 64) (55, 55) (85, 85) 
(51, 51) (22, 22) (11, 11) (82, 82) (90, 90) (41, 41) (88, 88) (33, 33) (91, 91) (99, 99) (69, 69) (6, 6) (33, 33) (25, 25) (31, 31) (7, 7) (38, 38) (46, 46) (41, 41) (8, 8) 
(20, 20) (96, 96) (88, 88) (49, 49) (24, 24) (89, 89) (24, 24) (66, 66) (69, 69) (42, 42) (92, 92) (62, 62) (48, 48) (95, 95) (28, 28) (43, 43) (71, 71) (9, 9) (53, 53) (31, 31) 
(44, 44) (99, 99) (49, 49) (47, 47) (60, 60) (12, 12) (22, 22) (49, 49) (40, 40) (24, 24) (51, 51) (2, 2) (63, 63) (99, 99) (75, 75) (52, 52) (59, 59) (16, 16) (24, 24) (55, 55) 
(67, 67) (73, 73) (3, 3) (72, 72) (8, 8) (70, 70) (73, 73) (59, 59) (91, 91) (69, 69) (46, 46) (31, 31) (6, 6) (35, 35) (37, 37) (93, 93) (42, 42) (89, 89) (34, 34) (25, 25) 
(31, 31) (26, 26) (7, 7) (67, 67) (25, 25) (43, 43) (23, 23) (31, 31) (28, 28) (57, 57) (42, 42) (16, 16) (10, 10) (26, 26) (50, 50) (69, 69) (35, 35) (18, 18) (18, 18) (77, 77) 
(95, 95) (10, 10) (7, 7) (88, 88) (78, 78) (62, 62) (93, 93) (23, 23) (94, 94) (22, 22) (85, 85) (73, 73) (59, 59) (12, 12) (58, 58) (93, 93) (47, 47) (73, 73) (90, 90) (18, 18) 
(82, 82) (93, 93) (10, 10) (46, 46) (13, 13) (57, 57) (30, 30) (20, 20) (71, 71) (41, 41) (35, 35) (35, 35) (52, 52) (90, 90) (18, 18) (80, 80) (29, 29) (17, 17) (74, 74) (90, 90) 
(39, 39) (7, 7) (15, 15) (49, 49) (34, 34) (50, 50) (48, 48) (77, 77) (26, 26) (27, 27) (78, 78) (38, 38) (76, 76) (40, 40) (2, 2) (40, 40) (92, 92) (73, 73) (86, 86) (6, 6) 
(47, 47) (28, 28) (21, 21) (80, 80) (46, 46) (63, 63) (76, 76) (20, 20) (5, 5) (57, 57) (9, 9) (71, 71) (34, 34) (27, 27) (87, 87) (24, 24) (63, 63) (6, 6) (66, 66) (65, 65) 
(52, 52) (25, 25) (67, 67) (53, 53) (97, 97) (8, 8) (23, 23) (84, 84) (74, 74) (75, 75) (18, 18) (53, 53) (31, 31) (66, 66) (49, 49) (51, 51) (29, 29) (52, 52) (34, 34) (44, 44) 
(39, 39) (17, 17) (48, 48) (93, 93) (97, 97) (79, 79) (87, 87) (40, 40) (2, 2) (97, 97) (47, 47) (47, 47) (45, 45) (65, 65) (29, 29) (96, 96) (8, 8) (42, 42) (74, 74) (18, 18) 
(37, 37) (83, 83) (30, 30) (92, 92) (87, 87) (51, 51) (91, 91) (39, 39) (64, 64) (65, 65) (48, 48) (68, 68) (42, 42) (10, 10) (86, 86) (96, 96) (98, 98) (35, 35) (51, 51) (48, 48) 
(98, 98) (2, 2) (60, 60) (23, 23) (52, 52) (84, 84) (38, 38) (3, 3) (1, 1) (46, 46) (44, 44) (83, 83) (68, 68) (9, 9) (32, 32) (19, 19) (67, 67) (10, 10) (12, 12) (99, 99) 
(68, 68) (38, 38) (90, 90) (38, 38) (58, 58) (9, 9) (88, 88) (63, 63) (9, 9) (35, 35) (4, 4) (13, 13) (54, 54) (94, 94) (89, 89) (79, 79) (74, 74) (31, 31) (70, 70) (97, 97) 
(90, 90) (18, 18) (91, 91) (52, 52) (51, 51) (84, 84) (53, 53) (8, 8) (90, 90) (87, 87) (32, 32) (21, 21) (67, 67) (13, 13) (60, 60) (75, 75) (38, 38) (36, 36) (19, 19) (68, 68) 
(46, 46) (67, 67) (80, 80) (62, 62) (43, 43) (65, 65) (9, 9) (31, 31) (66, 66) (42, 42) (6, 6) (43, 43) (47, 47) (9, 9) (30, 30) (6, 6) (73, 73) (20, 20) (1, 1) (12, 12) 
(76, 76) (36, 36) (91, 91) (72, 72) (61, 61) (8, 8) (78, 78) (56, 56) (24, 24) (20, 20) (12, 12) (51, 51) (61, 61) (91, 91) (17, 17) (13, 13) (74, 74) (63, 63) (9, 9) (84, 84) 
(71, 71) (11, 11) (72, 72) (40, 40) (73, 73) (9, 9) (7, 7) (88, 88) (19, 19) (15, 15) (45, 45) (54, 54) (86, 86) (38, 38) (9, 9) (7, 7) (74, 74) (80, 80) (75, 75) (80, 80) 
(38, 38) (91, 91) (72, 72) (44, 44) (31, 31) (89, 89) (4, 4) (83, 83) (57, 57) (63, 63) (70, 70) (3, 3) (12, 12) (44, 44) (83, 83) (7, 7) (32, 32) (36, 36) (26, 26) (49, 49) 
(60, 60) (88, 88) (3, 3) (4, 4) (56, 56) (1, 1) (95, 95) (31, 31) (54, 54) (20, 20) (51, 51) (88, 88) (82, 82) (68, 68) (69, 69) (15, 15) (72, 72) (3, 3) (59, 59) (43, 43) 
(92, 92) (88, 88) (40, 40) (47, 47) (80, 80) (23, 23) (7, 7) (98, 98) (2, 2) (90, 90) (74, 74) (23, 23) (93, 93) (94, 94) (41, 41) (49, 49) (2, 2) (9, 9) (83, 83) (84, 84) 
(84, 84) (68, 68) (77, 77) (54, 54) (45, 45) (70, 70) (34, 34) (64, 64) (55, 55) (66, 66) (16, 16) (11, 11) (9, 9) (79, 79) (54, 54) (23, 23) (63, 63) (1, 1) (91, 91) (50, 50) 
