NUMERO DE TRABAJOS
50
NUMERO DE RECURSOS
20
SECUENCIA DE MAQUINAS
9 6 3 2 7 1 15 17 0 18 4 11 5 13 19 10 8 16 12 14 
2 6 13 14 8 18 7 11 9 19 1 15 17 5 12 16 0 4 10 3 
10 11 4 19 9 12 18 17 2 16 7 3 13 6 15 5 14 0 1 8 
9 0 13 2 3 7 4 6 16 10 17 15 8 12 19 18 5 1 11 14 
11 9 5 6 10 19 17 1 15 16 14 4 2 0 12 18 7 13 3 8 
4 8 9 3 15 19 12 17 0 13 6 10 5 14 11 2 18 7 16 1 
4 2 10 19 1 16 15 8 0 5 7 18 9 17 12 14 3 13 11 6 
10 9 2 7 5 11 3 18 12 13 8 4 19 16 15 6 14 1 17 0 
16 4 14 18 6 19 11 15 8 17 12 0 1 9 2 10 3 7 5 13 
12 6 2 11 3 5 15 7 10 1 18 8 0 19 4 17 16 9 14 13 
5 18 12 10 17 14 6 7 8 16 3 1 13 4 9 11 19 0 2 15 
16 14 3 2 7 10 1 13 11 19 0 9 4 5 6 18 17 8 12 15 
6 0 9 5 14 18 3 8 11 2 4 16 12 19 13 15 17 7 1 10 
1 10 14 7 0 6 5 18 12 2 13 15 16 11 9 17 4 19 3 8 
8 3 19 13 18 5 16 6 11 7 10 2 0 12 17 14 15 4 1 9 
9 6 4 0 18 14 2 19 3 5 17 7 13 1 16 11 8 12 10 15 
15 10 4 11 0 16 5 7 2 18 13 19 1 3 12 14 6 9 8 17 
11 6 1 9 15 0 16 10 8 3 13 5 7 17 18 12 2 4 19 14 
17 16 0 14 6 13 18 7 4 19 1 3 8 15 12 11 2 9 5 10 
5 3 18 0 7 2 11 6 8 4 1 14 16 9 12 15 10 17 19 13 
19 13 12 2 11 18 17 15 6 16 10 9 7 1 3 4 14 8 0 5 
14 6 7 1 13 11 2 3 12 4 0 8 16 17 5 10 19 18 9 15 
15 12 5 9 1 13 14 7 4 6 11 0 3 16 17 19 10 2 8 18 
14 3 0 18 19 8 4 9 13 11 12 10 6 1 7 15 17 2 16 5 
18 16 10 1 4 2 19 9 8 12 0 5 13 6 17 7 3 11 15 14 
5 17 10 4 0 9 18 8 11 3 16 15 19 7 14 12 13 1 6 2 
9 18 19 4 0 8 17 12 13 10 16 14 1 6 2 11 3 7 15 5 
16 0 12 8 1 13 10 3 19 6 9 18 4 2 7 15 5 17 14 11 
4 12 14 7 18 17 0 6 1 9 8 11 19 3 10 13 2 16 5 15 
4 3 8 1 17 9 14 11 5 15 10 16 18 13 2 0 6 19 7 12 
6 7 11 12 5 19 9 18 10 1 8 17 3 0 13 14 4 2 16 15 
18 15 17 12 16 19 10 8 14 9 3 1 6 11 2 0 7 5 13 4 
3 16 19 13 11 9 12 4 5 15 2 10 14 8 0 17 6 7 1 18 
5 2 13 17 16 12 11 8 9 1 3 10 15 19 14 18 7 6 4 0 
2 14 7 0 11 18 6 10 16 4 9 19 12 1 15 13 8 3 17 5 
9 18 17 11 15 16 6 19 1 2 10 5 14 12 13 4 3 8 7 0 
4 14 18 7 6 13 5 9 0 3 11 12 2 17 1 10 15 19 16 8 
5 8 17 9 10 16 13 7 2 6 18 19 15 0 14 4 12 11 1 3 
18 8 9 3 16 10 11 4 17 0 12 1 6 15 7 19 2 14 13 5 
1 11 15 7 16 4 3 0 13 10 6 9 14 5 2 8 17 12 19 18 
11 6 13 9 7 0 15 16 8 4 12 5 14 10 1 2 18 17 3 19 
13 15 3 18 14 1 11 16 8 7 9 0 4 6 12 17 2 10 19 5 
12 3 9 5 13 19 4 17 18 6 14 11 1 8 7 16 15 2 0 10 
5 4 17 9 3 16 10 2 0 13 14 11 12 6 1 7 18 15 8 19 
8 18 16 19 4 10 13 3 14 15 2 5 6 17 1 11 9 0 7 12 
14 1 5 17 15 6 12 10 3 7 9 18 11 4 13 8 16 0 19 2 
15 10 9 3 2 8 12 19 17 0 13 4 16 6 1 5 14 7 18 11 
10 1 3 7 14 0 5 11 15 12 4 17 16 6 13 9 19 8 18 2 
12 17 18 2 11 9 10 0 15 5 19 7 8 16 6 13 3 1 14 4 
0 7 9 18 19 14 6 8 1 4 17 12 10 13 16 2 5 11 3 15 
DURACIONES
(62, 62) (3, 3) (77, 77) (45, 45) (42, 42) (77, 77) (42, 42) (78, 78) (20, 20) (81, 81) (39, 39) (91, 91) (13, 13) (53, 53) (30, 30) (95, 95) (82, 82) (70, 70) (37, 37) (55, 55) 
(56, 56) (90, 90) (21, 21) (43, 43) (12, 12) (94, 94) (81, 81) (58, 58) (20, 20) (83, 83) (41, 41) (84, 84) (16, 16) (6, 6) (64, 64) (63, 63) (16, 16) (12, 12) (93, 93) (39, 39) 
(95, 95) (15, 15) (51, 51) (53, 53) (67, 67) (53, 53) (26, 26) (40, 40) (13, 13) (39, 39) (59, 59) (90, 90) (45, 45) (36, 36) (33, 33) (76, 76) (13, 13) (72, 72) (42, 42) (56, 56) 
(51, 51) (82, 82) (63, 63) (66, 66) (21, 21) (66, 66) (72, 72) (35, 35) (74, 74) (60, 60) (92, 92) (28, 28) (89, 89) (58, 58) (38, 38) (14, 14) (89, 89) (17, 17) (88, 88) (14, 14) 
(25, 25) (38, 38) (10, 10) (71, 71) (80, 80) (41, 41) (76, 76) (92, 92) (86, 86) (33, 33) (42, 42) (90, 90) (18, 18) (17, 17) (91, 91) (24, 24) (96, 96) (82, 82) (77, 77) (83, 83) 
(48, 48) (21, 21) (71, 71) (94, 94) (64, 64) (67, 67) (21, 21) (2, 2) (58, 58) (38, 38) (12, 12) (11, 11) (63, 63) (27, 27) (92, 92) (64, 64) (9, 9) (50, 50) (55, 55) (15, 15) 
(33, 33) (99, 99) (49, 49) (66, 66) (77, 77) (88, 88) (42, 42) (8, 8) (64, 64) (2, 2) (86, 86) (72, 72) (26, 26) (86, 86) (51, 51) (1, 1) (40, 40) (33, 33) (74, 74) (6, 6) 
(45, 45) (83, 83) (54, 54) (19, 19) (70, 70) (16, 16) (74, 74) (27, 27) (84, 84) (13, 13) (6, 6) (97, 97) (47, 47) (87, 87) (31, 31) (34, 34) (37, 37) (76, 76) (31, 31) (37, 37) 
(62, 62) (96, 96) (7, 7) (84, 84) (70, 70) (31, 31) (35, 35) (37, 37) (99, 99) (64, 64) (53, 53) (39, 39) (67, 67) (20, 20) (15, 15) (53, 53) (83, 83) (25, 25) (65, 65) (78, 78) 
(96, 96) (24, 24) (88, 88) (61, 61) (10, 10) (77, 77) (46, 46) (49, 49) (91, 91) (41, 41) (37, 37) (69, 69) (37, 37) (85, 85) (14, 14) (34, 34) (83, 83) (30, 30) (37, 37) (4, 4) 
(29, 29) (44, 44) (55, 55) (51, 51) (49, 49) (43, 43) (1, 1) (32, 32) (99, 99) (49, 49) (84, 84) (53, 53) (57, 57) (40, 40) (10, 10) (58, 58) (78, 78) (27, 27) (34, 34) (32, 32) 
(5, 5) (97, 97) (37, 37) (63, 63) (66, 66) (40, 40) (95, 95) (51, 51) (8, 8) (35, 35) (63, 63) (17, 17) (88, 88) (15, 15) (33, 33) (11, 11) (10, 10) (84, 84) (55, 55) (28, 28) 
(20, 20) (7, 7) (23, 23) (24, 24) (11, 11) (38, 38) (56, 56) (73, 73) (22, 22) (29, 29) (12, 12) (86, 86) (1, 1) (23, 23) (6, 6) (45, 45) (70, 70) (25, 25) (1, 1) (79, 79) 
(58, 58) (62, 62) (55, 55) (79, 79) (55, 55) (27, 27) (77, 77) (13, 13) (53, 53) (31, 31) (11, 11) (81, 81) (7, 7) (94, 94) (11, 11) (84, 84) (5, 5) (67, 67) (19, 19) (24, 24) 
(74, 74) (26, 26) (90, 90) (73, 73) (28, 28) (16, 16) (30, 30) (69, 69) (43, 43) (48, 48) (67, 67) (91, 91) (3, 3) (1, 1) (93, 93) (52, 52) (41, 41) (31, 31) (54, 54) (57, 57) 
(58, 58) (1, 1) (92, 92) (83, 83) (99, 99) (64, 64) (7, 7) (22, 22) (29, 29) (48, 48) (70, 70) (69, 69) (60, 60) (51, 51) (59, 59) (19, 19) (25, 25) (67, 67) (67, 67) (71, 71) 
(5, 5) (46, 46) (19, 19) (67, 67) (41, 41) (8, 8) (51, 51) (11, 11) (67, 67) (68, 68) (46, 46) (16, 16) (18, 18) (12, 12) (11, 11) (11, 11) (67, 67) (2, 2) (5, 5) (99, 99) 
(47, 47) (35, 35) (57, 57) (69, 69) (99, 99) (16, 16) (91, 91) (36, 36) (14, 14) (58, 58) (10, 10) (91, 91) (64, 64) (44, 44) (79, 79) (66, 66) (31, 31) (10, 10) (56, 56) (7, 7) 
(45, 45) (3, 3) (57, 57) (44, 44) (34, 34) (27, 27) (74, 74) (88, 88) (32, 32) (4, 4) (98, 98) (25, 25) (7, 7) (73, 73) (46, 46) (14, 14) (66, 66) (87, 87) (55, 55) (6, 6) 
(66, 66) (28, 28) (4, 4) (69, 69) (44, 44) (58, 58) (86, 86) (64, 64) (16, 16) (19, 19) (9, 9) (25, 25) (26, 26) (64, 64) (45, 45) (10, 10) (95, 95) (99, 99) (46, 46) (79, 79) 
(30, 30) (9, 9) (37, 37) (85, 85) (69, 69) (22, 22) (23, 23) (97, 97) (50, 50) (36, 36) (12, 12) (10, 10) (43, 43) (1, 1) (33, 33) (7, 7) (15, 15) (45, 45) (28, 28) (3, 3) 
(44, 44) (59, 59) (92, 92) (31, 31) (69, 69) (53, 53) (63, 63) (94, 94) (74, 74) (53, 53) (67, 67) (24, 24) (9, 9) (31, 31) (84, 84) (50, 50) (19, 19) (78, 78) (3, 3) (39, 39) 
(46, 46) (11, 11) (59, 59) (27, 27) (79, 79) (86, 86) (51, 51) (47, 47) (22, 22) (16, 16) (24, 24) (80, 80) (5, 5) (57, 57) (79, 79) (42, 42) (46, 46) (99, 99) (49, 49) (54, 54) 
(18, 18) (37, 37) (18, 18) (76, 76) (30, 30) (88, 88) (69, 69) (19, 19) (29, 29) (41, 41) (58, 58) (8, 8) (37, 37) (17, 17) (23, 23) (94, 94) (92, 92) (1, 1) (79, 79) (34, 34) 
(29, 29) (85, 85) (91, 91) (43, 43) (65, 65) (6, 6) (69, 69) (4, 4) (94, 94) (72, 72) (76, 76) (83, 83) (21, 21) (45, 45) (10, 10) (84, 84) (50, 50) (74, 74) (39, 39) (55, 55) 
(67, 67) (76, 76) (91, 91) (69, 69) (13, 13) (72, 72) (98, 98) (16, 16) (79, 79) (38, 38) (76, 76) (70, 70) (30, 30) (85, 85) (93, 93) (39, 39) (3, 3) (39, 39) (88, 88) (87, 87) 
(90, 90) (78, 78) (61, 61) (61, 61) (34, 34) (4, 4) (52, 52) (59, 59) (20, 20) (29, 29) (6, 6) (60, 60) (93, 93) (95, 95) (55, 55) (12, 12) (92, 92) (22, 22) (2, 2) (91, 91) 
(63, 63) (85, 85) (76, 76) (72, 72) (40, 40) (42, 42) (4, 4) (66, 66) (63, 63) (81, 81) (8, 8) (61, 61) (33, 33) (98, 98) (94, 94) (98, 98) (35, 35) (90, 90) (59, 59) (27, 27) 
(95, 95) (5, 5) (91, 91) (1, 1) (52, 52) (87, 87) (56, 56) (83, 83) (54, 54) (15, 15) (55, 55) (10, 10) (20, 20) (73, 73) (59, 59) (30, 30) (14, 14) (6, 6) (48, 48) (28, 28) 
(3, 3) (93, 93) (12, 12) (66, 66) (19, 19) (85, 85) (66, 66) (96, 96) (74, 74) (73, 73) (21, 21) (62, 62) (91, 91) (97, 97) (61, 61) (62, 62) (95, 95) (13, 13) (33, 33) (62, 62) 
(54, 54) (68, 68) (44, 44) (4, 4) (62, 62) (86, 86) (85, 85) (42, 42) (55, 55) (69, 69) (67, 67) (71, 71) (79, 79) (66, 66) (1, 1) (12, 12) (66, 66) (94, 94) (41, 41) (43, 43) 
(23, 23) (25, 25) (21, 21) (15, 15) (64, 64) (6, 6) (96, 96) (68, 68) (58, 58) (75, 75) (66, 66) (57, 57) (85, 85) (56, 56) (24, 24) (34, 34) (64, 64) (1, 1) (82, 82) (71, 71) 
(42, 42) (97, 97) (65, 65) (51, 51) (1, 1) (16, 16) (74, 74) (54, 54) (87, 87) (38, 38) (48, 48) (54, 54) (44, 44) (51, 51) (48, 48) (74, 74) (82, 82) (59, 59) (46, 46) (60, 60) 
(60, 60) (50, 50) (86, 86) (7, 7) (10, 10) (12, 12) (50, 50) (67, 67) (65, 65) (41, 41) (47, 47) (59, 59) (43, 43) (1, 1) (97, 97) (67, 67) (81, 81) (34, 34) (27, 27) (39, 39) 
(7, 7) (52, 52) (81, 81) (58, 58) (4, 4) (53, 53) (86, 86) (32, 32) (54, 54) (38, 38) (71, 71) (43, 43) (58, 58) (56, 56) (63, 63) (73, 73) (54, 54) (56, 56) (34, 34) (35, 35) 
(99, 99) (31, 31) (90, 90) (67, 67) (73, 73) (74, 74) (69, 69) (29, 29) (92, 92) (86, 86) (90, 90) (72, 72) (5, 5) (21, 21) (11, 11) (3, 3) (3, 3) (29, 29) (27, 27) (39, 39) 
(75, 75) (71, 71) (89, 89) (31, 31) (39, 39) (70, 70) (5, 5) (60, 60) (13, 13) (32, 32) (22, 22) (1, 1) (56, 56) (53, 53) (84, 84) (47, 47) (91, 91) (85, 85) (14, 14) (10, 10) 
(56, 56) (94, 94) (47, 47) (81, 81) (21, 21) (84, 84) (98, 98) (5, 5) (76, 76) (6, 6) (62, 62) (40, 40) (58, 58) (18, 18) (97, 97) (89, 89) (18, 18) (48, 48) (44, 44) (48, 48) 
(45, 45) (55, 55) (13, 13) (15, 15) (96, 96) (19, 19) (18, 18) (5, 5) (62, 62) (76, 76) (61, 61) (14, 14) (22, 22) (23, 23) (3, 3) (80, 80) (92, 92) (86, 86) (87, 87) (23, 23) 
(10, 10) (70, 70) (5, 5) (38, 38) (42, 42) (64, 64) (99, 99) (28, 28) (30, 30) (82, 82) (92, 92) (64, 64) (36, 36) (56, 56) (11, 11) (78, 78) (2, 2) (18, 18) (32, 32) (54, 54) 
(88, 88) (82, 82) (27, 27) (53, 53) (42, 42) (53, 53) (6, 6) (80, 80) (55, 55) (95, 95) (83, 83) (66, 66) (11, 11) (69, 69) (89, 89) (79, 79) (50, 50) (7, 7) (31, 31) (46, 46) 
(30, 30) (6, 6) (64, 64) (33, 33) (41, 41) (35, 35) (92, 92) (65, 65) (54, 54) (68, 68) (52, 52) (13, 13) (6, 6) (36, 36) (75, 75) (59, 59) (41, 41) (97, 97) (24, 24) (77, 77) 
(70, 70) (46, 46) (32, 32) (34, 34) (67, 67) (10, 10) (32, 32) (32, 32) (5, 5) (4, 4) (41, 41) (13, 13) (24, 24) (13, 13) (14, 14) (85, 85) (36, 36) (18, 18) (1, 1) (23, 23) 
(43, 43) (33, 33) (16, 16) (91, 91) (87, 87) (5, 5) (74, 74) (43, 43) (81, 81) (23, 23) (54, 54) (83, 83) (5, 5) (68, 68) (45, 45) (85, 85) (7, 7) (44, 44) (90, 90) (97, 97) 
(64, 64) (98, 98) (47, 47) (16, 16) (76, 76) (50, 50) (61, 61) (62, 62) (88, 88) (37, 37) (89, 89) (18, 18) (38, 38) (10, 10) (1, 1) (36, 36) (10, 10) (41, 41) (52, 52) (55, 55) 
(78, 78) (89, 89) (76, 76) (50, 50) (89, 89) (68, 68) (48, 48) (1, 1) (77, 77) (99, 99) (46, 46) (50, 50) (81, 81) (18, 18) (60, 60) (65, 65) (37, 37) (8, 8) (47, 47) (31, 31) 
(56, 56) (65, 65) (15, 15) (13, 13) (40, 40) (46, 46) (74, 74) (34, 34) (1, 1) (56, 56) (2, 2) (96, 96) (12, 12) (17, 17) (20, 20) (19, 19) (46, 46) (97, 97) (75, 75) (73, 73) 
(11, 11) (86, 86) (80, 80) (8, 8) (72, 72) (15, 15) (8, 8) (77, 77) (24, 24) (78, 78) (53, 53) (29, 29) (13, 13) (66, 66) (64, 64) (58, 58) (19, 19) (18, 18) (45, 45) (5, 5) 
(97, 97) (73, 73) (13, 13) (34, 34) (5, 5) (84, 84) (60, 60) (22, 22) (40, 40) (3, 3) (8, 8) (64, 64) (23, 23) (66, 66) (3, 3) (35, 35) (61, 61) (7, 7) (32, 32) (44, 44) 
(33, 33) (16, 16) (52, 52) (72, 72) (54, 54) (67, 67) (71, 71) (41, 41) (55, 55) (32, 32) (41, 41) (27, 27) (54, 54) (72, 72) (1, 1) (14, 14) (5, 5) (13, 13) (85, 85) (20, 20) 
