NUMERO DE TRABAJOS
50
NUMERO DE RECURSOS
20
SECUENCIA DE MAQUINAS
7 15 11 5 9 16 0 8 1 4 14 18 13 10 3 19 6 2 17 12 
15 0 2 5 12 17 10 4 11 1 18 3 9 14 19 8 6 16 7 13 
15 11 8 17 3 7 12 13 2 16 4 19 9 14 0 5 1 18 10 6 
6 16 1 7 11 5 14 4 17 2 19 3 18 10 9 0 13 15 8 12 
13 8 2 0 19 11 9 10 7 1 17 12 6 14 16 4 15 18 5 3 
9 5 14 17 12 11 3 0 13 10 18 1 8 7 16 15 19 6 2 4 
15 12 4 2 14 5 16 18 11 8 7 10 13 17 0 19 1 6 3 9 
10 0 18 1 16 7 8 3 13 6 15 9 19 11 14 12 2 4 5 17 
7 14 0 6 12 1 11 19 8 5 3 18 2 10 13 16 4 9 15 17 
0 7 5 8 14 1 4 15 12 2 3 9 10 6 18 11 16 19 13 17 
6 10 14 7 11 0 19 15 4 9 5 16 8 2 1 3 18 13 17 12 
12 4 1 15 19 16 17 11 6 2 13 8 18 3 0 5 14 7 10 9 
1 5 10 4 9 2 16 19 7 14 3 11 17 12 13 8 15 18 0 6 
18 2 7 17 14 15 4 3 11 19 9 5 12 6 8 1 16 10 0 13 
5 15 11 14 12 13 18 9 19 2 16 6 4 3 1 0 7 8 17 10 
16 19 0 12 18 15 1 7 14 9 11 13 5 2 4 17 6 8 10 3 
10 19 16 7 6 4 15 3 13 11 8 17 18 1 14 2 9 5 0 12 
1 3 17 18 5 11 14 9 16 12 19 13 2 4 0 6 8 7 10 15 
8 11 15 2 3 10 18 6 5 17 12 19 7 16 9 1 0 4 14 13 
10 18 8 13 15 19 4 9 6 16 0 5 2 17 1 12 11 7 14 3 
13 12 7 6 15 16 11 2 9 19 18 17 14 5 0 1 4 3 8 10 
12 2 1 5 3 14 8 17 10 13 9 11 19 18 7 4 6 0 15 16 
18 5 17 1 12 14 7 10 6 19 4 9 0 16 11 15 3 8 13 2 
19 15 4 7 8 9 6 0 10 3 18 13 1 17 16 2 11 14 12 5 
5 15 16 9 17 1 7 13 6 0 18 11 12 4 10 19 14 3 8 2 
17 8 5 0 13 16 2 1 19 18 14 4 3 12 15 7 10 6 9 11 
12 14 19 2 5 9 17 7 3 0 18 1 13 16 8 10 11 4 6 15 
5 3 10 1 14 11 16 12 0 4 19 17 6 7 13 8 2 18 9 15 
3 6 13 18 2 19 5 15 11 1 14 17 10 4 16 8 9 0 7 12 
14 11 0 12 17 1 19 7 15 13 18 4 3 2 8 10 9 5 6 16 
7 6 19 12 4 0 8 14 9 10 1 15 11 17 5 18 2 3 13 16 
6 14 5 0 3 17 12 16 9 2 13 1 8 4 7 11 19 15 18 10 
16 8 4 1 13 0 11 17 12 3 15 19 18 14 6 2 9 7 5 10 
9 0 16 10 19 3 4 5 12 6 17 1 2 7 11 18 15 14 8 13 
9 5 1 8 2 0 11 14 19 4 7 18 10 15 12 17 13 16 6 3 
10 11 14 7 13 15 9 5 1 2 4 16 3 19 8 18 0 17 12 6 
12 16 9 3 13 18 1 5 10 7 17 2 8 4 11 0 15 6 19 14 
0 18 16 9 13 1 10 7 3 5 12 2 6 4 19 15 11 8 17 14 
3 11 18 12 15 17 0 19 4 13 16 7 9 2 6 14 10 5 8 1 
13 6 16 10 1 9 0 7 18 8 3 11 15 5 2 14 17 12 4 19 
3 6 12 15 14 7 10 13 17 16 1 2 4 0 8 18 5 11 9 19 
6 2 19 5 12 9 10 11 16 17 13 0 1 18 4 14 8 3 7 15 
3 19 18 10 4 5 0 17 9 13 16 1 12 8 7 6 14 15 2 11 
8 16 9 7 10 15 3 4 18 17 6 19 2 14 1 5 12 13 0 11 
9 4 7 12 6 13 15 17 1 5 11 2 14 3 19 8 0 10 18 16 
4 1 7 19 17 0 9 18 16 10 3 12 2 14 6 15 13 11 5 8 
15 2 19 14 16 9 1 13 10 18 17 5 0 4 11 7 3 8 12 6 
16 14 10 12 13 7 8 9 18 17 5 4 19 11 2 0 6 3 1 15 
11 14 0 6 2 9 15 5 12 10 16 3 7 4 19 18 13 17 8 1 
13 7 11 0 1 19 9 17 8 12 18 2 14 16 3 4 15 10 6 5 
DURACIONES
(32, 32) (13, 13) (32, 32) (51, 51) (74, 74) (73, 73) (48, 48) (13, 13) (6, 6) (59, 59) (33, 33) (18, 18) (85, 85) (13, 13) (57, 57) (82, 82) (71, 71) (32, 32) (75, 75) (50, 50) 
(6, 6) (64, 64) (34, 34) (60, 60) (49, 49) (3, 3) (59, 59) (47, 47) (15, 15) (77, 77) (24, 24) (78, 78) (71, 71) (19, 19) (65, 65) (88, 88) (23, 23) (2, 2) (32, 32) (5, 5) 
(69, 69) (26, 26) (30, 30) (90, 90) (43, 43) (17, 17) (23, 23) (62, 62) (17, 17) (4, 4) (18, 18) (70, 70) (19, 19) (15, 15) (17, 17) (84, 84) (54, 54) (17, 17) (55, 55) (81, 81) 
(23, 23) (7, 7) (49, 49) (94, 94) (75, 75) (56, 56) (92, 92) (58, 58) (32, 32) (88, 88) (39, 39) (59, 59) (13, 13) (14, 14) (49, 49) (53, 53) (18, 18) (13, 13) (56, 56) (35, 35) 
(11, 11) (59, 59) (77, 77) (20, 20) (60, 60) (33, 33) (16, 16) (13, 13) (72, 72) (35, 35) (36, 36) (92, 92) (31, 31) (92, 92) (53, 53) (89, 89) (70, 70) (21, 21) (37, 37) (12, 12) 
(69, 69) (55, 55) (23, 23) (81, 81) (43, 43) (62, 62) (17, 17) (95, 95) (39, 39) (29, 29) (21, 21) (95, 95) (62, 62) (41, 41) (74, 74) (75, 75) (7, 7) (99, 99) (58, 58) (8, 8) 
(11, 11) (84, 84) (17, 17) (87, 87) (45, 45) (68, 68) (10, 10) (10, 10) (14, 14) (86, 86) (90, 90) (94, 94) (9, 9) (76, 76) (75, 75) (62, 62) (61, 61) (23, 23) (96, 96) (99, 99) 
(88, 88) (84, 84) (41, 41) (81, 81) (4, 4) (6, 6) (72, 72) (98, 98) (70, 70) (27, 27) (9, 9) (45, 45) (51, 51) (84, 84) (92, 92) (41, 41) (20, 20) (19, 19) (62, 62) (29, 29) 
(52, 52) (25, 25) (6, 6) (91, 91) (12, 12) (79, 79) (26, 26) (80, 80) (6, 6) (16, 16) (84, 84) (33, 33) (13, 13) (64, 64) (61, 61) (41, 41) (77, 77) (31, 31) (74, 74) (67, 67) 
(60, 60) (95, 95) (20, 20) (99, 99) (30, 30) (48, 48) (11, 11) (55, 55) (7, 7) (55, 55) (17, 17) (79, 79) (18, 18) (59, 59) (22, 22) (26, 26) (35, 35) (1, 1) (25, 25) (40, 40) 
(21, 21) (14, 14) (63, 63) (63, 63) (89, 89) (19, 19) (84, 84) (85, 85) (26, 26) (78, 78) (53, 53) (98, 98) (23, 23) (84, 84) (53, 53) (47, 47) (2, 2) (98, 98) (58, 58) (62, 62) 
(17, 17) (52, 52) (12, 12) (60, 60) (21, 21) (10, 10) (18, 18) (30, 30) (57, 57) (65, 65) (31, 31) (18, 18) (95, 95) (88, 88) (41, 41) (92, 92) (75, 75) (18, 18) (87, 87) (56, 56) 
(36, 36) (6, 6) (93, 93) (57, 57) (28, 28) (9, 9) (93, 93) (18, 18) (38, 38) (53, 53) (88, 88) (99, 99) (11, 11) (86, 86) (75, 75) (87, 87) (16, 16) (29, 29) (9, 9) (53, 53) 
(70, 70) (59, 59) (33, 33) (8, 8) (80, 80) (8, 8) (58, 58) (97, 97) (96, 96) (47, 47) (36, 36) (29, 29) (1, 1) (13, 13) (17, 17) (34, 34) (34, 34) (34, 34) (65, 65) (7, 7) 
(62, 62) (33, 33) (45, 45) (4, 4) (20, 20) (14, 14) (24, 24) (84, 84) (58, 58) (90, 90) (95, 95) (46, 46) (60, 60) (11, 11) (29, 29) (39, 39) (24, 24) (22, 22) (93, 93) (58, 58) 
(30, 30) (49, 49) (93, 93) (82, 82) (67, 67) (25, 25) (63, 63) (99, 99) (5, 5) (93, 93) (72, 72) (13, 13) (17, 17) (73, 73) (5, 5) (39, 39) (20, 20) (27, 27) (50, 50) (67, 67) 
(99, 99) (22, 22) (94, 94) (70, 70) (69, 69) (41, 41) (46, 46) (88, 88) (87, 87) (11, 11) (55, 55) (51, 51) (56, 56) (32, 32) (29, 29) (6, 6) (97, 97) (54, 54) (92, 92) (84, 84) 
(92, 92) (29, 29) (58, 58) (91, 91) (18, 18) (15, 15) (22, 22) (79, 79) (18, 18) (95, 95) (14, 14) (66, 66) (47, 47) (70, 70) (90, 90) (60, 60) (79, 79) (6, 6) (60, 60) (57, 57) 
(8, 8) (64, 64) (97, 97) (20, 20) (17, 17) (2, 2) (65, 65) (92, 92) (29, 29) (27, 27) (62, 62) (49, 49) (95, 95) (5, 5) (93, 93) (38, 38) (82, 82) (41, 41) (43, 43) (16, 16) 
(15, 15) (11, 11) (33, 33) (83, 83) (78, 78) (32, 32) (19, 19) (52, 52) (86, 86) (20, 20) (8, 8) (22, 22) (42, 42) (80, 80) (61, 61) (76, 76) (15, 15) (86, 86) (15, 15) (73, 73) 
(48, 48) (28, 28) (37, 37) (12, 12) (61, 61) (89, 89) (31, 31) (90, 90) (92, 92) (52, 52) (99, 99) (51, 51) (48, 48) (98, 98) (99, 99) (47, 47) (98, 98) (17, 17) (32, 32) (70, 70) 
(78, 78) (32, 32) (66, 66) (34, 34) (58, 58) (6, 6) (93, 93) (19, 19) (97, 97) (42, 42) (27, 27) (22, 22) (16, 16) (92, 92) (41, 41) (87, 87) (32, 32) (49, 49) (1, 1) (10, 10) 
(99, 99) (57, 57) (77, 77) (48, 48) (33, 33) (59, 59) (51, 51) (91, 91) (75, 75) (24, 24) (15, 15) (16, 16) (56, 56) (80, 80) (42, 42) (69, 69) (73, 73) (86, 86) (85, 85) (58, 58) 
(72, 72) (61, 61) (26, 26) (62, 62) (15, 15) (44, 44) (3, 3) (7, 7) (78, 78) (56, 56) (90, 90) (84, 84) (34, 34) (13, 13) (95, 95) (61, 61) (52, 52) (76, 76) (22, 22) (41, 41) 
(24, 24) (16, 16) (13, 13) (88, 88) (92, 92) (17, 17) (27, 27) (23, 23) (10, 10) (88, 88) (88, 88) (43, 43) (70, 70) (74, 74) (84, 84) (5, 5) (36, 36) (71, 71) (68, 68) (69, 69) 
(58, 58) (70, 70) (26, 26) (59, 59) (19, 19) (87, 87) (55, 55) (12, 12) (49, 49) (41, 41) (87, 87) (52, 52) (85, 85) (39, 39) (38, 38) (21, 21) (49, 49) (16, 16) (8, 8) (85, 85) 
(48, 48) (40, 40) (65, 65) (92, 92) (11, 11) (29, 29) (68, 68) (70, 70) (21, 21) (49, 49) (42, 42) (67, 67) (40, 40) (6, 6) (39, 39) (29, 29) (41, 41) (82, 82) (93, 93) (19, 19) 
(54, 54) (66, 66) (18, 18) (54, 54) (85, 85) (42, 42) (35, 35) (55, 55) (58, 58) (33, 33) (52, 52) (28, 28) (31, 31) (97, 97) (51, 51) (14, 14) (99, 99) (50, 50) (14, 14) (31, 31) 
(77, 77) (11, 11) (61, 61) (44, 44) (20, 20) (39, 39) (21, 21) (80, 80) (3, 3) (44, 44) (13, 13) (73, 73) (96, 96) (69, 69) (5, 5) (2, 2) (73, 73) (74, 74) (30, 30) (42, 42) 
(93, 93) (85, 85) (73, 73) (76, 76) (33, 33) (93, 93) (98, 98) (84, 84) (83, 83) (54, 54) (15, 15) (17, 17) (33, 33) (82, 82) (52, 52) (72, 72) (37, 37) (95, 95) (45, 45) (50, 50) 
(82, 82) (47, 47) (93, 93) (41, 41) (23, 23) (98, 98) (12, 12) (52, 52) (78, 78) (11, 11) (2, 2) (25, 25) (2, 2) (39, 39) (79, 79) (96, 96) (33, 33) (81, 81) (74, 74) (40, 40) 
(66, 66) (36, 36) (12, 12) (88, 88) (83, 83) (4, 4) (84, 84) (68, 68) (27, 27) (65, 65) (90, 90) (73, 73) (1, 1) (44, 44) (27, 27) (96, 96) (73, 73) (12, 12) (27, 27) (22, 22) 
(1, 1) (41, 41) (53, 53) (29, 29) (75, 75) (17, 17) (53, 53) (83, 83) (62, 62) (93, 93) (5, 5) (94, 94) (25, 25) (65, 65) (68, 68) (44, 44) (16, 16) (48, 48) (58, 58) (7, 7) 
(9, 9) (15, 15) (42, 42) (32, 32) (51, 51) (74, 74) (58, 58) (26, 26) (51, 51) (25, 25) (9, 9) (52, 52) (87, 87) (23, 23) (70, 70) (58, 58) (14, 14) (49, 49) (51, 51) (54, 54) 
(85, 85) (14, 14) (8, 8) (8, 8) (50, 50) (94, 94) (11, 11) (87, 87) (44, 44) (35, 35) (69, 69) (62, 62) (35, 35) (55, 55) (77, 77) (92, 92) (89, 89) (20, 20) (65, 65) (13, 13) 
(80, 80) (79, 79) (32, 32) (35, 35) (67, 67) (44, 44) (37, 37) (7, 7) (93, 93) (73, 73) (6, 6) (77, 77) (77, 77) (84, 84) (12, 12) (48, 48) (51, 51) (73, 73) (89, 89) (27, 27) 
(65, 65) (1, 1) (29, 29) (60, 60) (55, 55) (47, 47) (69, 69) (88, 88) (62, 62) (22, 22) (44, 44) (3, 3) (56, 56) (75, 75) (80, 80) (1, 1) (65, 65) (76, 76) (4, 4) (66, 66) 
(3, 3) (6, 6) (61, 61) (62, 62) (54, 54) (85, 85) (26, 26) (4, 4) (27, 27) (54, 54) (84, 84) (3, 3) (2, 2) (12, 12) (44, 44) (89, 89) (81, 81) (16, 16) (79, 79) (68, 68) 
(15, 15) (34, 34) (70, 70) (90, 90) (47, 47) (72, 72) (25, 25) (57, 57) (20, 20) (80, 80) (88, 88) (44, 44) (78, 78) (79, 79) (53, 53) (42, 42) (64, 64) (84, 84) (15, 15) (42, 42) 
(29, 29) (54, 54) (11, 11) (93, 93) (2, 2) (86, 86) (81, 81) (23, 23) (99, 99) (49, 49) (98, 98) (78, 78) (14, 14) (25, 25) (74, 74) (94, 94) (91, 91) (32, 32) (5, 5) (69, 69) 
(23, 23) (94, 94) (61, 61) (39, 39) (8, 8) (71, 71) (93, 93) (72, 72) (55, 55) (95, 95) (12, 12) (60, 60) (82, 82) (46, 46) (82, 82) (7, 7) (55, 55) (38, 38) (86, 86) (35, 35) 
(45, 45) (56, 56) (10, 10) (49, 49) (77, 77) (43, 43) (8, 8) (66, 66) (31, 31) (74, 74) (93, 93) (49, 49) (57, 57) (23, 23) (26, 26) (97, 97) (94, 94) (71, 71) (23, 23) (97, 97) 
(56, 56) (90, 90) (71, 71) (50, 50) (29, 29) (63, 63) (1, 1) (69, 69) (97, 97) (85, 85) (42, 42) (20, 20) (20, 20) (3, 3) (43, 43) (86, 86) (97, 97) (22, 22) (52, 52) (21, 21) 
(81, 81) (12, 12) (71, 71) (39, 39) (99, 99) (70, 70) (35, 35) (84, 84) (22, 22) (47, 47) (64, 64) (98, 98) (7, 7) (12, 12) (75, 75) (64, 64) (86, 86) (27, 27) (38, 38) (10, 10) 
(35, 35) (6, 6) (91, 91) (16, 16) (46, 46) (79, 79) (55, 55) (96, 96) (86, 86) (45, 45) (43, 43) (5, 5) (95, 95) (14, 14) (30, 30) (4, 4) (38, 38) (91, 91) (9, 9) (44, 44) 
(20, 20) (65, 65) (18, 18) (21, 21) (13, 13) (74, 74) (44, 44) (39, 39) (97, 97) (24, 24) (33, 33) (14, 14) (43, 43) (17, 17) (80, 80) (73, 73) (39, 39) (6, 6) (14, 14) (43, 43) 
(61, 61) (83, 83) (46, 46) (71, 71) (25, 25) (8, 8) (81, 81) (60, 60) (14, 14) (30, 30) (10, 10) (1, 1) (61, 61) (53, 53) (20, 20) (19, 19) (15, 15) (12, 12) (10, 10) (35, 35) 
(36, 36) (8, 8) (78, 78) (32, 32) (93, 93) (31, 31) (11, 11) (41, 41) (12, 12) (10, 10) (49, 49) (19, 19) (99, 99) (73, 73) (95, 95) (38, 38) (83, 83) (11, 11) (25, 25) (37, 37) 
(37, 37) (90, 90) (80, 80) (26, 26) (42, 42) (34, 34) (67, 67) (59, 59) (81, 81) (74, 74) (17, 17) (41, 41) (27, 27) (72, 72) (37, 37) (82, 82) (78, 78) (76, 76) (59, 59) (14, 14) 
(47, 47) (1, 1) (10, 10) (88, 88) (38, 38) (83, 83) (83, 83) (99, 99) (1, 1) (28, 28) (61, 61) (62, 62) (76, 76) (43, 43) (29, 29) (83, 83) (97, 97) (60, 60) (29, 29) (73, 73) 
