NUMERO DE TRABAJOS
50
NUMERO DE RECURSOS
20
SECUENCIA DE MAQUINAS
10 5 2 17 14 19 1 4 8 16 11 3 0 6 7 12 13 18 15 9 
5 13 4 3 19 18 16 2 0 10 11 7 1 15 12 14 9 8 17 6 
10 15 19 9 16 12 7 17 8 1 18 13 6 5 4 0 14 11 2 3 
12 10 8 4 15 18 11 16 6 9 0 1 19 5 3 17 2 14 7 13 
5 15 6 7 3 17 9 11 1 18 12 13 4 19 0 10 14 8 2 16 
17 9 8 14 10 16 13 12 11 15 2 3 5 0 1 4 6 7 18 19 
15 19 18 12 2 3 5 0 14 4 8 1 7 17 10 9 11 13 16 6 
6 5 16 4 13 1 9 7 14 11 0 3 2 10 18 15 19 17 8 12 
17 1 3 6 0 9 12 19 16 7 8 4 2 13 5 18 15 11 14 10 
12 17 5 16 7 1 8 0 19 6 3 14 2 10 15 4 18 13 9 11 
2 18 0 19 10 17 1 8 7 16 15 14 5 4 6 13 3 12 11 9 
7 2 12 0 16 14 3 15 17 5 19 4 10 8 18 1 13 9 11 6 
17 0 12 4 5 1 10 8 11 15 3 16 7 6 19 13 9 14 18 2 
9 15 4 3 18 1 16 14 13 5 19 0 8 7 10 12 17 11 2 6 
8 5 3 19 1 2 17 13 6 10 12 15 11 0 9 14 4 7 16 18 
1 15 8 13 4 12 17 19 6 9 0 2 18 14 11 5 3 16 10 7 
14 9 18 6 17 10 19 16 4 5 12 15 0 13 1 11 3 8 7 2 
8 17 5 13 9 14 7 18 0 10 1 2 15 16 6 11 3 12 4 19 
14 6 8 13 16 0 2 3 9 18 15 10 11 4 5 19 1 7 12 17 
14 8 2 7 19 5 16 6 1 13 18 11 0 4 15 12 10 9 3 17 
9 5 19 3 11 4 12 2 8 1 13 6 0 18 10 17 14 15 16 7 
18 12 0 8 2 1 16 15 13 14 11 4 7 5 9 3 10 17 6 19 
19 15 0 7 12 4 3 6 10 17 14 16 8 2 9 13 18 11 1 5 
17 9 10 8 11 16 19 12 14 6 1 15 0 7 4 2 3 5 13 18 
1 17 5 18 2 7 16 11 15 4 0 10 8 3 12 19 14 13 9 6 
0 17 9 15 16 1 6 3 12 10 8 5 13 2 19 7 4 11 14 18 
4 12 2 1 17 14 6 15 0 9 5 11 7 18 3 10 16 13 8 19 
1 6 13 19 18 11 17 7 10 15 4 3 9 0 16 12 8 2 14 5 
2 4 16 12 14 15 9 8 19 10 13 0 1 11 5 6 7 17 3 18 
15 4 6 13 14 19 5 1 17 16 12 11 10 18 8 2 0 3 7 9 
8 2 15 12 10 3 18 13 9 0 5 7 19 16 17 1 11 4 6 14 
19 8 10 16 18 6 14 13 11 9 2 7 3 4 0 1 5 15 17 12 
15 9 16 10 18 13 11 14 6 3 1 4 8 19 17 7 0 2 5 12 
1 12 17 2 9 10 15 19 4 16 18 11 7 8 13 0 14 5 3 6 
6 19 2 17 15 12 14 16 4 7 1 11 5 13 9 0 18 3 8 10 
3 0 6 2 12 16 5 8 18 1 13 9 11 14 19 10 17 7 15 4 
14 7 3 6 9 8 16 1 15 2 17 13 5 12 19 10 18 11 4 0 
18 13 19 2 10 6 4 14 15 9 7 16 1 0 12 5 11 17 8 3 
12 1 10 3 0 13 2 18 15 16 9 8 4 7 19 5 11 14 6 17 
7 12 2 13 6 4 17 0 15 19 16 3 1 5 14 11 10 18 8 9 
2 18 5 12 0 6 19 9 1 15 13 14 3 16 8 17 11 10 4 7 
4 2 8 11 3 14 19 10 9 18 6 1 5 13 17 0 15 16 7 12 
3 16 14 15 12 19 18 6 7 5 10 2 4 0 11 1 13 17 8 9 
14 3 9 16 4 17 6 10 0 18 1 15 5 12 11 2 7 19 13 8 
9 12 1 14 15 7 8 2 6 10 18 3 19 11 17 13 4 16 5 0 
0 19 12 15 13 7 17 6 5 18 9 2 14 3 16 11 1 8 4 10 
14 11 6 8 7 12 5 4 19 18 15 16 2 0 10 13 17 9 3 1 
12 11 13 19 9 18 5 6 2 15 14 0 8 1 3 7 16 17 10 4 
6 1 9 5 15 11 10 7 0 12 2 8 14 17 13 3 16 18 19 4 
2 13 8 10 18 4 6 7 5 11 16 3 17 19 0 14 15 12 1 9 
DURACIONES
(75, 75) (50, 50) (4, 4) (34, 34) (36, 36) (69, 69) (52, 52) (44, 44) (42, 42) (12, 12) (50, 50) (12, 12) (71, 71) (89, 89) (31, 31) (14, 14) (13, 13) (53, 53) (43, 43) (43, 43) 
(27, 27) (18, 18) (70, 70) (84, 84) (8, 8) (62, 62) (91, 91) (24, 24) (94, 94) (98, 98) (78, 78) (90, 90) (1, 1) (24, 24) (96, 96) (61, 61) (90, 90) (67, 67) (7, 7) (72, 72) 
(56, 56) (84, 84) (95, 95) (32, 32) (8, 8) (43, 43) (37, 37) (25, 25) (10, 10) (85, 85) (78, 78) (76, 76) (94, 94) (60, 60) (37, 37) (68, 68) (11, 11) (66, 66) (66, 66) (83, 83) 
(65, 65) (95, 95) (66, 66) (4, 4) (34, 34) (55, 55) (35, 35) (32, 32) (78, 78) (52, 52) (10, 10) (58, 58) (9, 9) (73, 73) (18, 18) (52, 52) (57, 57) (59, 59) (27, 27) (89, 89) 
(31, 31) (81, 81) (45, 45) (21, 21) (74, 74) (7, 7) (43, 43) (35, 35) (23, 23) (63, 63) (12, 12) (92, 92) (78, 78) (9, 9) (30, 30) (22, 22) (19, 19) (70, 70) (4, 4) (17, 17) 
(53, 53) (51, 51) (35, 35) (11, 11) (55, 55) (18, 18) (89, 89) (91, 91) (16, 16) (82, 82) (84, 84) (4, 4) (2, 2) (95, 95) (17, 17) (92, 92) (81, 81) (22, 22) (7, 7) (58, 58) 
(92, 92) (47, 47) (10, 10) (47, 47) (4, 4) (75, 75) (41, 41) (51, 51) (2, 2) (73, 73) (52, 52) (38, 38) (44, 44) (23, 23) (31, 31) (90, 90) (90, 90) (81, 81) (75, 75) (84, 84) 
(31, 31) (20, 20) (32, 32) (54, 54) (10, 10) (96, 96) (6, 6) (81, 81) (73, 73) (75, 75) (95, 95) (81, 81) (31, 31) (81, 81) (90, 90) (33, 33) (64, 64) (96, 96) (21, 21) (1, 1) 
(67, 67) (61, 61) (18, 18) (81, 81) (77, 77) (35, 35) (12, 12) (28, 28) (82, 82) (10, 10) (71, 71) (94, 94) (51, 51) (54, 54) (25, 25) (37, 37) (34, 34) (2, 2) (71, 71) (60, 60) 
(29, 29) (78, 78) (33, 33) (54, 54) (20, 20) (75, 75) (88, 88) (35, 35) (70, 70) (35, 35) (53, 53) (36, 36) (82, 82) (26, 26) (24, 24) (28, 28) (10, 10) (98, 98) (86, 86) (2, 2) 
(30, 30) (2, 2) (96, 96) (66, 66) (3, 3) (81, 81) (4, 4) (53, 53) (12, 12) (36, 36) (61, 61) (78, 78) (25, 25) (75, 75) (44, 44) (12, 12) (81, 81) (23, 23) (41, 41) (87, 87) 
(98, 98) (47, 47) (85, 85) (90, 90) (74, 74) (94, 94) (24, 24) (18, 18) (8, 8) (90, 90) (55, 55) (67, 67) (52, 52) (3, 3) (28, 28) (29, 29) (73, 73) (96, 96) (57, 57) (55, 55) 
(18, 18) (72, 72) (88, 88) (58, 58) (5, 5) (81, 81) (93, 93) (95, 95) (36, 36) (51, 51) (53, 53) (61, 61) (72, 72) (63, 63) (36, 36) (48, 48) (96, 96) (92, 92) (21, 21) (61, 61) 
(55, 55) (45, 45) (91, 91) (24, 24) (77, 77) (71, 71) (12, 12) (91, 91) (68, 68) (55, 55) (88, 88) (76, 76) (89, 89) (14, 14) (92, 92) (64, 64) (66, 66) (13, 13) (48, 48) (57, 57) 
(92, 92) (18, 18) (56, 56) (69, 69) (86, 86) (23, 23) (33, 33) (86, 86) (52, 52) (71, 71) (97, 97) (9, 9) (16, 16) (38, 38) (69, 69) (34, 34) (43, 43) (1, 1) (71, 71) (84, 84) 
(59, 59) (50, 50) (11, 11) (21, 21) (47, 47) (52, 52) (78, 78) (72, 72) (86, 86) (28, 28) (81, 81) (5, 5) (29, 29) (36, 36) (7, 7) (68, 68) (28, 28) (97, 97) (49, 49) (93, 93) 
(34, 34) (20, 20) (32, 32) (90, 90) (59, 59) (53, 53) (92, 92) (1, 1) (8, 8) (10, 10) (10, 10) (25, 25) (8, 8) (53, 53) (25, 25) (79, 79) (85, 85) (28, 28) (10, 10) (33, 33) 
(37, 37) (51, 51) (79, 79) (6, 6) (28, 28) (40, 40) (19, 19) (60, 60) (14, 14) (12, 12) (31, 31) (25, 25) (15, 15) (84, 84) (83, 83) (85, 85) (87, 87) (34, 34) (42, 42) (92, 92) 
(24, 24) (3, 3) (12, 12) (39, 39) (5, 5) (28, 28) (51, 51) (68, 68) (36, 36) (6, 6) (12, 12) (54, 54) (61, 61) (11, 11) (99, 99) (39, 39) (53, 53) (3, 3) (33, 33) (48, 48) 
(38, 38) (81, 81) (84, 84) (12, 12) (36, 36) (96, 96) (67, 67) (46, 46) (90, 90) (78, 78) (22, 22) (83, 83) (85, 85) (97, 97) (50, 50) (78, 78) (91, 91) (83, 83) (49, 49) (31, 31) 
(10, 10) (42, 42) (29, 29) (1, 1) (88, 88) (7, 7) (11, 11) (41, 41) (51, 51) (40, 40) (90, 90) (20, 20) (42, 42) (40, 40) (25, 25) (31, 31) (8, 8) (86, 86) (84, 84) (25, 25) 
(12, 12) (70, 70) (93, 93) (77, 77) (18, 18) (13, 13) (70, 70) (35, 35) (97, 97) (50, 50) (32, 32) (88, 88) (98, 98) (37, 37) (82, 82) (53, 53) (21, 21) (93, 93) (60, 60) (93, 93) 
(14, 14) (85, 85) (21, 21) (25, 25) (72, 72) (38, 38) (43, 43) (68, 68) (38, 38) (18, 18) (35, 35) (49, 49) (99, 99) (48, 48) (87, 87) (11, 11) (16, 16) (96, 96) (36, 36) (84, 84) 
(6, 6) (23, 23) (97, 97) (72, 72) (32, 32) (77, 77) (35, 35) (62, 62) (15, 15) (72, 72) (48, 48) (34, 34) (51, 51) (24, 24) (71, 71) (18, 18) (5, 5) (37, 37) (56, 56) (13, 13) 
(10, 10) (38, 38) (81, 81) (77, 77) (83, 83) (40, 40) (43, 43) (64, 64) (91, 91) (1, 1) (48, 48) (80, 80) (15, 15) (21, 21) (27, 27) (16, 16) (60, 60) (45, 45) (65, 65) (88, 88) 
(20, 20) (4, 4) (79, 79) (87, 87) (27, 27) (84, 84) (20, 20) (46, 46) (91, 91) (9, 9) (24, 24) (98, 98) (28, 28) (2, 2) (76, 76) (22, 22) (88, 88) (67, 67) (32, 32) (37, 37) 
(23, 23) (7, 7) (62, 62) (49, 49) (98, 98) (61, 61) (59, 59) (38, 38) (13, 13) (5, 5) (75, 75) (74, 74) (65, 65) (66, 66) (60, 60) (14, 14) (79, 79) (45, 45) (47, 47) (51, 51) 
(23, 23) (45, 45) (96, 96) (35, 35) (37, 37) (34, 34) (29, 29) (12, 12) (89, 89) (69, 69) (74, 74) (52, 52) (98, 98) (17, 17) (86, 86) (76, 76) (96, 96) (66, 66) (86, 86) (37, 37) 
(74, 74) (99, 99) (9, 9) (9, 9) (74, 74) (83, 83) (3, 3) (96, 96) (44, 44) (23, 23) (3, 3) (18, 18) (3, 3) (45, 45) (38, 38) (24, 24) (91, 91) (36, 36) (22, 22) (15, 15) 
(34, 34) (23, 23) (68, 68) (11, 11) (53, 53) (77, 77) (71, 71) (65, 65) (77, 77) (48, 48) (43, 43) (45, 45) (83, 83) (7, 7) (93, 93) (65, 65) (83, 83) (8, 8) (5, 5) (74, 74) 
(40, 40) (15, 15) (30, 30) (90, 90) (62, 62) (15, 15) (13, 13) (3, 3) (49, 49) (90, 90) (55, 55) (65, 65) (85, 85) (87, 87) (24, 24) (61, 61) (50, 50) (48, 48) (77, 77) (21, 21) 
(42, 42) (91, 91) (70, 70) (8, 8) (45, 45) (24, 24) (63, 63) (86, 86) (16, 16) (68, 68) (57, 57) (18, 18) (60, 60) (81, 81) (3, 3) (17, 17) (68, 68) (97, 97) (42, 42) (54, 54) 
(87, 87) (95, 95) (25, 25) (61, 61) (9, 9) (30, 30) (84, 84) (21, 21) (88, 88) (83, 83) (72, 72) (86, 86) (20, 20) (73, 73) (39, 39) (71, 71) (52, 52) (37, 37) (72, 72) (40, 40) 
(46, 46) (45, 45) (87, 87) (44, 44) (27, 27) (44, 44) (19, 19) (51, 51) (83, 83) (2, 2) (21, 21) (13, 13) (50, 50) (17, 17) (95, 95) (83, 83) (33, 33) (29, 29) (92, 92) (62, 62) 
(22, 22) (73, 73) (35, 35) (4, 4) (22, 22) (99, 99) (99, 99) (65, 65) (54, 54) (72, 72) (59, 59) (98, 98) (44, 44) (19, 19) (23, 23) (95, 95) (87, 87) (69, 69) (68, 68) (57, 57) 
(20, 20) (79, 79) (95, 95) (6, 6) (38, 38) (36, 36) (37, 37) (21, 21) (62, 62) (48, 48) (78, 78) (18, 18) (70, 70) (78, 78) (1, 1) (21, 21) (85, 85) (39, 39) (34, 34) (98, 98) 
(56, 56) (60, 60) (33, 33) (80, 80) (68, 68) (60, 60) (41, 41) (82, 82) (17, 17) (89, 89) (59, 59) (71, 71) (49, 49) (75, 75) (45, 45) (22, 22) (60, 60) (83, 83) (71, 71) (22, 22) 
(72, 72) (72, 72) (11, 11) (15, 15) (72, 72) (65, 65) (56, 56) (77, 77) (68, 68) (17, 17) (59, 59) (17, 17) (68, 68) (69, 69) (71, 71) (60, 60) (39, 39) (42, 42) (78, 78) (62, 62) 
(12, 12) (27, 27) (16, 16) (23, 23) (12, 12) (74, 74) (72, 72) (48, 48) (35, 35) (53, 53) (9, 9) (80, 80) (68, 68) (15, 15) (62, 62) (23, 23) (14, 14) (89, 89) (12, 12) (67, 67) 
(74, 74) (53, 53) (76, 76) (97, 97) (71, 71) (81, 81) (28, 28) (70, 70) (67, 67) (26, 26) (97, 97) (11, 11) (77, 77) (56, 56) (62, 62) (41, 41) (50, 50) (40, 40) (35, 35) (79, 79) 
(75, 75) (3, 3) (32, 32) (10, 10) (93, 93) (2, 2) (63, 63) (4, 4) (4, 4) (18, 18) (85, 85) (28, 28) (55, 55) (80, 80) (59, 59) (74, 74) (51, 51) (74, 74) (20, 20) (46, 46) 
(32, 32) (77, 77) (49, 49) (76, 76) (6, 6) (93, 93) (57, 57) (11, 11) (69, 69) (35, 35) (59, 59) (20, 20) (22, 22) (13, 13) (35, 35) (99, 99) (95, 95) (99, 99) (74, 74) (96, 96) 
(55, 55) (38, 38) (80, 80) (25, 25) (73, 73) (56, 56) (87, 87) (16, 16) (2, 2) (80, 80) (43, 43) (50, 50) (68, 68) (12, 12) (19, 19) (25, 25) (17, 17) (52, 52) (31, 31) (31, 31) 
(53, 53) (69, 69) (57, 57) (98, 98) (48, 48) (26, 26) (30, 30) (20, 20) (74, 74) (47, 47) (99, 99) (78, 78) (97, 97) (94, 94) (80, 80) (74, 74) (42, 42) (2, 2) (46, 46) (32, 32) 
(54, 54) (14, 14) (96, 96) (39, 39) (1, 1) (98, 98) (43, 43) (57, 57) (29, 29) (76, 76) (36, 36) (58, 58) (93, 93) (17, 17) (38, 38) (81, 81) (74, 74) (20, 20) (39, 39) (98, 98) 
(80, 80) (94, 94) (69, 69) (69, 69) (54, 54) (30, 30) (86, 86) (80, 80) (6, 6) (72, 72) (65, 65) (45, 45) (89, 89) (67, 67) (6, 6) (28, 28) (76, 76) (28, 28) (29, 29) (28, 28) 
(1, 1) (74, 74) (8, 8) (96, 96) (20, 20) (7, 7) (26, 26) (25, 25) (18, 18) (84, 84) (29, 29) (92, 92) (18, 18) (38, 38) (93, 93) (8, 8) (32, 32) (67, 67) (81, 81) (17, 17) 
(36, 36) (41, 41) (72, 72) (31, 31) (28, 28) (52, 52) (14, 14) (59, 59) (97, 97) (71, 71) (92, 92) (50, 50) (4, 4) (96, 96) (6, 6) (99, 99) (1, 1) (70, 70) (58, 58) (92, 92) 
(24, 24) (81, 81) (84, 84) (57, 57) (59, 59) (94, 94) (31, 31) (98, 98) (37, 37) (64, 64) (69, 69) (56, 56) (71, 71) (23, 23) (30, 30) (97, 97) (86, 86) (29, 29) (16, 16) (75, 75) 
(33, 33) (81, 81) (58, 58) (81, 81) (2, 2) (25, 25) (17, 17) (1, 1) (72, 72) (33, 33) (18, 18) (22, 22) (44, 44) (28, 28) (69, 69) (92, 92) (90, 90) (43, 43) (53, 53) (76, 76) 
