NUMERO DE TRABAJOS
50
NUMERO DE RECURSOS
20
SECUENCIA DE MAQUINAS
15 2 17 11 3 19 5 14 7 10 18 1 12 9 13 4 6 16 0 8 
10 18 14 1 9 6 5 16 11 19 0 4 3 2 15 17 7 13 8 12 
16 12 8 3 6 9 18 19 4 10 13 11 5 14 15 1 0 17 2 7 
8 12 6 19 4 5 14 2 11 16 18 10 0 17 9 13 1 7 15 3 
18 16 17 3 8 14 15 5 1 9 19 13 11 0 2 6 4 12 10 7 
7 3 12 16 10 18 6 4 9 19 15 11 0 17 2 5 14 13 8 1 
18 19 7 5 10 16 15 6 13 17 1 2 14 12 3 9 4 8 11 0 
15 13 8 19 6 11 3 0 18 9 16 1 2 12 7 4 14 10 5 17 
1 0 18 6 17 16 5 13 10 15 9 19 4 12 14 2 3 8 7 11 
18 2 17 0 5 1 13 9 10 11 7 6 12 14 3 15 8 16 4 19 
10 1 5 3 19 2 4 18 15 13 6 12 9 0 7 8 11 14 17 16 
11 14 6 2 9 4 0 1 8 7 18 13 19 15 16 17 3 5 12 10 
16 0 13 11 2 8 5 9 4 7 15 14 18 10 12 19 3 6 1 17 
7 0 13 5 14 9 3 15 4 8 11 12 19 17 16 2 1 6 10 18 
3 11 10 6 8 5 17 9 14 12 2 16 18 7 1 15 19 4 13 0 
13 14 17 11 16 5 2 3 6 1 18 9 15 12 0 4 19 8 10 7 
8 13 10 7 9 12 2 14 6 18 11 1 4 19 17 3 0 16 5 15 
7 16 2 6 3 5 1 0 9 13 14 12 18 4 10 11 15 19 17 8 
17 7 1 16 18 9 10 11 6 2 15 5 3 19 14 12 4 13 8 0 
12 6 16 11 8 14 0 19 1 2 10 3 18 17 7 9 13 5 15 4 
13 3 7 1 6 19 16 11 14 17 2 18 4 10 8 15 0 5 9 12 
1 12 18 5 19 2 14 17 10 3 9 4 13 11 0 6 15 7 8 16 
6 4 8 11 17 13 5 12 1 9 15 10 2 0 19 3 16 18 14 7 
4 7 5 19 12 9 15 1 17 6 16 18 14 0 13 3 10 11 2 8 
10 2 0 13 4 16 12 1 7 15 5 9 3 6 18 14 17 8 11 19 
11 14 7 16 3 10 6 13 4 2 0 15 5 18 1 9 17 8 12 19 
4 16 8 3 0 17 5 12 2 7 9 18 14 10 13 19 11 6 1 15 
16 5 7 10 8 17 14 0 13 18 15 12 1 6 11 19 2 4 9 3 
12 8 7 17 2 4 9 18 1 5 10 13 11 19 0 15 14 16 6 3 
15 3 16 19 6 11 8 0 12 5 9 4 18 1 7 13 2 10 17 14 
13 9 1 0 8 11 5 10 17 18 16 2 14 19 4 3 7 6 12 15 
11 16 4 17 18 6 3 13 12 19 14 15 1 7 0 5 9 10 8 2 
1 3 9 0 5 17 8 7 13 11 18 10 16 4 6 2 12 19 15 14 
15 0 10 4 2 8 6 12 13 7 18 3 16 11 14 5 19 17 1 9 
7 3 13 1 12 2 9 15 8 14 6 10 11 4 0 18 5 16 17 19 
18 6 3 9 10 13 12 5 7 19 15 1 8 17 11 4 0 14 2 16 
15 13 4 0 2 10 3 8 19 9 17 11 18 6 1 7 5 16 12 14 
7 19 18 16 8 12 4 6 0 14 9 2 15 5 3 1 13 10 11 17 
17 7 19 16 2 13 18 11 0 1 3 10 15 6 9 4 8 12 14 5 
9 18 2 4 1 10 17 5 0 8 3 15 12 6 16 11 19 7 14 13 
7 18 1 9 5 13 16 11 19 14 2 15 3 17 8 12 6 4 0 10 
5 4 10 16 7 1 2 11 0 13 8 14 6 19 3 18 9 17 15 12 
2 13 10 6 1 15 18 7 12 19 11 3 5 16 0 14 8 17 4 9 
2 13 17 0 19 7 12 6 10 3 1 18 4 11 16 8 14 5 15 9 
7 5 14 16 1 17 15 6 8 12 4 18 2 11 19 10 0 9 13 3 
11 16 2 7 19 3 14 4 6 8 5 17 10 15 12 13 9 1 0 18 
2 15 4 18 3 12 6 9 19 8 5 0 13 10 7 11 14 16 17 1 
18 17 19 1 3 14 13 15 8 0 5 7 10 12 4 11 9 6 2 16 
17 4 6 16 15 11 12 8 10 1 2 3 7 13 14 5 0 9 18 19 
7 15 6 3 12 9 8 0 2 18 17 11 10 16 5 4 13 14 1 19 
DURACIONES
(37, 37) (64, 64) (15, 15) (52, 52) (71, 71) (38, 38) (53, 53) (70, 70) (76, 76) (76, 76) (61, 61) (10, 10) (51, 51) (59, 59) (12, 12) (74, 74) (61, 61) (52, 52) (68, 68) (19, 19) 
(79, 79) (71, 71) (32, 32) (18, 18) (9, 9) (99, 99) (85, 85) (94, 94) (41, 41) (1, 1) (18, 18) (98, 98) (2, 2) (47, 47) (57, 57) (44, 44) (25, 25) (48, 48) (12, 12) (24, 24) 
(50, 50) (55, 55) (25, 25) (24, 24) (43, 43) (64, 64) (40, 40) (37, 37) (30, 30) (71, 71) (64, 64) (13, 13) (33, 33) (26, 26) (42, 42) (64, 64) (55, 55) (76, 76) (17, 17) (8, 8) 
(31, 31) (22, 22) (38, 38) (9, 9) (84, 84) (68, 68) (35, 35) (94, 94) (79, 79) (79, 79) (40, 40) (39, 39) (9, 9) (36, 36) (82, 82) (39, 39) (33, 33) (43, 43) (86, 86) (74, 74) 
(17, 17) (73, 73) (55, 55) (30, 30) (28, 28) (35, 35) (72, 72) (30, 30) (50, 50) (3, 3) (84, 84) (72, 72) (4, 4) (73, 73) (54, 54) (15, 15) (64, 64) (43, 43) (10, 10) (80, 80) 
(55, 55) (13, 13) (64, 64) (94, 94) (89, 89) (21, 21) (31, 31) (82, 82) (54, 54) (16, 16) (8, 8) (99, 99) (70, 70) (22, 22) (89, 89) (65, 65) (56, 56) (92, 92) (15, 15) (77, 77) 
(41, 41) (4, 4) (42, 42) (81, 81) (82, 82) (56, 56) (79, 79) (97, 97) (47, 47) (91, 91) (48, 48) (86, 86) (28, 28) (80, 80) (89, 89) (91, 91) (44, 44) (67, 67) (67, 67) (53, 53) 
(27, 27) (96, 96) (43, 43) (23, 23) (50, 50) (78, 78) (46, 46) (13, 13) (54, 54) (20, 20) (37, 37) (22, 22) (13, 13) (53, 53) (4, 4) (53, 53) (7, 7) (53, 53) (56, 56) (4, 4) 
(28, 28) (83, 83) (63, 63) (76, 76) (2, 2) (11, 11) (16, 16) (55, 55) (78, 78) (55, 55) (77, 77) (32, 32) (27, 27) (46, 46) (17, 17) (45, 45) (40, 40) (94, 94) (10, 10) (12, 12) 
(59, 59) (81, 81) (85, 85) (87, 87) (37, 37) (30, 30) (32, 32) (10, 10) (72, 72) (99, 99) (23, 23) (32, 32) (27, 27) (32, 32) (77, 77) (6, 6) (60, 60) (85, 85) (79, 79) (66, 66) 
(89, 89) (8, 8) (85, 85) (49, 49) (54, 54) (13, 13) (32, 32) (33, 33) (53, 53) (76, 76) (83, 83) (75, 75) (29, 29) (79, 79) (65, 65) (50, 50) (37, 37) (18, 18) (36, 36) (46, 46) 
(51, 51) (5, 5) (6, 6) (64, 64) (33, 33) (14, 14) (42, 42) (12, 12) (92, 92) (68, 68) (94, 94) (29, 29) (89, 89) (40, 40) (10, 10) (43, 43) (8, 8) (82, 82) (88, 88) (86, 86) 
(7, 7) (85, 85) (12, 12) (56, 56) (61, 61) (6, 6) (77, 77) (64, 64) (40, 40) (13, 13) (86, 86) (38, 38) (89, 89) (98, 98) (42, 42) (93, 93) (86, 86) (97, 97) (33, 33) (22, 22) 
(86, 86) (45, 45) (99, 99) (80, 80) (8, 8) (76, 76) (42, 42) (14, 14) (81, 81) (85, 85) (88, 88) (16, 16) (48, 48) (23, 23) (27, 27) (49, 49) (42, 42) (5, 5) (61, 61) (26, 26) 
(36, 36) (60, 60) (80, 80) (34, 34) (30, 30) (53, 53) (91, 91) (2, 2) (89, 89) (31, 31) (61, 61) (35, 35) (69, 69) (28, 28) (16, 16) (70, 70) (88, 88) (1, 1) (97, 97) (33, 33) 
(48, 48) (21, 21) (64, 64) (50, 50) (79, 79) (26, 26) (20, 20) (11, 11) (16, 16) (3, 3) (61, 61) (29, 29) (97, 97) (66, 66) (98, 98) (51, 51) (54, 54) (50, 50) (96, 96) (33, 33) 
(61, 61) (16, 16) (30, 30) (30, 30) (96, 96) (35, 35) (20, 20) (63, 63) (61, 61) (15, 15) (45, 45) (63, 63) (66, 66) (61, 61) (70, 70) (75, 75) (89, 89) (97, 97) (17, 17) (60, 60) 
(78, 78) (41, 41) (9, 9) (8, 8) (26, 26) (69, 69) (55, 55) (30, 30) (7, 7) (27, 27) (59, 59) (33, 33) (18, 18) (77, 77) (57, 57) (90, 90) (24, 24) (41, 41) (6, 6) (71, 71) 
(61, 61) (27, 27) (46, 46) (30, 30) (46, 46) (15, 15) (24, 24) (99, 99) (44, 44) (1, 1) (16, 16) (11, 11) (15, 15) (38, 38) (54, 54) (13, 13) (73, 73) (68, 68) (85, 85) (54, 54) 
(14, 14) (33, 33) (65, 65) (97, 97) (74, 74) (55, 55) (18, 18) (76, 76) (74, 74) (70, 70) (78, 78) (15, 15) (40, 40) (22, 22) (56, 56) (68, 68) (31, 31) (53, 53) (19, 19) (89, 89) 
(61, 61) (97, 97) (92, 92) (64, 64) (89, 89) (51, 51) (68, 68) (83, 83) (21, 21) (5, 5) (5, 5) (85, 85) (67, 67) (94, 94) (97, 97) (71, 71) (39, 39) (58, 58) (30, 30) (82, 82) 
(82, 82) (20, 20) (82, 82) (14, 14) (71, 71) (91, 91) (61, 61) (19, 19) (67, 67) (78, 78) (53, 53) (56, 56) (40, 40) (51, 51) (46, 46) (95, 95) (38, 38) (12, 12) (9, 9) (90, 90) 
(97, 97) (90, 90) (34, 34) (99, 99) (28, 28) (84, 84) (65, 65) (57, 57) (29, 29) (87, 87) (13, 13) (23, 23) (51, 51) (88, 88) (36, 36) (7, 7) (34, 34) (18, 18) (59, 59) (96, 96) 
(19, 19) (85, 85) (91, 91) (30, 30) (69, 69) (2, 2) (96, 96) (21, 21) (81, 81) (32, 32) (79, 79) (46, 46) (92, 92) (88, 88) (3, 3) (20, 20) (53, 53) (21, 21) (57, 57) (20, 20) 
(9, 9) (5, 5) (50, 50) (26, 26) (67, 67) (64, 64) (34, 34) (73, 73) (29, 29) (56, 56) (7, 7) (70, 70) (54, 54) (47, 47) (82, 82) (30, 30) (17, 17) (92, 92) (2, 2) (23, 23) 
(41, 41) (79, 79) (72, 72) (88, 88) (1, 1) (64, 64) (99, 99) (32, 32) (55, 55) (80, 80) (28, 28) (87, 87) (65, 65) (36, 36) (72, 72) (5, 5) (13, 13) (56, 56) (32, 32) (72, 72) 
(56, 56) (85, 85) (52, 52) (64, 64) (60, 60) (81, 81) (44, 44) (43, 43) (9, 9) (4, 4) (61, 61) (24, 24) (62, 62) (56, 56) (17, 17) (9, 9) (29, 29) (45, 45) (63, 63) (7, 7) 
(64, 64) (68, 68) (94, 94) (46, 46) (16, 16) (10, 10) (81, 81) (19, 19) (91, 91) (75, 75) (95, 95) (21, 21) (50, 50) (82, 82) (2, 2) (73, 73) (55, 55) (93, 93) (39, 39) (35, 35) 
(69, 69) (65, 65) (25, 25) (51, 51) (28, 28) (76, 76) (1, 1) (3, 3) (6, 6) (74, 74) (11, 11) (59, 59) (91, 91) (10, 10) (35, 35) (8, 8) (27, 27) (35, 35) (28, 28) (97, 97) 
(41, 41) (45, 45) (53, 53) (13, 13) (92, 92) (56, 56) (42, 42) (48, 48) (67, 67) (97, 97) (80, 80) (57, 57) (80, 80) (10, 10) (90, 90) (26, 26) (68, 68) (35, 35) (84, 84) (99, 99) 
(43, 43) (68, 68) (28, 28) (76, 76) (32, 32) (20, 20) (89, 89) (28, 28) (46, 46) (17, 17) (41, 41) (32, 32) (37, 37) (32, 32) (48, 48) (47, 47) (32, 32) (2, 2) (26, 26) (37, 37) 
(83, 83) (8, 8) (5, 5) (24, 24) (69, 69) (69, 69) (93, 93) (54, 54) (90, 90) (15, 15) (63, 63) (71, 71) (84, 84) (78, 78) (62, 62) (84, 84) (99, 99) (82, 82) (30, 30) (51, 51) 
(69, 69) (64, 64) (75, 75) (23, 23) (93, 93) (48, 48) (11, 11) (18, 18) (89, 89) (96, 96) (70, 70) (99, 99) (52, 52) (70, 70) (23, 23) (85, 85) (50, 50) (81, 81) (17, 17) (5, 5) 
(87, 87) (55, 55) (48, 48) (85, 85) (17, 17) (79, 79) (73, 73) (19, 19) (22, 22) (37, 37) (12, 12) (19, 19) (9, 9) (5, 5) (4, 4) (85, 85) (88, 88) (46, 46) (10, 10) (4, 4) 
(86, 86) (36, 36) (90, 90) (63, 63) (48, 48) (4, 4) (15, 15) (15, 15) (15, 15) (39, 39) (73, 73) (89, 89) (58, 58) (80, 80) (71, 71) (54, 54) (25, 25) (41, 41) (84, 84) (73, 73) 
(42, 42) (48, 48) (88, 88) (71, 71) (68, 68) (25, 25) (33, 33) (88, 88) (62, 62) (51, 51) (49, 49) (76, 76) (22, 22) (47, 47) (63, 63) (61, 61) (16, 16) (10, 10) (94, 94) (47, 47) 
(32, 32) (41, 41) (99, 99) (48, 48) (82, 82) (52, 52) (46, 46) (67, 67) (63, 63) (16, 16) (24, 24) (32, 32) (88, 88) (74, 74) (13, 13) (24, 24) (82, 82) (28, 28) (74, 74) (14, 14) 
(56, 56) (60, 60) (70, 70) (93, 93) (22, 22) (62, 62) (50, 50) (2, 2) (15, 15) (99, 99) (20, 20) (45, 45) (6, 6) (81, 81) (13, 13) (51, 51) (12, 12) (12, 12) (55, 55) (35, 35) 
(46, 46) (12, 12) (92, 92) (23, 23) (99, 99) (11, 11) (99, 99) (88, 88) (22, 22) (18, 18) (29, 29) (53, 53) (56, 56) (56, 56) (43, 43) (53, 53) (10, 10) (41, 41) (61, 61) (12, 12) 
(49, 49) (48, 48) (25, 25) (40, 40) (20, 20) (10, 10) (96, 96) (8, 8) (48, 48) (91, 91) (88, 88) (30, 30) (90, 90) (53, 53) (25, 25) (32, 32) (43, 43) (50, 50) (3, 3) (4, 4) 
(90, 90) (42, 42) (20, 20) (12, 12) (61, 61) (89, 89) (2, 2) (57, 57) (26, 26) (77, 77) (32, 32) (41, 41) (89, 89) (45, 45) (55, 55) (37, 37) (66, 66) (11, 11) (1, 1) (55, 55) 
(22, 22) (39, 39) (26, 26) (85, 85) (61, 61) (54, 54) (27, 27) (25, 25) (31, 31) (47, 47) (54, 54) (16, 16) (77, 77) (29, 29) (71, 71) (24, 24) (86, 86) (68, 68) (21, 21) (40, 40) 
(63, 63) (25, 25) (19, 19) (97, 97) (61, 61) (71, 71) (76, 76) (52, 52) (18, 18) (27, 27) (97, 97) (74, 74) (16, 16) (10, 10) (72, 72) (61, 61) (48, 48) (96, 96) (83, 83) (98, 98) 
(14, 14) (23, 23) (81, 81) (53, 53) (83, 83) (93, 93) (86, 86) (45, 45) (71, 71) (9, 9) (94, 94) (91, 91) (90, 90) (34, 34) (75, 75) (1, 1) (73, 73) (83, 83) (75, 75) (68, 68) 
(18, 18) (64, 64) (22, 22) (33, 33) (9, 9) (57, 57) (42, 42) (1, 1) (9, 9) (45, 45) (20, 20) (24, 24) (68, 68) (86, 86) (59, 59) (90, 90) (56, 56) (41, 41) (39, 39) (43, 43) 
(45, 45) (67, 67) (45, 45) (18, 18) (69, 69) (26, 26) (38, 38) (1, 1) (71, 71) (64, 64) (29, 29) (77, 77) (50, 50) (23, 23) (24, 24) (67, 67) (80, 80) (89, 89) (96, 96) (21, 21) 
(39, 39) (45, 45) (60, 60) (65, 65) (67, 67) (91, 91) (99, 99) (96, 96) (3, 3) (11, 11) (1, 1) (14, 14) (94, 94) (9, 9) (13, 13) (82, 82) (8, 8) (58, 58) (13, 13) (76, 76) 
(57, 57) (50, 50) (55, 55) (54, 54) (46, 46) (52, 52) (44, 44) (3, 3) (71, 71) (80, 80) (7, 7) (66, 66) (25, 25) (5, 5) (44, 44) (44, 44) (76, 76) (83, 83) (38, 38) (94, 94) 
(69, 69) (32, 32) (47, 47) (61, 61) (71, 71) (39, 39) (56, 56) (69, 69) (32, 32) (60, 60) (22, 22) (68, 68) (18, 18) (9, 9) (76, 76) (44, 44) (39, 39) (22, 22) (16, 16) (95, 95) 
(48, 48) (92, 92) (62, 62) (48, 48) (93, 93) (27, 27) (80, 80) (48, 48) (85, 85) (62, 62) (24, 24) (67, 67) (88, 88) (29, 29) (5, 5) (3, 3) (77, 77) (47, 47) (13, 13) (60, 60) 
