NUMERO DE TRABAJOS
50
NUMERO DE RECURSOS
20
SECUENCIA DE MAQUINAS
4 3 18 17 12 13 14 6 7 11 1 5 16 8 9 15 10 0 19 2 
13 5 14 18 1 19 11 6 3 7 2 8 4 10 15 12 17 9 0 16 
5 3 18 15 11 19 12 1 6 17 4 13 14 0 9 8 10 7 2 16 
13 9 6 0 7 8 1 3 15 10 5 18 2 16 4 19 11 12 17 14 
1 11 19 18 0 8 4 7 5 2 6 13 15 16 9 17 10 14 12 3 
5 9 6 13 8 17 10 19 18 4 14 11 3 12 2 16 15 1 0 7 
8 0 4 15 2 14 18 16 11 17 6 7 5 3 13 9 10 1 19 12 
5 13 1 6 17 8 0 7 10 16 15 12 2 19 14 18 11 9 4 3 
16 15 18 2 14 0 12 6 3 11 9 17 19 13 5 8 7 1 4 10 
18 12 9 5 11 6 19 14 1 4 17 16 3 8 13 15 10 2 7 0 
2 3 13 0 9 7 19 17 8 1 14 18 6 16 5 15 12 10 4 11 
7 14 16 5 19 8 1 3 11 0 17 15 2 9 18 13 10 12 6 4 
10 17 11 9 19 1 15 4 18 14 7 16 12 2 5 0 13 8 6 3 
8 2 17 19 10 14 13 16 12 11 6 18 3 9 5 0 4 7 1 15 
10 11 7 18 17 14 16 1 9 8 2 12 3 19 15 5 4 0 13 6 
5 11 9 18 12 8 2 14 1 15 7 6 16 0 4 10 19 17 3 13 
12 7 16 5 6 15 17 0 13 8 19 10 2 4 18 14 9 3 1 11 
9 4 17 14 10 0 18 2 13 16 6 19 12 8 3 7 11 1 15 5 
5 13 1 14 0 6 19 3 7 10 9 4 11 18 17 2 15 16 8 12 
4 0 13 2 1 3 15 12 11 6 9 18 5 8 19 16 17 14 7 10 
10 1 15 17 9 6 18 4 19 7 13 5 3 11 0 14 8 12 2 16 
10 11 13 7 4 17 3 9 19 14 6 2 15 16 12 18 8 5 1 0 
7 4 5 12 9 13 3 17 11 16 8 19 10 14 18 6 15 0 2 1 
18 6 19 9 17 10 14 15 16 0 11 5 13 7 2 3 12 1 8 4 
6 15 7 14 5 8 2 9 17 11 19 12 10 1 18 16 13 3 0 4 
9 4 7 18 5 1 13 10 15 3 2 19 12 11 17 14 0 6 16 8 
16 19 13 18 1 3 9 8 12 11 10 0 15 7 2 5 4 6 17 14 
7 4 17 12 15 1 3 5 11 14 8 13 19 10 18 6 9 16 2 0 
16 8 12 19 18 7 4 13 6 14 17 3 10 1 9 11 0 2 15 5 
14 4 12 19 17 9 18 8 5 13 6 2 10 15 1 11 3 0 7 16 
15 8 17 9 19 18 10 0 5 7 6 13 12 3 4 11 1 14 16 2 
16 9 12 13 6 5 11 18 17 4 10 0 3 15 1 7 8 14 19 2 
16 10 7 15 9 3 14 5 1 11 12 18 2 19 4 0 17 6 8 13 
10 6 18 14 2 7 17 8 5 1 4 15 12 3 11 13 9 0 19 16 
16 3 2 11 7 14 9 15 1 6 10 18 0 19 5 13 8 17 12 4 
4 13 3 15 19 10 18 11 14 16 1 2 9 6 5 7 8 12 17 0 
4 3 18 2 0 17 14 8 15 13 9 16 1 5 19 11 10 7 12 6 
12 14 5 2 3 9 7 11 13 10 4 18 0 15 1 16 8 17 19 6 
13 0 11 8 18 17 10 19 16 15 6 1 5 4 14 2 12 9 3 7 
3 0 13 8 5 1 7 4 17 11 10 12 2 19 16 9 14 6 15 18 
7 19 15 5 3 1 12 11 4 0 8 16 17 2 10 18 9 6 14 13 
9 19 8 3 17 10 16 13 11 14 0 15 1 12 7 4 2 6 18 5 
19 13 11 6 2 12 7 14 0 15 8 17 16 18 1 3 5 9 10 4 
8 10 17 16 18 9 15 1 5 6 2 3 7 0 19 12 11 13 4 14 
11 8 10 7 0 15 5 17 19 18 16 2 3 14 6 9 1 13 4 12 
11 14 13 1 9 5 7 18 4 2 19 15 0 17 12 6 16 10 3 8 
6 15 19 16 5 12 11 4 0 2 3 8 10 7 1 17 14 18 9 13 
12 15 14 3 1 2 9 11 16 6 10 17 8 18 4 13 0 5 19 7 
6 9 10 11 12 18 0 4 1 2 13 8 16 7 3 14 5 19 15 17 
3 2 8 19 15 13 6 4 14 16 10 5 17 7 11 18 1 9 12 0 
DURACIONES
(8, 8) (41, 41) (4, 4) (52, 52) (47, 47) (67, 67) (65, 65) (18, 18) (73, 73) (10, 10) (70, 70) (66, 66) (64, 64) (53, 53) (34, 34) (28, 28) (74, 74) (40, 40) (8, 8) (30, 30) 
(37, 37) (91, 91) (97, 97) (6, 6) (48, 48) (90, 90) (32, 32) (12, 12) (93, 93) (15, 15) (33, 33) (5, 5) (2, 2) (11, 11) (96, 96) (16, 16) (82, 82) (49, 49) (48, 48) (81, 81) 
(11, 11) (70, 70) (4, 4) (92, 92) (18, 18) (41, 41) (77, 77) (5, 5) (49, 49) (94, 94) (32, 32) (67, 67) (2, 2) (16, 16) (21, 21) (69, 69) (89, 89) (32, 32) (6, 6) (33, 33) 
(87, 87) (3, 3) (82, 82) (44, 44) (16, 16) (54, 54) (9, 9) (49, 49) (28, 28) (70, 70) (85, 85) (34, 34) (53, 53) (37, 37) (59, 59) (66, 66) (41, 41) (96, 96) (84, 84) (54, 54) 
(1, 1) (31, 31) (73, 73) (35, 35) (81, 81) (84, 84) (34, 34) (53, 53) (73, 73) (30, 30) (63, 63) (76, 76) (62, 62) (14, 14) (30, 30) (31, 31) (89, 89) (28, 28) (92, 92) (3, 3) 
(64, 64) (46, 46) (81, 81) (38, 38) (46, 46) (69, 69) (10, 10) (27, 27) (36, 36) (94, 94) (53, 53) (31, 31) (15, 15) (59, 59) (31, 31) (6, 6) (1, 1) (28, 28) (43, 43) (92, 92) 
(27, 27) (78, 78) (10, 10) (19, 19) (89, 89) (91, 91) (42, 42) (13, 13) (75, 75) (2, 2) (36, 36) (14, 14) (59, 59) (14, 14) (9, 9) (34, 34) (3, 3) (85, 85) (44, 44) (94, 94) 
(8, 8) (90, 90) (38, 38) (23, 23) (69, 69) (34, 34) (13, 13) (62, 62) (38, 38) (74, 74) (67, 67) (45, 45) (62, 62) (32, 32) (86, 86) (59, 59) (84, 84) (66, 66) (37, 37) (52, 52) 
(45, 45) (30, 30) (23, 23) (7, 7) (92, 92) (72, 72) (34, 34) (63, 63) (68, 68) (36, 36) (75, 75) (10, 10) (27, 27) (89, 89) (31, 31) (88, 88) (46, 46) (36, 36) (71, 71) (23, 23) 
(72, 72) (36, 36) (5, 5) (98, 98) (38, 38) (99, 99) (92, 92) (92, 92) (63, 63) (20, 20) (42, 42) (77, 77) (71, 71) (3, 3) (80, 80) (95, 95) (84, 84) (32, 32) (32, 32) (66, 66) 
(63, 63) (15, 15) (66, 66) (16, 16) (51, 51) (26, 26) (24, 24) (78, 78) (54, 54) (66, 66) (51, 51) (30, 30) (37, 37) (72, 72) (77, 77) (11, 11) (33, 33) (30, 30) (36, 36) (24, 24) 
(78, 78) (75, 75) (35, 35) (10, 10) (81, 81) (1, 1) (28, 28) (58, 58) (80, 80) (61, 61) (52, 52) (74, 74) (17, 17) (11, 11) (64, 64) (69, 69) (27, 27) (92, 92) (79, 79) (89, 89) 
(25, 25) (19, 19) (53, 53) (36, 36) (53, 53) (27, 27) (8, 8) (23, 23) (86, 86) (31, 31) (2, 2) (95, 95) (53, 53) (29, 29) (35, 35) (28, 28) (1, 1) (71, 71) (57, 57) (56, 56) 
(11, 11) (56, 56) (64, 64) (45, 45) (96, 96) (94, 94) (48, 48) (79, 79) (48, 48) (58, 58) (32, 32) (58, 58) (13, 13) (95, 95) (39, 39) (21, 21) (18, 18) (83, 83) (45, 45) (69, 69) 
(88, 88) (25, 25) (9, 9) (83, 83) (12, 12) (79, 79) (41, 41) (89, 89) (93, 93) (46, 46) (24, 24) (41, 41) (59, 59) (56, 56) (19, 19) (12, 12) (34, 34) (80, 80) (81, 81) (51, 51) 
(22, 22) (49, 49) (73, 73) (59, 59) (48, 48) (76, 76) (78, 78) (69, 69) (66, 66) (27, 27) (73, 73) (46, 46) (42, 42) (53, 53) (62, 62) (39, 39) (15, 15) (4, 4) (76, 76) (53, 53) 
(96, 96) (91, 91) (71, 71) (60, 60) (60, 60) (60, 60) (44, 44) (18, 18) (82, 82) (90, 90) (77, 77) (93, 93) (24, 24) (6, 6) (77, 77) (56, 56) (82, 82) (15, 15) (85, 85) (41, 41) 
(4, 4) (8, 8) (10, 10) (4, 4) (23, 23) (17, 17) (33, 33) (50, 50) (24, 24) (12, 12) (29, 29) (65, 65) (43, 43) (68, 68) (66, 66) (82, 82) (22, 22) (89, 89) (58, 58) (25, 25) 
(4, 4) (14, 14) (62, 62) (43, 43) (49, 49) (18, 18) (91, 91) (83, 83) (53, 53) (35, 35) (79, 79) (62, 62) (42, 42) (17, 17) (62, 62) (39, 39) (76, 76) (43, 43) (9, 9) (39, 39) 
(1, 1) (98, 98) (77, 77) (28, 28) (3, 3) (8, 8) (43, 43) (53, 53) (4, 4) (80, 80) (81, 81) (98, 98) (61, 61) (91, 91) (32, 32) (65, 65) (52, 52) (29, 29) (49, 49) (1, 1) 
(40, 40) (89, 89) (65, 65) (30, 30) (23, 23) (47, 47) (97, 97) (28, 28) (3, 3) (5, 5) (4, 4) (85, 85) (34, 34) (24, 24) (87, 87) (63, 63) (54, 54) (54, 54) (27, 27) (95, 95) 
(50, 50) (24, 24) (37, 37) (99, 99) (14, 14) (99, 99) (25, 25) (64, 64) (73, 73) (64, 64) (24, 24) (86, 86) (10, 10) (76, 76) (56, 56) (81, 81) (62, 62) (49, 49) (19, 19) (78, 78) 
(73, 73) (76, 76) (31, 31) (4, 4) (10, 10) (24, 24) (67, 67) (57, 57) (25, 25) (72, 72) (30, 30) (31, 31) (79, 79) (13, 13) (41, 41) (85, 85) (79, 79) (61, 61) (45, 45) (3, 3) 
(72, 72) (49, 49) (50, 50) (95, 95) (81, 81) (80, 80) (50, 50) (41, 41) (48, 48) (68, 68) (15, 15) (29, 29) (68, 68) (83, 83) (72, 72) (25, 25) (56, 56) (19, 19) (80, 80) (60, 60) 
(68, 68) (30, 30) (38, 38) (23, 23) (5, 5) (65, 65) (1, 1) (18, 18) (61, 61) (51, 51) (44, 44) (64, 64) (98, 98) (99, 99) (64, 64) (87, 87) (90, 90) (66, 66) (99, 99) (7, 7) 
(94, 94) (60, 60) (19, 19) (40, 40) (46, 46) (7, 7) (7, 7) (86, 86) (32, 32) (3, 3) (25, 25) (89, 89) (59, 59) (69, 69) (89, 89) (65, 65) (9, 9) (77, 77) (35, 35) (42, 42) 
(93, 93) (83, 83) (79, 79) (36, 36) (15, 15) (44, 44) (45, 45) (11, 11) (47, 47) (2, 2) (84, 84) (51, 51) (26, 26) (62, 62) (54, 54) (71, 71) (86, 86) (64, 64) (61, 61) (38, 38) 
(88, 88) (37, 37) (37, 37) (36, 36) (59, 59) (14, 14) (89, 89) (93, 93) (6, 6) (47, 47) (44, 44) (1, 1) (82, 82) (84, 84) (50, 50) (21, 21) (4, 4) (20, 20) (98, 98) (37, 37) 
(65, 65) (4, 4) (98, 98) (29, 29) (22, 22) (1, 1) (70, 70) (89, 89) (73, 73) (5, 5) (15, 15) (33, 33) (23, 23) (63, 63) (20, 20) (28, 28) (31, 31) (62, 62) (90, 90) (53, 53) 
(5, 5) (51, 51) (90, 90) (91, 91) (24, 24) (98, 98) (31, 31) (90, 90) (3, 3) (56, 56) (5, 5) (41, 41) (75, 75) (57, 57) (49, 49) (75, 75) (1, 1) (66, 66) (65, 65) (58, 58) 
(85, 85) (43, 43) (95, 95) (42, 42) (50, 50) (32, 32) (37, 37) (8, 8) (68, 68) (82, 82) (78, 78) (11, 11) (45, 45) (32, 32) (66, 66) (41, 41) (53, 53) (91, 91) (65, 65) (88, 88) 
(87, 87) (16, 16) (43, 43) (86, 86) (67, 67) (82, 82) (70, 70) (65, 65) (56, 56) (53, 53) (22, 22) (17, 17) (94, 94) (61, 61) (69, 69) (73, 73) (33, 33) (69, 69) (36, 36) (64, 64) 
(85, 85) (6, 6) (31, 31) (23, 23) (33, 33) (4, 4) (69, 69) (61, 61) (50, 50) (27, 27) (25, 25) (10, 10) (26, 26) (26, 26) (42, 42) (9, 9) (72, 72) (30, 30) (91, 91) (83, 83) 
(44, 44) (77, 77) (51, 51) (49, 49) (37, 37) (20, 20) (69, 69) (95, 95) (84, 84) (43, 43) (86, 86) (86, 86) (57, 57) (29, 29) (70, 70) (94, 94) (38, 38) (39, 39) (61, 61) (60, 60) 
(37, 37) (22, 22) (56, 56) (88, 88) (95, 95) (19, 19) (92, 92) (64, 64) (25, 25) (69, 69) (37, 37) (9, 9) (82, 82) (67, 67) (90, 90) (52, 52) (64, 64) (25, 25) (62, 62) (39, 39) 
(68, 68) (36, 36) (85, 85) (37, 37) (66, 66) (31, 31) (35, 35) (97, 97) (76, 76) (22, 22) (45, 45) (80, 80) (90, 90) (48, 48) (5, 5) (56, 56) (50, 50) (66, 66) (54, 54) (53, 53) 
(86, 86) (21, 21) (36, 36) (42, 42) (67, 67) (38, 38) (28, 28) (58, 58) (41, 41) (1, 1) (67, 67) (45, 45) (25, 25) (18, 18) (12, 12) (71, 71) (49, 49) (28, 28) (21, 21) (52, 52) 
(93, 93) (97, 97) (35, 35) (71, 71) (62, 62) (49, 49) (81, 81) (60, 60) (64, 64) (50, 50) (33, 33) (39, 39) (7, 7) (44, 44) (53, 53) (20, 20) (96, 96) (49, 49) (23, 23) (70, 70) 
(15, 15) (22, 22) (40, 40) (12, 12) (19, 19) (5, 5) (32, 32) (85, 85) (48, 48) (46, 46) (97, 97) (4, 4) (97, 97) (95, 95) (90, 90) (2, 2) (69, 69) (95, 95) (68, 68) (18, 18) 
(52, 52) (57, 57) (67, 67) (67, 67) (91, 91) (82, 82) (86, 86) (29, 29) (8, 8) (35, 35) (65, 65) (13, 13) (92, 92) (28, 28) (77, 77) (99, 99) (30, 30) (16, 16) (31, 31) (35, 35) 
(85, 85) (24, 24) (60, 60) (60, 60) (89, 89) (99, 99) (88, 88) (15, 15) (45, 45) (60, 60) (38, 38) (44, 44) (38, 38) (4, 4) (95, 95) (27, 27) (27, 27) (15, 15) (76, 76) (53, 53) 
(15, 15) (64, 64) (29, 29) (72, 72) (98, 98) (73, 73) (28, 28) (25, 25) (35, 35) (57, 57) (26, 26) (38, 38) (42, 42) (19, 19) (75, 75) (2, 2) (86, 86) (46, 46) (84, 84) (5, 5) 
(57, 57) (4, 4) (83, 83) (13, 13) (80, 80) (45, 45) (6, 6) (46, 46) (63, 63) (94, 94) (54, 54) (69, 69) (69, 69) (43, 43) (62, 62) (6, 6) (15, 15) (35, 35) (62, 62) (44, 44) 
(57, 57) (67, 67) (80, 80) (80, 80) (61, 61) (84, 84) (90, 90) (63, 63) (26, 26) (98, 98) (94, 94) (92, 92) (84, 84) (16, 16) (24, 24) (67, 67) (47, 47) (35, 35) (79, 79) (99, 99) 
(63, 63) (45, 45) (49, 49) (38, 38) (32, 32) (87, 87) (41, 41) (33, 33) (18, 18) (40, 40) (50, 50) (84, 84) (36, 36) (99, 99) (77, 77) (16, 16) (52, 52) (20, 20) (60, 60) (66, 66) 
(1, 1) (24, 24) (37, 37) (54, 54) (39, 39) (50, 50) (38, 38) (79, 79) (88, 88) (35, 35) (58, 58) (77, 77) (43, 43) (98, 98) (52, 52) (73, 73) (45, 45) (45, 45) (84, 84) (80, 80) 
(26, 26) (9, 9) (92, 92) (70, 70) (87, 87) (33, 33) (14, 14) (83, 83) (34, 34) (98, 98) (5, 5) (99, 99) (93, 93) (94, 94) (43, 43) (36, 36) (26, 26) (11, 11) (28, 28) (16, 16) 
(19, 19) (58, 58) (30, 30) (72, 72) (39, 39) (27, 27) (18, 18) (44, 44) (20, 20) (87, 87) (82, 82) (51, 51) (78, 78) (20, 20) (19, 19) (36, 36) (42, 42) (75, 75) (85, 85) (95, 95) 
(41, 41) (46, 46) (81, 81) (17, 17) (25, 25) (80, 80) (41, 41) (29, 29) (99, 99) (14, 14) (28, 28) (25, 25) (58, 58) (24, 24) (59, 59) (45, 45) (17, 17) (53, 53) (16, 16) (86, 86) 
(30, 30) (3, 3) (28, 28) (92, 92) (87, 87) (28, 28) (30, 30) (69, 69) (20, 20) (94, 94) (97, 97) (91, 91) (5, 5) (16, 16) (88, 88) (47, 47) (66, 66) (67, 67) (15, 15) (29, 29) 
