NUMERO DE TRABAJOS
50
NUMERO DE RECURSOS
20
SECUENCIA DE MAQUINAS
2 6 0 18 9 12 5 10 19 16 15 7 3 13 8 1 17 14 4 11 
3 0 13 12 2 18 4 11 1 16 17 10 19 5 8 15 6 9 14 7 
17 7 15 2 19 0 6 1 18 13 5 11 14 3 16 4 10 12 9 8 
3 5 11 15 7 12 8 17 18 6 16 14 9 0 1 19 4 2 13 10 
19 17 11 14 0 6 3 1 15 10 7 13 18 2 9 8 5 16 12 4 
11 16 1 14 9 7 0 6 17 5 4 8 19 2 12 18 13 10 15 3 
18 12 3 19 2 15 1 4 8 9 16 17 14 10 7 5 0 11 13 6 
6 19 1 0 16 7 17 10 12 15 14 11 8 4 18 13 2 9 3 5 
13 12 19 17 14 15 11 1 7 2 16 10 8 4 6 3 5 9 0 18 
7 18 6 13 2 16 0 3 4 15 5 11 9 1 10 19 17 12 14 8 
3 8 19 4 7 1 0 14 16 12 13 11 15 10 5 6 2 9 18 17 
4 18 3 12 14 13 1 16 10 9 11 15 2 19 8 7 5 0 17 6 
17 3 7 5 16 11 6 19 9 0 12 15 10 13 8 14 1 4 2 18 
0 13 8 14 2 11 1 16 17 7 12 9 15 5 19 4 18 6 3 10 
15 11 3 1 9 13 19 8 12 7 5 14 2 17 6 18 16 10 0 4 
7 14 3 6 18 12 19 9 0 1 11 16 15 5 2 4 17 10 8 13 
9 15 8 13 7 17 4 2 18 14 11 12 0 5 6 3 16 1 19 10 
14 3 18 7 17 5 15 0 9 19 10 4 8 11 13 6 12 1 16 2 
12 6 11 17 3 18 4 14 9 1 2 16 13 0 10 5 15 7 19 8 
11 5 19 0 13 3 7 16 10 6 9 15 2 4 17 14 1 12 8 18 
0 9 15 3 7 1 4 19 13 5 17 14 11 6 2 18 10 12 8 16 
2 15 4 17 5 10 16 18 14 3 1 0 19 12 6 11 9 13 7 8 
19 15 16 6 11 3 12 18 4 17 14 9 8 0 1 7 5 2 13 10 
6 18 4 5 17 16 3 7 9 1 19 12 14 8 10 13 15 11 2 0 
8 5 3 12 6 7 13 19 0 10 14 11 16 17 15 2 9 4 18 1 
17 12 11 19 9 5 2 6 3 16 14 1 18 10 13 15 4 7 0 8 
10 16 1 12 15 6 9 0 11 7 18 19 8 4 5 17 14 13 2 3 
17 13 5 11 15 16 10 12 1 14 3 9 19 8 0 6 2 4 18 7 
16 13 18 7 3 2 8 17 19 5 6 9 0 4 12 1 15 11 10 14 
7 6 12 9 16 0 5 18 13 2 3 10 11 15 1 4 8 17 14 19 
13 10 9 16 6 0 18 19 2 3 14 5 4 15 11 12 8 17 7 1 
11 17 15 1 4 6 13 3 12 2 7 14 5 8 16 19 10 9 0 18 
8 10 0 7 17 2 16 5 3 9 18 11 13 19 15 12 1 4 14 6 
19 17 16 3 8 6 9 10 0 5 18 4 15 7 14 12 13 11 2 1 
19 14 10 15 12 0 8 17 6 9 16 11 4 7 5 13 3 2 18 1 
10 6 3 4 0 11 12 1 8 7 2 17 16 5 15 18 19 14 9 13 
15 11 6 12 9 18 7 5 1 0 17 19 10 8 4 3 16 2 13 14 
2 11 13 10 12 3 5 1 16 14 8 18 15 6 9 4 17 0 19 7 
9 17 8 14 11 0 7 6 1 19 10 12 5 15 3 4 16 18 2 13 
11 17 4 18 12 19 9 16 6 8 1 0 15 5 7 3 13 14 2 10 
11 6 10 5 7 2 19 9 0 8 14 3 16 13 15 12 18 1 17 4 
4 5 14 12 11 8 15 7 2 16 6 19 17 18 9 0 10 1 13 3 
17 6 5 8 15 19 12 14 7 11 3 18 2 10 4 16 13 9 1 0 
9 6 15 5 14 10 19 2 3 16 0 17 12 13 7 18 1 8 4 11 
5 2 12 8 13 11 1 3 0 15 18 16 7 9 6 17 14 19 10 4 
16 14 12 7 2 5 3 13 4 10 11 17 15 6 9 0 19 8 18 1 
1 14 19 12 7 8 17 10 0 3 6 2 11 13 5 15 16 18 4 9 
10 9 3 12 2 8 19 0 15 17 5 16 4 6 11 13 1 14 7 18 
15 3 4 10 1 16 18 5 14 8 13 6 11 17 19 12 7 0 9 2 
12 6 8 11 17 1 4 15 13 5 2 14 18 16 7 9 10 0 19 3 
DURACIONES
(84, 84) (26, 26) (16, 16) (14, 14) (43, 43) (28, 28) (86, 86) (92, 92) (32, 32) (73, 73) (61, 61) (13, 13) (48, 48) (70, 70) (68, 68) (56, 56) (84, 84) (23, 23) (94, 94) (30, 30) 
(77, 77) (32, 32) (55, 55) (22, 22) (83, 83) (19, 19) (49, 49) (80, 80) (27, 27) (69, 69) (46, 46) (86, 86) (51, 51) (1, 1) (88, 88) (77, 77) (98, 98) (48, 48) (24, 24) (63, 63) 
(36, 36) (68, 68) (42, 42) (45, 45) (34, 34) (73, 73) (14, 14) (82, 82) (15, 15) (35, 35) (92, 92) (10, 10) (43, 43) (18, 18) (73, 73) (69, 69) (55, 55) (63, 63) (89, 89) (98, 98) 
(42, 42) (23, 23) (29, 29) (8, 8) (93, 93) (19, 19) (64, 64) (47, 47) (19, 19) (4, 4) (84, 84) (72, 72) (2, 2) (89, 89) (77, 77) (12, 12) (92, 92) (67, 67) (38, 38) (87, 87) 
(57, 57) (67, 67) (99, 99) (9, 9) (89, 89) (58, 58) (16, 16) (35, 35) (30, 30) (58, 58) (28, 28) (70, 70) (82, 82) (30, 30) (84, 84) (5, 5) (13, 13) (3, 3) (91, 91) (8, 8) 
(34, 34) (34, 34) (32, 32) (17, 17) (49, 49) (13, 13) (4, 4) (7, 7) (38, 38) (62, 62) (46, 46) (29, 29) (87, 87) (23, 23) (44, 44) (93, 93) (15, 15) (9, 9) (56, 56) (42, 42) 
(4, 4) (71, 71) (63, 63) (19, 19) (18, 18) (48, 48) (47, 47) (50, 50) (82, 82) (94, 94) (22, 22) (7, 7) (69, 69) (68, 68) (34, 34) (75, 75) (13, 13) (55, 55) (11, 11) (60, 60) 
(44, 44) (20, 20) (86, 86) (2, 2) (90, 90) (32, 32) (54, 54) (40, 40) (40, 40) (3, 3) (20, 20) (68, 68) (84, 84) (40, 40) (91, 91) (53, 53) (77, 77) (83, 83) (97, 97) (63, 63) 
(45, 45) (72, 72) (8, 8) (61, 61) (51, 51) (96, 96) (94, 94) (98, 98) (83, 83) (48, 48) (6, 6) (22, 22) (50, 50) (24, 24) (36, 36) (21, 21) (17, 17) (48, 48) (54, 54) (21, 21) 
(24, 24) (20, 20) (92, 92) (47, 47) (99, 99) (85, 85) (20, 20) (90, 90) (1, 1) (20, 20) (36, 36) (58, 58) (2, 2) (86, 86) (42, 42) (38, 38) (69, 69) (79, 79) (43, 43) (55, 55) 
(62, 62) (21, 21) (95, 95) (53, 53) (75, 75) (90, 90) (94, 94) (43, 43) (72, 72) (38, 38) (60, 60) (30, 30) (6, 6) (75, 75) (31, 31) (87, 87) (63, 63) (24, 24) (16, 16) (46, 46) 
(5, 5) (48, 48) (88, 88) (78, 78) (84, 84) (85, 85) (1, 1) (79, 79) (95, 95) (42, 42) (21, 21) (69, 69) (89, 89) (68, 68) (56, 56) (30, 30) (96, 96) (98, 98) (75, 75) (24, 24) 
(58, 58) (49, 49) (53, 53) (85, 85) (20, 20) (15, 15) (44, 44) (97, 97) (24, 24) (12, 12) (98, 98) (53, 53) (67, 67) (10, 10) (91, 91) (47, 47) (78, 78) (5, 5) (28, 28) (5, 5) 
(55, 55) (30, 30) (68, 68) (34, 34) (3, 3) (58, 58) (18, 18) (20, 20) (33, 33) (62, 62) (70, 70) (87, 87) (55, 55) (91, 91) (2, 2) (33, 33) (22, 22) (20, 20) (26, 26) (99, 99) 
(64, 64) (88, 88) (94, 94) (34, 34) (4, 4) (78, 78) (10, 10) (67, 67) (77, 77) (53, 53) (67, 67) (91, 91) (24, 24) (30, 30) (76, 76) (70, 70) (56, 56) (89, 89) (49, 49) (74, 74) 
(95, 95) (9, 9) (29, 29) (45, 45) (64, 64) (73, 73) (62, 62) (11, 11) (31, 31) (77, 77) (61, 61) (20, 20) (54, 54) (37, 37) (17, 17) (31, 31) (32, 32) (98, 98) (20, 20) (94, 94) 
(14, 14) (90, 90) (73, 73) (84, 84) (75, 75) (89, 89) (41, 41) (59, 59) (58, 58) (44, 44) (21, 21) (61, 61) (91, 91) (25, 25) (48, 48) (12, 12) (37, 37) (80, 80) (77, 77) (51, 51) 
(47, 47) (92, 92) (11, 11) (73, 73) (4, 4) (9, 9) (95, 95) (22, 22) (32, 32) (89, 89) (64, 64) (19, 19) (69, 69) (83, 83) (91, 91) (34, 34) (80, 80) (94, 94) (93, 93) (82, 82) 
(92, 92) (79, 79) (74, 74) (2, 2) (97, 97) (68, 68) (98, 98) (78, 78) (22, 22) (41, 41) (58, 58) (99, 99) (52, 52) (67, 67) (48, 48) (33, 33) (48, 48) (58, 58) (81, 81) (39, 39) 
(20, 20) (96, 96) (64, 64) (95, 95) (6, 6) (26, 26) (39, 39) (26, 26) (92, 92) (12, 12) (65, 65) (14, 14) (71, 71) (31, 31) (97, 97) (24, 24) (85, 85) (89, 89) (11, 11) (5, 5) 
(77, 77) (82, 82) (36, 36) (52, 52) (94, 94) (87, 87) (7, 7) (65, 65) (40, 40) (61, 61) (79, 79) (2, 2) (7, 7) (71, 71) (49, 49) (18, 18) (61, 61) (69, 69) (50, 50) (85, 85) 
(63, 63) (50, 50) (88, 88) (90, 90) (35, 35) (20, 20) (69, 69) (88, 88) (43, 43) (94, 94) (51, 51) (94, 94) (12, 12) (90, 90) (36, 36) (3, 3) (99, 99) (37, 37) (8, 8) (69, 69) 
(43, 43) (66, 66) (92, 92) (61, 61) (11, 11) (53, 53) (54, 54) (54, 54) (42, 42) (87, 87) (86, 86) (34, 34) (7, 7) (60, 60) (52, 52) (96, 96) (25, 25) (55, 55) (49, 49) (56, 56) 
(11, 11) (71, 71) (60, 60) (73, 73) (91, 91) (99, 99) (22, 22) (74, 74) (80, 80) (79, 79) (97, 97) (93, 93) (85, 85) (72, 72) (96, 96) (52, 52) (70, 70) (11, 11) (95, 95) (85, 85) 
(83, 83) (39, 39) (51, 51) (49, 49) (31, 31) (18, 18) (94, 94) (88, 88) (46, 46) (98, 98) (66, 66) (7, 7) (20, 20) (53, 53) (9, 9) (7, 7) (14, 14) (85, 85) (32, 32) (88, 88) 
(98, 98) (91, 91) (78, 78) (43, 43) (55, 55) (45, 45) (59, 59) (77, 77) (31, 31) (91, 91) (60, 60) (61, 61) (62, 62) (59, 59) (89, 89) (25, 25) (18, 18) (29, 29) (49, 49) (53, 53) 
(26, 26) (50, 50) (7, 7) (78, 78) (75, 75) (3, 3) (28, 28) (20, 20) (58, 58) (95, 95) (38, 38) (58, 58) (70, 70) (75, 75) (6, 6) (26, 26) (26, 26) (54, 54) (95, 95) (12, 12) 
(81, 81) (71, 71) (22, 22) (56, 56) (17, 17) (14, 14) (65, 65) (90, 90) (29, 29) (47, 47) (8, 8) (39, 39) (9, 9) (58, 58) (95, 95) (25, 25) (1, 1) (65, 65) (44, 44) (66, 66) 
(62, 62) (79, 79) (70, 70) (43, 43) (95, 95) (42, 42) (6, 6) (88, 88) (5, 5) (12, 12) (54, 54) (18, 18) (83, 83) (27, 27) (38, 38) (49, 49) (94, 94) (95, 95) (78, 78) (57, 57) 
(18, 18) (36, 36) (70, 70) (10, 10) (25, 25) (25, 25) (72, 72) (69, 69) (15, 15) (17, 17) (31, 31) (60, 60) (69, 69) (39, 39) (54, 54) (56, 56) (85, 85) (47, 47) (40, 40) (10, 10) 
(7, 7) (14, 14) (11, 11) (33, 33) (49, 49) (82, 82) (76, 76) (11, 11) (52, 52) (20, 20) (35, 35) (73, 73) (81, 81) (42, 42) (4, 4) (27, 27) (14, 14) (73, 73) (10, 10) (25, 25) 
(54, 54) (81, 81) (52, 52) (25, 25) (78, 78) (23, 23) (38, 38) (59, 59) (22, 22) (45, 45) (66, 66) (94, 94) (57, 57) (82, 82) (51, 51) (54, 54) (25, 25) (97, 97) (55, 55) (38, 38) 
(51, 51) (21, 21) (36, 36) (95, 95) (68, 68) (90, 90) (76, 76) (84, 84) (37, 37) (38, 38) (30, 30) (22, 22) (28, 28) (90, 90) (6, 6) (91, 91) (73, 73) (93, 93) (55, 55) (38, 38) 
(78, 78) (17, 17) (41, 41) (69, 69) (94, 94) (83, 83) (24, 24) (55, 55) (62, 62) (27, 27) (24, 24) (70, 70) (50, 50) (21, 21) (51, 51) (19, 19) (20, 20) (59, 59) (45, 45) (22, 22) 
(2, 2) (85, 85) (58, 58) (47, 47) (66, 66) (81, 81) (44, 44) (41, 41) (18, 18) (85, 85) (56, 56) (2, 2) (81, 81) (1, 1) (36, 36) (51, 51) (25, 25) (11, 11) (21, 21) (1, 1) 
(87, 87) (65, 65) (11, 11) (85, 85) (37, 37) (26, 26) (89, 89) (27, 27) (10, 10) (13, 13) (62, 62) (30, 30) (24, 24) (79, 79) (98, 98) (61, 61) (65, 65) (29, 29) (27, 27) (14, 14) 
(14, 14) (47, 47) (11, 11) (29, 29) (18, 18) (39, 39) (21, 21) (80, 80) (41, 41) (62, 62) (72, 72) (49, 49) (52, 52) (83, 83) (36, 36) (31, 31) (51, 51) (57, 57) (33, 33) (47, 47) 
(9, 9) (96, 96) (42, 42) (39, 39) (6, 6) (67, 67) (59, 59) (91, 91) (81, 81) (90, 90) (7, 7) (49, 49) (96, 96) (51, 51) (38, 38) (56, 56) (47, 47) (95, 95) (23, 23) (18, 18) 
(78, 78) (96, 96) (79, 79) (35, 35) (98, 98) (10, 10) (1, 1) (82, 82) (56, 56) (31, 31) (88, 88) (52, 52) (96, 96) (75, 75) (54, 54) (12, 12) (63, 63) (44, 44) (43, 43) (19, 19) 
(35, 35) (73, 73) (40, 40) (52, 52) (92, 92) (77, 77) (57, 57) (66, 66) (36, 36) (7, 7) (6, 6) (69, 69) (84, 84) (54, 54) (53, 53) (97, 97) (38, 38) (93, 93) (28, 28) (66, 66) 
(99, 99) (88, 88) (17, 17) (33, 33) (3, 3) (58, 58) (22, 22) (75, 75) (57, 57) (5, 5) (22, 22) (11, 11) (76, 76) (93, 93) (11, 11) (63, 63) (89, 89) (96, 96) (15, 15) (60, 60) 
(48, 48) (96, 96) (13, 13) (45, 45) (77, 77) (9, 9) (60, 60) (8, 8) (87, 87) (29, 29) (56, 56) (39, 39) (82, 82) (34, 34) (20, 20) (58, 58) (41, 41) (48, 48) (56, 56) (41, 41) 
(15, 15) (77, 77) (47, 47) (60, 60) (51, 51) (51, 51) (56, 56) (30, 30) (50, 50) (39, 39) (25, 25) (90, 90) (14, 14) (67, 67) (13, 13) (42, 42) (28, 28) (36, 36) (7, 7) (2, 2) 
(12, 12) (68, 68) (91, 91) (12, 12) (73, 73) (74, 74) (76, 76) (59, 59) (60, 60) (20, 20) (83, 83) (88, 88) (25, 25) (77, 77) (65, 65) (44, 44) (30, 30) (84, 84) (28, 28) (63, 63) 
(32, 32) (11, 11) (76, 76) (27, 27) (12, 12) (67, 67) (33, 33) (17, 17) (12, 12) (58, 58) (56, 56) (31, 31) (96, 96) (89, 89) (28, 28) (33, 33) (75, 75) (99, 99) (40, 40) (74, 74) 
(90, 90) (1, 1) (68, 68) (4, 4) (95, 95) (9, 9) (61, 61) (45, 45) (63, 63) (35, 35) (81, 81) (77, 77) (9, 9) (53, 53) (44, 44) (59, 59) (96, 96) (76, 76) (94, 94) (20, 20) 
(43, 43) (79, 79) (60, 60) (98, 98) (3, 3) (4, 4) (48, 48) (72, 72) (41, 41) (90, 90) (94, 94) (11, 11) (30, 30) (10, 10) (41, 41) (79, 79) (66, 66) (11, 11) (87, 87) (68, 68) 
(91, 91) (65, 65) (80, 80) (50, 50) (66, 66) (35, 35) (70, 70) (98, 98) (80, 80) (47, 47) (9, 9) (7, 7) (67, 67) (22, 22) (95, 95) (11, 11) (56, 56) (25, 25) (64, 64) (57, 57) 
(23, 23) (75, 75) (12, 12) (51, 51) (45, 45) (23, 23) (52, 52) (77, 77) (76, 76) (48, 48) (52, 52) (53, 53) (53, 53) (18, 18) (3, 3) (18, 18) (56, 56) (98, 98) (71, 71) (25, 25) 
(64, 64) (20, 20) (89, 89) (27, 27) (5, 5) (47, 47) (92, 92) (23, 23) (78, 78) (64, 64) (77, 77) (12, 12) (49, 49) (40, 40) (3, 3) (60, 60) (54, 54) (37, 37) (15, 15) (16, 16) 
