NUMERO DE TRABAJOS
50
NUMERO DE RECURSOS
20
SECUENCIA DE MAQUINAS
10 1 2 7 17 4 3 18 0 14 6 19 15 16 13 12 5 11 9 8 
11 3 7 18 12 5 13 6 4 14 10 2 1 16 19 0 15 9 8 17 
14 19 5 11 16 12 1 8 6 4 2 9 18 10 17 0 13 3 7 15 
10 16 15 2 14 1 11 7 5 18 12 0 4 8 17 6 9 3 19 13 
19 8 4 14 12 13 2 9 3 0 1 10 17 6 18 11 16 7 5 15 
0 9 11 18 3 15 2 17 10 8 13 12 14 4 5 1 6 16 7 19 
0 8 12 5 11 16 7 2 15 3 10 18 6 13 14 19 17 1 4 9 
10 15 19 17 6 1 14 0 16 7 4 18 13 3 2 12 11 9 8 5 
11 6 7 1 17 9 12 18 0 8 4 15 14 5 3 10 19 16 2 13 
13 18 8 14 11 16 10 15 0 9 1 4 19 7 3 2 5 12 17 6 
18 8 14 2 5 1 6 13 0 17 15 3 16 11 10 19 7 4 9 12 
6 18 16 12 0 17 1 11 15 7 4 2 10 8 19 13 14 5 9 3 
19 13 18 11 6 3 5 14 16 4 7 15 10 17 12 8 1 9 0 2 
1 15 17 14 10 13 4 9 0 18 11 12 16 19 8 2 7 5 6 3 
5 15 3 14 0 4 12 1 9 6 8 11 10 17 2 19 7 13 18 16 
13 19 18 12 11 14 17 1 2 6 0 15 7 10 3 9 5 8 4 16 
16 5 14 7 17 0 3 1 6 2 12 8 9 11 13 19 10 4 18 15 
15 1 11 17 19 0 8 18 2 6 14 16 9 5 7 3 12 4 10 13 
5 1 17 3 18 10 12 19 7 15 0 2 6 11 9 14 8 13 4 16 
12 19 6 13 11 5 14 8 7 2 18 0 4 17 1 15 10 9 16 3 
12 13 11 0 10 15 8 7 3 9 5 14 18 1 6 19 17 4 16 2 
12 18 13 6 2 14 7 10 3 17 19 15 8 11 1 0 9 4 16 5 
9 14 5 17 7 10 16 1 8 6 11 12 2 0 4 19 3 15 18 13 
6 19 14 13 11 8 5 4 12 2 9 0 10 16 18 17 7 1 3 15 
4 2 11 12 14 8 17 0 9 18 19 3 5 13 16 6 1 10 15 7 
8 9 17 2 19 14 13 4 0 11 15 6 5 3 1 16 7 12 18 10 
16 12 2 0 1 3 13 4 14 9 5 11 15 8 19 17 18 6 10 7 
19 14 2 16 17 5 8 12 6 3 13 10 7 11 9 1 0 15 4 18 
17 18 7 1 3 9 6 16 14 12 11 0 5 2 4 8 13 15 19 10 
4 9 13 6 5 8 2 16 7 0 12 11 18 17 19 1 3 14 10 15 
4 6 9 11 8 10 13 7 5 2 0 3 14 12 19 1 16 17 18 15 
6 0 4 12 19 11 2 16 1 17 8 15 18 14 9 7 5 10 3 13 
9 14 2 18 15 8 17 0 5 16 11 4 10 13 3 6 7 12 19 1 
2 9 7 6 14 17 11 12 18 8 1 10 4 16 13 15 19 5 0 3 
7 18 0 10 17 2 12 4 3 19 8 13 1 11 14 6 9 16 15 5 
1 16 17 8 9 11 3 2 6 7 18 5 19 15 4 12 14 10 0 13 
3 10 14 19 12 11 0 4 8 13 7 9 15 1 16 5 17 6 2 18 
15 1 8 5 17 2 11 18 16 19 12 6 3 14 10 9 4 13 7 0 
5 2 13 14 15 10 16 8 19 17 1 0 7 4 6 12 11 9 18 3 
15 0 7 16 9 19 5 12 2 1 17 13 18 6 3 10 8 11 4 14 
15 6 3 2 8 18 5 19 11 9 0 13 16 1 17 10 14 12 4 7 
10 12 19 18 8 2 1 0 6 4 5 16 15 14 13 9 7 17 3 11 
11 16 17 1 0 9 4 3 6 10 18 14 7 5 8 12 15 2 13 19 
4 13 17 6 8 19 12 0 5 16 1 10 7 9 18 2 3 15 14 11 
6 18 10 19 2 0 15 11 4 12 8 1 7 14 17 9 5 3 16 13 
7 19 0 1 3 13 17 2 8 14 4 16 12 5 9 10 11 6 18 15 
2 18 19 0 14 11 13 4 7 5 15 12 17 10 9 3 1 8 16 6 
2 12 17 18 16 5 6 8 15 9 19 13 10 7 4 3 11 14 0 1 
10 7 16 5 12 0 14 3 1 11 13 18 15 17 9 4 19 8 2 6 
14 8 12 11 19 17 3 10 2 9 0 13 16 18 5 7 6 1 15 4 
DURACIONES
(20, 20) (22, 22) (38, 38) (33, 33) (24, 24) (72, 72) (75, 75) (61, 61) (2, 2) (17, 17) (67, 67) (50, 50) (65, 65) (77, 77) (65, 65) (35, 35) (68, 68) (76, 76) (98, 98) (81, 81) 
(73, 73) (86, 86) (26, 26) (42, 42) (50, 50) (13, 13) (92, 92) (15, 15) (77, 77) (74, 74) (48, 48) (54, 54) (46, 46) (60, 60) (83, 83) (78, 78) (1, 1) (91, 91) (33, 33) (60, 60) 
(67, 67) (63, 63) (54, 54) (65, 65) (29, 29) (51, 51) (74, 74) (16, 16) (11, 11) (97, 97) (87, 87) (66, 66) (4, 4) (10, 10) (52, 52) (85, 85) (60, 60) (64, 64) (40, 40) (49, 49) 
(31, 31) (73, 73) (2, 2) (4, 4) (87, 87) (81, 81) (90, 90) (92, 92) (27, 27) (51, 51) (4, 4) (42, 42) (21, 21) (77, 77) (71, 71) (5, 5) (77, 77) (81, 81) (39, 39) (32, 32) 
(18, 18) (13, 13) (89, 89) (45, 45) (59, 59) (90, 90) (86, 86) (71, 71) (5, 5) (54, 54) (42, 42) (60, 60) (32, 32) (16, 16) (86, 86) (70, 70) (7, 7) (16, 16) (81, 81) (4, 4) 
(59, 59) (55, 55) (3, 3) (43, 43) (26, 26) (19, 19) (57, 57) (75, 75) (35, 35) (40, 40) (17, 17) (3, 3) (96, 96) (82, 82) (26, 26) (23, 23) (97, 97) (23, 23) (65, 65) (28, 28) 
(83, 83) (81, 81) (19, 19) (54, 54) (86, 86) (94, 94) (49, 49) (38, 38) (38, 38) (33, 33) (93, 93) (63, 63) (51, 51) (45, 45) (68, 68) (4, 4) (29, 29) (53, 53) (85, 85) (21, 21) 
(46, 46) (8, 8) (5, 5) (29, 29) (32, 32) (34, 34) (3, 3) (10, 10) (45, 45) (70, 70) (77, 77) (1, 1) (62, 62) (79, 79) (50, 50) (2, 2) (18, 18) (89, 89) (86, 86) (21, 21) 
(17, 17) (47, 47) (7, 7) (20, 20) (9, 9) (92, 92) (23, 23) (76, 76) (71, 71) (20, 20) (21, 21) (72, 72) (71, 71) (92, 92) (92, 92) (17, 17) (9, 9) (38, 38) (23, 23) (34, 34) 
(6, 6) (74, 74) (29, 29) (99, 99) (80, 80) (27, 27) (43, 43) (36, 36) (31, 31) (63, 63) (34, 34) (26, 26) (98, 98) (47, 47) (69, 69) (5, 5) (55, 55) (22, 22) (15, 15) (19, 19) 
(77, 77) (12, 12) (96, 96) (84, 84) (22, 22) (16, 16) (59, 59) (94, 94) (69, 69) (68, 68) (81, 81) (13, 13) (45, 45) (61, 61) (27, 27) (26, 26) (12, 12) (86, 86) (82, 82) (85, 85) 
(27, 27) (81, 81) (2, 2) (29, 29) (61, 61) (2, 2) (40, 40) (78, 78) (65, 65) (68, 68) (39, 39) (68, 68) (39, 39) (63, 63) (59, 59) (79, 79) (96, 96) (11, 11) (76, 76) (48, 48) 
(95, 95) (62, 62) (10, 10) (68, 68) (42, 42) (61, 61) (73, 73) (51, 51) (81, 81) (75, 75) (37, 37) (96, 96) (65, 65) (45, 45) (44, 44) (43, 43) (19, 19) (44, 44) (94, 94) (56, 56) 
(23, 23) (70, 70) (24, 24) (4, 4) (86, 86) (90, 90) (86, 86) (83, 83) (75, 75) (46, 46) (92, 92) (94, 94) (23, 23) (29, 29) (6, 6) (3, 3) (33, 33) (12, 12) (51, 51) (15, 15) 
(7, 7) (55, 55) (26, 26) (30, 30) (79, 79) (58, 58) (86, 86) (70, 70) (68, 68) (98, 98) (26, 26) (32, 32) (98, 98) (35, 35) (37, 37) (13, 13) (85, 85) (85, 85) (14, 14) (34, 34) 
(21, 21) (68, 68) (1, 1) (76, 76) (44, 44) (4, 4) (48, 48) (39, 39) (73, 73) (81, 81) (50, 50) (97, 97) (41, 41) (79, 79) (10, 10) (73, 73) (36, 36) (28, 28) (64, 64) (31, 31) 
(76, 76) (55, 55) (41, 41) (46, 46) (80, 80) (99, 99) (99, 99) (59, 59) (14, 14) (86, 86) (69, 69) (24, 24) (54, 54) (34, 34) (32, 32) (98, 98) (74, 74) (67, 67) (24, 24) (56, 56) 
(14, 14) (32, 32) (77, 77) (81, 81) (35, 35) (38, 38) (38, 38) (38, 38) (61, 61) (87, 87) (70, 70) (79, 79) (25, 25) (46, 46) (88, 88) (18, 18) (76, 76) (98, 98) (75, 75) (23, 23) 
(61, 61) (92, 92) (6, 6) (58, 58) (26, 26) (26, 26) (36, 36) (89, 89) (9, 9) (35, 35) (54, 54) (5, 5) (72, 72) (91, 91) (4, 4) (61, 61) (75, 75) (42, 42) (85, 85) (45, 45) 
(46, 46) (89, 89) (49, 49) (86, 86) (14, 14) (62, 62) (53, 53) (59, 59) (27, 27) (86, 86) (10, 10) (87, 87) (99, 99) (4, 4) (84, 84) (62, 62) (74, 74) (30, 30) (68, 68) (86, 86) 
(1, 1) (3, 3) (84, 84) (78, 78) (42, 42) (73, 73) (98, 98) (91, 91) (70, 70) (53, 53) (57, 57) (36, 36) (76, 76) (4, 4) (76, 76) (22, 22) (70, 70) (67, 67) (6, 6) (16, 16) 
(80, 80) (91, 91) (24, 24) (36, 36) (44, 44) (81, 81) (78, 78) (65, 65) (2, 2) (91, 91) (62, 62) (41, 41) (40, 40) (96, 96) (64, 64) (5, 5) (81, 81) (71, 71) (31, 31) (71, 71) 
(3, 3) (68, 68) (55, 55) (13, 13) (83, 83) (13, 13) (12, 12) (98, 98) (86, 86) (10, 10) (70, 70) (59, 59) (89, 89) (74, 74) (83, 83) (30, 30) (56, 56) (99, 99) (68, 68) (67, 67) 
(35, 35) (74, 74) (59, 59) (17, 17) (56, 56) (64, 64) (67, 67) (77, 77) (84, 84) (10, 10) (35, 35) (79, 79) (12, 12) (91, 91) (36, 36) (84, 84) (1, 1) (41, 41) (98, 98) (81, 81) 
(32, 32) (10, 10) (39, 39) (58, 58) (24, 24) (56, 56) (83, 83) (77, 77) (78, 78) (99, 99) (95, 95) (67, 67) (81, 81) (15, 15) (5, 5) (35, 35) (10, 10) (24, 24) (97, 97) (44, 44) 
(55, 55) (41, 41) (99, 99) (27, 27) (94, 94) (12, 12) (33, 33) (3, 3) (71, 71) (5, 5) (88, 88) (25, 25) (66, 66) (80, 80) (39, 39) (90, 90) (79, 79) (56, 56) (60, 60) (5, 5) 
(69, 69) (41, 41) (25, 25) (82, 82) (32, 32) (70, 70) (38, 38) (22, 22) (95, 95) (98, 98) (6, 6) (64, 64) (52, 52) (46, 46) (71, 71) (41, 41) (40, 40) (35, 35) (22, 22) (33, 33) 
(14, 14) (38, 38) (32, 32) (38, 38) (64, 64) (67, 67) (13, 13) (74, 74) (74, 74) (67, 67) (39, 39) (53, 53) (55, 55) (15, 15) (93, 93) (37, 37) (7, 7) (53, 53) (54, 54) (39, 39) 
(84, 84) (77, 77) (6, 6) (45, 45) (91, 91) (77, 77) (12, 12) (96, 96) (24, 24) (90, 90) (54, 54) (52, 52) (49, 49) (97, 97) (80, 80) (84, 84) (44, 44) (37, 37) (79, 79) (5, 5) 
(69, 69) (28, 28) (32, 32) (68, 68) (59, 59) (23, 23) (86, 86) (54, 54) (41, 41) (80, 80) (57, 57) (45, 45) (19, 19) (38, 38) (89, 89) (21, 21) (5, 5) (64, 64) (65, 65) (16, 16) 
(57, 57) (47, 47) (1, 1) (79, 79) (9, 9) (66, 66) (84, 84) (21, 21) (35, 35) (97, 97) (83, 83) (45, 45) (18, 18) (21, 21) (19, 19) (37, 37) (93, 93) (83, 83) (46, 46) (54, 54) 
(46, 46) (12, 12) (44, 44) (75, 75) (32, 32) (15, 15) (49, 49) (4, 4) (29, 29) (76, 76) (65, 65) (39, 39) (73, 73) (54, 54) (63, 63) (78, 78) (18, 18) (91, 91) (3, 3) (93, 93) 
(98, 98) (7, 7) (47, 47) (56, 56) (37, 37) (3, 3) (17, 17) (94, 94) (9, 9) (19, 19) (91, 91) (58, 58) (8, 8) (32, 32) (60, 60) (5, 5) (64, 64) (3, 3) (56, 56) (98, 98) 
(93, 93) (63, 63) (40, 40) (88, 88) (20, 20) (11, 11) (16, 16) (55, 55) (61, 61) (81, 81) (17, 17) (16, 16) (45, 45) (46, 46) (85, 85) (89, 89) (1, 1) (22, 22) (59, 59) (55, 55) 
(76, 76) (86, 86) (83, 83) (26, 26) (4, 4) (61, 61) (72, 72) (81, 81) (44, 44) (48, 48) (17, 17) (72, 72) (14, 14) (46, 46) (46, 46) (80, 80) (74, 74) (11, 11) (57, 57) (2, 2) 
(13, 13) (49, 49) (76, 76) (41, 41) (3, 3) (13, 13) (95, 95) (98, 98) (29, 29) (48, 48) (60, 60) (67, 67) (28, 28) (64, 64) (36, 36) (47, 47) (78, 78) (83, 83) (32, 32) (88, 88) 
(58, 58) (74, 74) (41, 41) (75, 75) (45, 45) (19, 19) (51, 51) (39, 39) (94, 94) (41, 41) (62, 62) (75, 75) (36, 36) (5, 5) (80, 80) (47, 47) (36, 36) (23, 23) (6, 6) (3, 3) 
(92, 92) (64, 64) (1, 1) (65, 65) (2, 2) (87, 87) (45, 45) (73, 73) (30, 30) (67, 67) (68, 68) (33, 33) (35, 35) (65, 65) (50, 50) (93, 93) (36, 36) (18, 18) (39, 39) (54, 54) 
(40, 40) (11, 11) (8, 8) (29, 29) (26, 26) (65, 65) (26, 26) (17, 17) (52, 52) (24, 24) (87, 87) (67, 67) (88, 88) (83, 83) (36, 36) (30, 30) (97, 97) (19, 19) (97, 97) (68, 68) 
(64, 64) (61, 61) (59, 59) (65, 65) (93, 93) (80, 80) (83, 83) (5, 5) (50, 50) (42, 42) (49, 49) (69, 69) (86, 86) (14, 14) (84, 84) (41, 41) (31, 31) (67, 67) (88, 88) (20, 20) 
(45, 45) (22, 22) (2, 2) (83, 83) (61, 61) (55, 55) (85, 85) (72, 72) (37, 37) (56, 56) (73, 73) (65, 65) (19, 19) (42, 42) (51, 51) (88, 88) (2, 2) (1, 1) (1, 1) (30, 30) 
(74, 74) (28, 28) (87, 87) (91, 91) (68, 68) (27, 27) (42, 42) (99, 99) (7, 7) (23, 23) (27, 27) (16, 16) (86, 86) (61, 61) (28, 28) (62, 62) (87, 87) (72, 72) (93, 93) (67, 67) 
(77, 77) (20, 20) (53, 53) (52, 52) (14, 14) (57, 57) (2, 2) (78, 78) (63, 63) (12, 12) (10, 10) (1, 1) (59, 59) (1, 1) (67, 67) (53, 53) (76, 76) (17, 17) (80, 80) (12, 12) 
(74, 74) (86, 86) (78, 78) (55, 55) (75, 75) (37, 37) (36, 36) (49, 49) (50, 50) (93, 93) (52, 52) (77, 77) (83, 83) (29, 29) (84, 84) (60, 60) (92, 92) (61, 61) (31, 31) (3, 3) 
(76, 76) (26, 26) (38, 38) (61, 61) (67, 67) (60, 60) (40, 40) (7, 7) (20, 20) (7, 7) (97, 97) (76, 76) (18, 18) (83, 83) (39, 39) (64, 64) (43, 43) (39, 39) (79, 79) (79, 79) 
(61, 61) (73, 73) (91, 91) (42, 42) (70, 70) (73, 73) (34, 34) (81, 81) (19, 19) (64, 64) (54, 54) (96, 96) (89, 89) (3, 3) (55, 55) (94, 94) (93, 93) (24, 24) (10, 10) (99, 99) 
(73, 73) (10, 10) (6, 6) (67, 67) (22, 22) (50, 50) (4, 4) (29, 29) (34, 34) (15, 15) (46, 46) (32, 32) (66, 66) (28, 28) (67, 67) (63, 63) (60, 60) (39, 39) (65, 65) (19, 19) 
(94, 94) (77, 77) (36, 36) (97, 97) (38, 38) (8, 8) (71, 71) (83, 83) (43, 43) (86, 86) (33, 33) (94, 94) (30, 30) (33, 33) (89, 89) (37, 37) (1, 1) (35, 35) (94, 94) (32, 32) 
(24, 24) (67, 67) (61, 61) (41, 41) (18, 18) (4, 4) (91, 91) (73, 73) (33, 33) (96, 96) (59, 59) (63, 63) (40, 40) (5, 5) (10, 10) (45, 45) (27, 27) (53, 53) (24, 24) (81, 81) 
(31, 31) (99, 99) (14, 14) (64, 64) (89, 89) (43, 43) (93, 93) (32, 32) (32, 32) (26, 26) (22, 22) (33, 33) (89, 89) (41, 41) (40, 40) (87, 87) (26, 26) (98, 98) (53, 53) (98, 98) 
