NUMERO DE TRABAJOS
100
NUMERO DE RECURSOS
20
SECUENCIA DE MAQUINAS
11 7 18 15 0 8 19 6 13 14 17 2 4 1 16 3 9 5 12 10 
0 14 7 1 11 16 6 4 8 5 13 18 9 17 15 12 19 10 2 3 
15 4 10 14 5 13 9 19 8 16 7 12 11 1 3 6 0 2 18 17 
0 5 11 7 6 10 4 18 3 8 14 9 17 2 19 13 1 16 15 12 
3 10 1 13 18 19 5 11 6 17 8 14 9 16 4 12 2 0 15 7 
3 1 17 16 2 5 14 12 11 7 13 19 15 10 0 6 18 8 9 4 
17 13 18 1 9 8 11 4 16 5 3 10 2 12 14 0 6 7 19 15 
19 14 16 17 7 9 11 2 15 3 18 5 12 6 1 4 8 13 10 0 
10 3 5 8 14 4 16 2 17 15 18 7 12 9 19 13 0 11 1 6 
15 2 7 11 12 4 17 8 0 10 14 5 9 6 3 19 13 1 18 16 
16 4 1 17 5 12 15 0 14 13 18 2 19 11 3 7 8 9 10 6 
15 6 7 3 19 13 14 0 12 11 17 2 4 16 1 18 10 8 9 5 
10 0 7 13 4 17 2 15 14 12 5 9 18 16 19 3 1 8 11 6 
8 2 7 16 18 12 11 19 15 4 14 9 3 17 6 5 10 1 13 0 
18 11 13 16 17 6 0 14 12 3 15 2 8 19 4 7 10 5 9 1 
13 12 9 0 17 15 1 19 6 7 5 18 14 4 16 11 2 10 3 8 
13 18 9 4 1 8 17 16 5 14 19 15 3 10 7 2 6 0 12 11 
13 10 12 0 19 14 18 8 5 3 11 1 9 2 16 17 6 7 15 4 
10 4 3 17 13 1 2 0 12 6 7 15 8 16 9 11 18 5 19 14 
18 6 9 13 19 14 3 5 12 1 4 17 7 8 2 10 16 11 15 0 
15 13 1 4 19 14 18 5 8 16 10 12 6 17 7 11 3 2 0 9 
9 17 5 18 8 12 14 13 0 10 6 11 1 7 4 3 19 15 2 16 
1 7 17 11 9 14 18 2 15 0 4 19 10 5 12 6 16 8 3 13 
19 10 13 18 7 12 11 15 3 16 9 4 0 6 2 14 17 5 1 8 
6 9 17 2 11 16 4 1 13 0 10 12 18 15 5 14 19 8 3 7 
10 1 14 7 15 4 13 2 5 17 0 8 18 6 12 11 9 16 3 19 
8 12 13 7 5 6 19 11 3 1 9 15 17 16 10 4 14 2 18 0 
17 18 1 8 16 7 5 0 11 9 4 15 12 19 2 3 13 14 6 10 
6 8 7 0 16 5 18 13 9 1 2 3 14 17 10 19 15 12 4 11 
10 15 7 13 9 2 8 6 1 17 11 19 5 12 4 14 3 16 0 18 
17 1 4 11 13 14 9 19 6 7 15 10 0 18 8 5 3 2 12 16 
10 7 13 8 9 3 12 15 6 17 19 18 4 14 16 2 1 0 11 5 
14 8 7 5 13 10 6 2 18 16 15 9 3 4 11 19 0 1 17 12 
9 13 16 6 10 19 12 4 17 3 5 18 11 15 7 1 0 8 2 14 
9 12 6 8 11 10 3 4 15 7 14 17 1 18 19 2 5 16 13 0 
12 13 11 1 10 14 19 7 6 9 8 2 5 18 0 17 15 3 4 16 
1 15 12 18 10 9 13 3 8 7 5 2 19 0 14 6 4 17 16 11 
14 11 2 9 10 13 15 18 3 7 17 16 5 4 1 12 6 0 8 19 
14 1 13 8 6 10 7 0 9 19 16 4 15 17 2 18 3 12 11 5 
2 5 16 18 0 7 13 3 4 19 8 12 17 15 14 6 1 11 10 9 
9 12 6 19 2 11 1 17 13 8 7 15 4 18 10 16 0 5 3 14 
14 11 3 9 6 17 4 13 19 16 10 0 7 15 18 12 5 1 2 8 
12 18 6 7 13 1 19 0 10 9 15 17 11 8 5 3 16 2 14 4 
18 1 10 4 7 2 14 13 3 16 12 5 6 11 19 15 17 8 9 0 
7 4 6 16 12 1 18 0 8 17 19 5 13 3 10 2 14 11 9 15 
16 4 1 2 0 17 6 8 9 3 12 10 7 18 13 11 5 19 14 15 
17 3 2 4 8 19 16 6 15 1 10 5 7 13 12 18 0 14 9 11 
16 17 4 13 18 15 7 5 0 14 8 6 9 10 1 3 12 19 11 2 
3 8 7 15 9 12 17 4 2 5 11 14 6 1 13 10 0 16 18 19 
3 0 17 10 4 13 18 7 9 15 2 14 5 6 8 12 19 11 16 1 
12 8 6 11 3 16 10 19 1 7 15 9 2 14 13 4 0 17 18 5 
17 3 2 7 1 10 6 14 19 11 13 8 4 0 5 18 16 9 15 12 
1 8 7 11 15 14 10 6 9 13 17 5 4 16 18 3 2 19 12 0 
4 11 8 17 3 13 9 2 0 1 5 16 15 10 12 6 14 7 18 19 
18 6 17 11 3 13 9 15 8 12 5 10 2 19 16 7 14 0 4 1 
13 19 7 9 2 11 14 0 16 15 1 10 4 5 3 17 18 6 8 12 
11 8 10 16 12 7 15 4 14 17 19 1 5 9 2 6 18 3 13 0 
4 17 6 10 16 7 2 19 11 13 3 1 8 5 0 12 15 18 14 9 
17 2 7 4 9 15 19 16 5 12 11 3 1 0 8 6 10 14 18 13 
12 4 19 5 17 6 14 11 0 18 8 2 13 7 1 10 3 15 16 9 
7 19 12 3 15 10 2 5 0 9 18 17 1 8 6 11 16 14 13 4 
7 8 4 3 18 19 11 14 6 0 16 5 17 9 10 12 15 1 2 13 
17 13 19 6 3 18 12 9 16 8 5 1 7 14 11 4 15 2 0 10 
16 2 11 7 12 14 9 17 0 10 4 1 6 13 19 8 5 3 15 18 
16 9 7 18 11 8 4 3 2 15 1 0 19 5 10 12 13 14 17 6 
4 1 17 6 8 13 19 0 14 9 3 12 10 5 18 7 16 15 2 11 
12 6 16 0 2 19 4 8 7 14 5 3 18 11 15 10 13 17 1 9 
15 18 11 13 19 7 1 2 16 8 14 17 4 9 12 10 3 6 5 0 
2 13 11 12 4 17 7 14 6 8 5 3 15 16 19 18 9 1 10 0 
9 6 7 8 14 2 3 4 18 16 15 12 0 13 10 19 17 11 5 1 
9 2 12 15 8 13 1 19 5 16 14 7 4 10 11 18 17 6 0 3 
6 18 11 8 4 7 19 9 5 2 17 15 0 1 16 10 13 3 12 14 
12 16 8 19 17 0 14 6 18 1 5 4 9 13 7 15 3 2 11 10 
10 1 2 8 7 12 4 19 16 5 6 14 9 3 18 17 11 15 0 13 
7 14 12 5 10 13 3 16 2 1 4 19 15 0 11 18 9 17 6 8 
1 13 17 0 19 12 15 16 10 18 4 6 5 2 14 3 8 11 7 9 
13 4 7 9 8 18 2 19 12 6 17 14 0 16 5 15 11 1 10 3 
14 3 1 4 17 7 16 0 8 11 10 6 12 18 5 13 9 2 15 19 
12 13 11 18 9 8 2 4 5 0 14 6 10 17 7 1 3 15 16 19 
18 5 7 3 19 11 1 13 9 8 6 2 14 12 4 16 0 17 10 15 
6 16 10 19 13 0 15 9 12 8 17 7 4 18 14 5 2 1 11 3 
17 15 10 13 11 18 9 1 5 0 7 4 12 16 14 3 2 8 19 6 
2 3 8 1 13 15 19 7 6 10 5 14 0 4 11 17 9 12 16 18 
15 5 1 11 16 0 4 7 13 18 8 17 12 9 6 10 3 2 19 14 
6 0 3 14 12 9 8 16 4 18 13 1 10 7 5 19 15 2 11 17 
2 10 19 13 11 0 17 4 12 9 5 18 1 6 14 8 7 16 3 15 
7 10 4 6 12 15 16 17 11 9 1 2 19 8 18 13 14 0 5 3 
7 12 3 14 10 2 15 18 16 9 5 1 11 8 19 4 17 6 13 0 
17 6 8 11 7 13 0 5 1 10 16 4 9 3 18 15 19 14 12 2 
15 1 7 19 10 6 5 17 2 16 8 14 13 3 4 9 11 0 18 12 
17 5 19 4 16 7 13 10 11 2 8 14 9 15 18 1 0 6 3 12 
17 18 19 7 6 13 15 1 16 9 8 5 14 3 11 12 0 4 2 10 
8 2 13 6 18 3 19 7 0 4 1 9 10 5 14 17 12 11 15 16 
14 7 17 18 4 9 12 13 10 5 6 11 0 8 19 15 1 3 16 2 
18 4 1 13 6 3 16 0 8 14 11 19 9 7 17 2 10 5 12 15 
16 19 13 18 7 10 17 3 9 6 0 4 8 1 15 14 5 12 2 11 
10 0 1 9 3 18 13 7 8 5 15 2 17 6 11 16 12 14 19 4 
4 9 3 10 8 6 12 18 17 16 7 11 15 13 19 5 0 14 1 2 
5 19 0 13 16 6 17 10 15 1 3 14 2 8 9 7 12 18 4 11 
4 7 14 8 13 12 11 1 17 9 19 0 2 16 6 15 3 10 5 18 
DURACIONES
(83, 83) (59, 59) (49, 49) (84, 84) (35, 35) (68, 68) (58, 58) (66, 66) (44, 44) (2, 2) (63, 63) (25, 25) (70, 70) (1, 1) (84, 84) (56, 56) (35, 35) (46, 46) (81, 81) (58, 58) 
(11, 11) (67, 67) (45, 45) (86, 86) (91, 91) (60, 60) (61, 61) (6, 6) (95, 95) (18, 18) (7, 7) (73, 73) (3, 3) (92, 92) (30, 30) (93, 93) (7, 7) (37, 37) (14, 14) (9, 9) 
(34, 34) (5, 5) (2, 2) (72, 72) (26, 26) (55, 55) (24, 24) (61, 61) (28, 28) (98, 98) (3, 3) (1, 1) (28, 28) (92, 92) (39, 39) (26, 26) (91, 91) (41, 41) (6, 6) (92, 92) 
(9, 9) (77, 77) (47, 47) (45, 45) (82, 82) (20, 20) (86, 86) (88, 88) (18, 18) (83, 83) (22, 22) (73, 73) (92, 92) (84, 84) (68, 68) (55, 55) (65, 65) (10, 10) (64, 64) (60, 60) 
(62, 62) (75, 75) (29, 29) (81, 81) (89, 89) (34, 34) (34, 34) (24, 24) (98, 98) (95, 95) (60, 60) (23, 23) (54, 54) (72, 72) (3, 3) (82, 82) (41, 41) (49, 49) (97, 97) (49, 49) 
(80, 80) (95, 95) (51, 51) (96, 96) (24, 24) (15, 15) (90, 90) (73, 73) (99, 99) (68, 68) (96, 96) (67, 67) (96, 96) (56, 56) (23, 23) (38, 38) (97, 97) (44, 44) (41, 41) (83, 83) 
(8, 8) (92, 92) (66, 66) (59, 59) (31, 31) (63, 63) (2, 2) (13, 13) (32, 32) (39, 39) (53, 53) (24, 24) (85, 85) (25, 25) (53, 53) (90, 90) (49, 49) (42, 42) (54, 54) (1, 1) 
(10, 10) (68, 68) (86, 86) (26, 26) (64, 64) (30, 30) (78, 78) (71, 71) (95, 95) (17, 17) (92, 92) (30, 30) (41, 41) (54, 54) (12, 12) (4, 4) (17, 17) (60, 60) (54, 54) (83, 83) 
(24, 24) (23, 23) (46, 46) (39, 39) (32, 32) (40, 40) (52, 52) (36, 36) (83, 83) (23, 23) (18, 18) (92, 92) (95, 95) (67, 67) (31, 31) (25, 25) (69, 69) (46, 46) (51, 51) (93, 93) 
(54, 54) (81, 81) (37, 37) (52, 52) (66, 66) (2, 2) (96, 96) (95, 95) (44, 44) (91, 91) (83, 83) (67, 67) (22, 22) (44, 44) (1, 1) (21, 21) (45, 45) (37, 37) (71, 71) (50, 50) 
(52, 52) (19, 19) (8, 8) (85, 85) (64, 64) (32, 32) (22, 22) (37, 37) (54, 54) (96, 96) (92, 92) (58, 58) (16, 16) (86, 86) (57, 57) (3, 3) (68, 68) (94, 94) (17, 17) (30, 30) 
(29, 29) (8, 8) (89, 89) (33, 33) (14, 14) (99, 99) (84, 84) (78, 78) (5, 5) (76, 76) (61, 61) (95, 95) (21, 21) (9, 9) (95, 95) (56, 56) (27, 27) (75, 75) (42, 42) (5, 5) 
(57, 57) (30, 30) (52, 52) (90, 90) (58, 58) (10, 10) (43, 43) (7, 7) (80, 80) (16, 16) (10, 10) (92, 92) (56, 56) (21, 21) (76, 76) (15, 15) (95, 95) (10, 10) (64, 64) (68, 68) 
(46, 46) (77, 77) (23, 23) (33, 33) (4, 4) (66, 66) (5, 5) (52, 52) (2, 2) (34, 34) (24, 24) (89, 89) (46, 46) (35, 35) (10, 10) (24, 24) (53, 53) (98, 98) (19, 19) (49, 49) 
(91, 91) (95, 95) (1, 1) (90, 90) (75, 75) (59, 59) (36, 36) (57, 57) (73, 73) (39, 39) (82, 82) (7, 7) (27, 27) (1, 1) (39, 39) (21, 21) (70, 70) (14, 14) (12, 12) (69, 69) 
(33, 33) (13, 13) (76, 76) (33, 33) (65, 65) (24, 24) (50, 50) (39, 39) (41, 41) (70, 70) (47, 47) (89, 89) (32, 32) (49, 49) (71, 71) (31, 31) (13, 13) (68, 68) (65, 65) (93, 93) 
(55, 55) (81, 81) (36, 36) (28, 28) (94, 94) (85, 85) (20, 20) (94, 94) (77, 77) (20, 20) (74, 74) (32, 32) (68, 68) (24, 24) (1, 1) (75, 75) (16, 16) (79, 79) (82, 82) (35, 35) 
(78, 78) (89, 89) (63, 63) (41, 41) (19, 19) (68, 68) (87, 87) (6, 6) (51, 51) (1, 1) (48, 48) (75, 75) (5, 5) (47, 47) (92, 92) (45, 45) (52, 52) (21, 21) (27, 27) (84, 84) 
(90, 90) (4, 4) (70, 70) (36, 36) (46, 46) (78, 78) (60, 60) (67, 67) (39, 39) (71, 71) (61, 61) (75, 75) (13, 13) (69, 69) (76, 76) (4, 4) (54, 54) (97, 97) (29, 29) (59, 59) 
(44, 44) (89, 89) (36, 36) (25, 25) (32, 32) (77, 77) (72, 72) (39, 39) (81, 81) (58, 58) (49, 49) (56, 56) (22, 22) (46, 46) (15, 15) (58, 58) (53, 53) (27, 27) (56, 56) (11, 11) 
(25, 25) (66, 66) (4, 4) (23, 23) (78, 78) (29, 29) (16, 16) (69, 69) (26, 26) (68, 68) (95, 95) (56, 56) (31, 31) (10, 10) (83, 83) (74, 74) (3, 3) (8, 8) (24, 24) (68, 68) 
(19, 19) (29, 29) (94, 94) (24, 24) (86, 86) (16, 16) (64, 64) (39, 39) (20, 20) (57, 57) (15, 15) (34, 34) (68, 68) (82, 82) (57, 57) (13, 13) (57, 57) (86, 86) (72, 72) (33, 33) 
(46, 46) (84, 84) (16, 16) (12, 12) (22, 22) (73, 73) (31, 31) (90, 90) (57, 57) (94, 94) (23, 23) (51, 51) (17, 17) (73, 73) (23, 23) (34, 34) (48, 48) (83, 83) (32, 32) (35, 35) 
(6, 6) (32, 32) (10, 10) (62, 62) (74, 74) (82, 82) (51, 51) (51, 51) (51, 51) (71, 71) (28, 28) (27, 27) (87, 87) (22, 22) (33, 33) (45, 45) (44, 44) (96, 96) (81, 81) (53, 53) 
(43, 43) (42, 42) (66, 66) (75, 75) (65, 65) (83, 83) (64, 64) (21, 21) (6, 6) (53, 53) (1, 1) (67, 67) (80, 80) (25, 25) (37, 37) (71, 71) (17, 17) (48, 48) (43, 43) (12, 12) 
(90, 90) (67, 67) (42, 42) (71, 71) (13, 13) (98, 98) (24, 24) (77, 77) (69, 69) (90, 90) (80, 80) (73, 73) (54, 54) (13, 13) (29, 29) (25, 25) (62, 62) (11, 11) (44, 44) (13, 13) 
(73, 73) (67, 67) (52, 52) (6, 6) (30, 30) (25, 25) (73, 73) (86, 86) (53, 53) (19, 19) (84, 84) (52, 52) (80, 80) (63, 63) (21, 21) (2, 2) (78, 78) (29, 29) (44, 44) (90, 90) 
(99, 99) (6, 6) (72, 72) (67, 67) (69, 69) (50, 50) (2, 2) (53, 53) (31, 31) (61, 61) (81, 81) (94, 94) (23, 23) (89, 89) (21, 21) (75, 75) (99, 99) (51, 51) (68, 68) (97, 97) 
(48, 48) (70, 70) (62, 62) (60, 60) (74, 74) (98, 98) (26, 26) (96, 96) (10, 10) (68, 68) (36, 36) (6, 6) (24, 24) (4, 4) (12, 12) (29, 29) (46, 46) (79, 79) (28, 28) (79, 79) 
(54, 54) (41, 41) (61, 61) (56, 56) (42, 42) (59, 59) (95, 95) (46, 46) (43, 43) (1, 1) (49, 49) (42, 42) (2, 2) (32, 32) (55, 55) (2, 2) (57, 57) (60, 60) (76, 76) (40, 40) 
(79, 79) (43, 43) (79, 79) (50, 50) (51, 51) (23, 23) (12, 12) (38, 38) (80, 80) (65, 65) (42, 42) (91, 91) (76, 76) (74, 74) (36, 36) (27, 27) (47, 47) (44, 44) (10, 10) (69, 69) 
(33, 33) (65, 65) (93, 93) (44, 44) (80, 80) (83, 83) (54, 54) (91, 91) (87, 87) (37, 37) (71, 71) (3, 3) (33, 33) (38, 38) (80, 80) (91, 91) (79, 79) (55, 55) (90, 90) (5, 5) 
(76, 76) (18, 18) (19, 19) (57, 57) (71, 71) (86, 86) (59, 59) (17, 17) (21, 21) (42, 42) (2, 2) (51, 51) (84, 84) (22, 22) (7, 7) (17, 17) (52, 52) (84, 84) (16, 16) (28, 28) 
(23, 23) (48, 48) (68, 68) (91, 91) (76, 76) (92, 92) (39, 39) (12, 12) (15, 15) (42, 42) (5, 5) (5, 5) (85, 85) (78, 78) (75, 75) (81, 81) (51, 51) (35, 35) (70, 70) (87, 87) 
(2, 2) (37, 37) (30, 30) (14, 14) (44, 44) (68, 68) (22, 22) (24, 24) (13, 13) (80, 80) (50, 50) (89, 89) (12, 12) (45, 45) (36, 36) (30, 30) (28, 28) (56, 56) (58, 58) (60, 60) 
(92, 92) (34, 34) (2, 2) (35, 35) (82, 82) (60, 60) (76, 76) (3, 3) (89, 89) (8, 8) (97, 97) (23, 23) (26, 26) (49, 49) (66, 66) (37, 37) (55, 55) (72, 72) (70, 70) (63, 63) 
(72, 72) (41, 41) (53, 53) (83, 83) (4, 4) (68, 68) (40, 40) (80, 80) (17, 17) (90, 90) (57, 57) (81, 81) (24, 24) (26, 26) (35, 35) (13, 13) (38, 38) (59, 59) (46, 46) (38, 38) 
(72, 72) (65, 65) (50, 50) (92, 92) (88, 88) (11, 11) (83, 83) (87, 87) (42, 42) (57, 57) (87, 87) (83, 83) (43, 43) (98, 98) (47, 47) (74, 74) (61, 61) (3, 3) (81, 81) (18, 18) 
(13, 13) (44, 44) (84, 84) (19, 19) (69, 69) (23, 23) (32, 32) (30, 30) (26, 26) (64, 64) (55, 55) (27, 27) (52, 52) (17, 17) (97, 97) (21, 21) (73, 73) (45, 45) (31, 31) (49, 49) 
(38, 38) (80, 80) (48, 48) (54, 54) (54, 54) (38, 38) (39, 39) (49, 49) (29, 29) (98, 98) (86, 86) (20, 20) (23, 23) (22, 22) (81, 81) (38, 38) (98, 98) (96, 96) (90, 90) (14, 14) 
(70, 70) (48, 48) (93, 93) (86, 86) (21, 21) (97, 97) (7, 7) (68, 68) (5, 5) (13, 13) (26, 26) (79, 79) (94, 94) (25, 25) (50, 50) (31, 31) (37, 37) (83, 83) (41, 41) (7, 7) 
(93, 93) (75, 75) (33, 33) (46, 46) (14, 14) (17, 17) (70, 70) (63, 63) (38, 38) (63, 63) (45, 45) (99, 99) (41, 41) (12, 12) (64, 64) (34, 34) (12, 12) (54, 54) (66, 66) (31, 31) 
(60, 60) (97, 97) (95, 95) (41, 41) (71, 71) (88, 88) (91, 91) (92, 92) (99, 99) (52, 52) (69, 69) (79, 79) (30, 30) (3, 3) (55, 55) (59, 59) (88, 88) (28, 28) (71, 71) (73, 73) 
(53, 53) (97, 97) (53, 53) (29, 29) (64, 64) (19, 19) (15, 15) (79, 79) (99, 99) (39, 39) (72, 72) (82, 82) (77, 77) (25, 25) (96, 96) (92, 92) (98, 98) (79, 79) (31, 31) (19, 19) 
(56, 56) (6, 6) (63, 63) (50, 50) (67, 67) (80, 80) (60, 60) (36, 36) (10, 10) (14, 14) (44, 44) (81, 81) (54, 54) (20, 20) (67, 67) (25, 25) (49, 49) (78, 78) (75, 75) (3, 3) 
(83, 83) (73, 73) (22, 22) (4, 4) (30, 30) (27, 27) (76, 76) (54, 54) (48, 48) (82, 82) (89, 89) (8, 8) (80, 80) (26, 26) (98, 98) (97, 97) (10, 10) (66, 66) (76, 76) (77, 77) 
(75, 75) (99, 99) (70, 70) (75, 75) (16, 16) (69, 69) (52, 52) (21, 21) (23, 23) (28, 28) (56, 56) (5, 5) (78, 78) (72, 72) (56, 56) (23, 23) (30, 30) (51, 51) (27, 27) (38, 38) 
(96, 96) (25, 25) (56, 56) (67, 67) (77, 77) (61, 61) (55, 55) (87, 87) (20, 20) (60, 60) (40, 40) (23, 23) (17, 17) (24, 24) (37, 37) (52, 52) (46, 46) (96, 96) (19, 19) (46, 46) 
(34, 34) (9, 9) (13, 13) (74, 74) (4, 4) (5, 5) (41, 41) (3, 3) (61, 61) (28, 28) (48, 48) (63, 63) (37, 37) (58, 58) (6, 6) (91, 91) (35, 35) (95, 95) (98, 98) (90, 90) 
(50, 50) (26, 26) (10, 10) (75, 75) (93, 93) (9, 9) (92, 92) (55, 55) (63, 63) (51, 51) (33, 33) (60, 60) (91, 91) (51, 51) (96, 96) (18, 18) (75, 75) (73, 73) (50, 50) (62, 62) 
(28, 28) (41, 41) (92, 92) (57, 57) (10, 10) (5, 5) (85, 85) (41, 41) (98, 98) (12, 12) (62, 62) (39, 39) (53, 53) (51, 51) (81, 81) (56, 56) (39, 39) (5, 5) (90, 90) (65, 65) 
(83, 83) (57, 57) (47, 47) (37, 37) (10, 10) (13, 13) (1, 1) (98, 98) (35, 35) (17, 17) (59, 59) (86, 86) (16, 16) (66, 66) (1, 1) (19, 19) (10, 10) (1, 1) (59, 59) (67, 67) 
(24, 24) (69, 69) (87, 87) (87, 87) (95, 95) (44, 44) (8, 8) (42, 42) (21, 21) (39, 39) (75, 75) (79, 79) (73, 73) (21, 21) (8, 8) (87, 87) (66, 66) (25, 25) (58, 58) (91, 91) 
(45, 45) (29, 29) (95, 95) (55, 55) (62, 62) (97, 97) (77, 77) (2, 2) (43, 43) (68, 68) (94, 94) (20, 20) (61, 61) (78, 78) (65, 65) (70, 70) (42, 42) (69, 69) (59, 59) (38, 38) 
(79, 79) (55, 55) (65, 65) (61, 61) (85, 85) (36, 36) (31, 31) (80, 80) (1, 1) (62, 62) (73, 73) (31, 31) (62, 62) (13, 13) (27, 27) (28, 28) (52, 52) (71, 71) (76, 76) (73, 73) 
(8, 8) (75, 75) (10, 10) (65, 65) (39, 39) (50, 50) (15, 15) (46, 46) (6, 6) (16, 16) (87, 87) (31, 31) (78, 78) (33, 33) (81, 81) (1, 1) (86, 86) (16, 16) (64, 64) (55, 55) 
(45, 45) (51, 51) (66, 66) (28, 28) (56, 56) (42, 42) (93, 93) (5, 5) (99, 99) (16, 16) (76, 76) (32, 32) (29, 29) (33, 33) (23, 23) (65, 65) (52, 52) (99, 99) (91, 91) (12, 12) 
(57, 57) (91, 91) (8, 8) (79, 79) (61, 61) (54, 54) (47, 47) (93, 93) (39, 39) (62, 62) (6, 6) (63, 63) (28, 28) (4, 4) (84, 84) (60, 60) (70, 70) (22, 22) (76, 76) (61, 61) 
(97, 97) (40, 40) (40, 40) (86, 86) (97, 97) (45, 45) (31, 31) (56, 56) (95, 95) (30, 30) (87, 87) (23, 23) (71, 71) (61, 61) (92, 92) (1, 1) (5, 5) (92, 92) (26, 26) (15, 15) 
(24, 24) (58, 58) (62, 62) (41, 41) (11, 11) (17, 17) (45, 45) (73, 73) (2, 2) (57, 57) (65, 65) (51, 51) (75, 75) (59, 59) (97, 97) (88, 88) (52, 52) (8, 8) (59, 59) (71, 71) 
(18, 18) (68, 68) (70, 70) (85, 85) (8, 8) (96, 96) (82, 82) (34, 34) (76, 76) (45, 45) (99, 99) (39, 39) (26, 26) (76, 76) (45, 45) (77, 77) (97, 97) (3, 3) (5, 5) (53, 53) 
(12, 12) (60, 60) (53, 53) (51, 51) (17, 17) (41, 41) (25, 25) (90, 90) (21, 21) (65, 65) (34, 34) (51, 51) (60, 60) (51, 51) (67, 67) (97, 97) (40, 40) (24, 24) (22, 22) (29, 29) 
(29, 29) (36, 36) (91, 91) (68, 68) (64, 64) (2, 2) (6, 6) (65, 65) (44, 44) (50, 50) (21, 21) (64, 64) (6, 6) (99, 99) (44, 44) (13, 13) (42, 42) (12, 12) (15, 15) (42, 42) 
(32, 32) (59, 59) (29, 29) (75, 75) (54, 54) (93, 93) (41, 41) (10, 10) (63, 63) (70, 70) (84, 84) (23, 23) (9, 9) (39, 39) (9, 9) (23, 23) (68, 68) (65, 65) (9, 9) (64, 64) 
(83, 83) (26, 26) (3, 3) (37, 37) (66, 66) (63, 63) (10, 10) (83, 83) (80, 80) (45, 45) (16, 16) (82, 82) (12, 12) (85, 85) (30, 30) (2, 2) (7, 7) (13, 13) (35, 35) (46, 46) 
(21, 21) (29, 29) (50, 50) (5, 5) (6, 6) (6, 6) (88, 88) (50, 50) (50, 50) (65, 65) (68, 68) (71, 71) (45, 45) (51, 51) (52, 52) (53, 53) (37, 37) (1, 1) (9, 9) (41, 41) 
(88, 88) (55, 55) (65, 65) (97, 97) (94, 94) (73, 73) (47, 47) (8, 8) (74, 74) (43, 43) (98, 98) (13, 13) (8, 8) (32, 32) (53, 53) (70, 70) (70, 70) (37, 37) (52, 52) (21, 21) 
(41, 41) (31, 31) (53, 53) (34, 34) (88, 88) (96, 96) (69, 69) (92, 92) (35, 35) (3, 3) (53, 53) (92, 92) (54, 54) (21, 21) (90, 90) (68, 68) (23, 23) (16, 16) (39, 39) (25, 25) 
(35, 35) (49, 49) (2, 2) (34, 34) (89, 89) (36, 36) (81, 81) (29, 29) (99, 99) (96, 96) (5, 5) (28, 28) (97, 97) (11, 11) (79, 79) (91, 91) (65, 65) (5, 5) (94, 94) (94, 94) 
(84, 84) (34, 34) (56, 56) (77, 77) (31, 31) (97, 97) (80, 80) (88, 88) (33, 33) (73, 73) (71, 71) (37, 37) (78, 78) (81, 81) (71, 71) (50, 50) (46, 46) (90, 90) (22, 22) (25, 25) 
(78, 78) (93, 93) (11, 11) (53, 53) (57, 57) (3, 3) (52, 52) (4, 4) (99, 99) (24, 24) (10, 10) (41, 41) (9, 9) (27, 27) (19, 19) (90, 90) (55, 55) (43, 43) (5, 5) (9, 9) 
(20, 20) (46, 46) (57, 57) (63, 63) (70, 70) (64, 64) (55, 55) (30, 30) (26, 26) (6, 6) (70, 70) (48, 48) (91, 91) (97, 97) (77, 77) (94, 94) (88, 88) (75, 75) (52, 52) (77, 77) 
(35, 35) (41, 41) (48, 48) (97, 97) (73, 73) (73, 73) (67, 67) (19, 19) (72, 72) (82, 82) (79, 79) (45, 45) (28, 28) (64, 64) (22, 22) (65, 65) (79, 79) (14, 14) (29, 29) (36, 36) 
(55, 55) (54, 54) (86, 86) (10, 10) (73, 73) (32, 32) (61, 61) (50, 50) (33, 33) (81, 81) (57, 57) (99, 99) (12, 12) (49, 49) (37, 37) (72, 72) (90, 90) (60, 60) (6, 6) (66, 66) 
(35, 35) (34, 34) (97, 97) (23, 23) (69, 69) (56, 56) (38, 38) (15, 15) (67, 67) (75, 75) (52, 52) (91, 91) (55, 55) (56, 56) (73, 73) (80, 80) (88, 88) (25, 25) (20, 20) (65, 65) 
(65, 65) (76, 76) (6, 6) (39, 39) (91, 91) (84, 84) (14, 14) (13, 13) (32, 32) (29, 29) (23, 23) (12, 12) (33, 33) (59, 59) (40, 40) (21, 21) (8, 8) (82, 82) (73, 73) (77, 77) 
(53, 53) (21, 21) (5, 5) (41, 41) (93, 93) (28, 28) (37, 37) (76, 76) (43, 43) (32, 32) (17, 17) (11, 11) (72, 72) (32, 32) (47, 47) (68, 68) (90, 90) (65, 65) (63, 63) (60, 60) 
(91, 91) (81, 81) (76, 76) (44, 44) (30, 30) (84, 84) (54, 54) (26, 26) (19, 19) (93, 93) (83, 83) (7, 7) (44, 44) (8, 8) (5, 5) (66, 66) (58, 58) (98, 98) (81, 81) (36, 36) 
(33, 33) (56, 56) (85, 85) (15, 15) (38, 38) (64, 64) (24, 24) (73, 73) (19, 19) (26, 26) (59, 59) (12, 12) (14, 14) (22, 22) (38, 38) (65, 65) (58, 58) (92, 92) (40, 40) (52, 52) 
(92, 92) (12, 12) (82, 82) (41, 41) (51, 51) (46, 46) (7, 7) (30, 30) (26, 26) (89, 89) (62, 62) (81, 81) (82, 82) (85, 85) (70, 70) (34, 34) (15, 15) (98, 98) (97, 97) (48, 48) 
(11, 11) (10, 10) (73, 73) (50, 50) (3, 3) (16, 16) (24, 24) (88, 88) (94, 94) (11, 11) (58, 58) (4, 4) (66, 66) (58, 58) (42, 42) (69, 69) (98, 98) (50, 50) (25, 25) (46, 46) 
(87, 87) (97, 97) (84, 84) (49, 49) (82, 82) (3, 3) (76, 76) (77, 77) (35, 35) (41, 41) (56, 56) (31, 31) (50, 50) (56, 56) (75, 75) (42, 42) (37, 37) (94, 94) (3, 3) (14, 14) 
(88, 88) (77, 77) (64, 64) (42, 42) (7, 7) (84, 84) (16, 16) (20, 20) (56, 56) (7, 7) (47, 47) (2, 2) (49, 49) (53, 53) (65, 65) (76, 76) (82, 82) (12, 12) (41, 41) (94, 94) 
(84, 84) (99, 99) (61, 61) (28, 28) (59, 59) (64, 64) (51, 51) (77, 77) (26, 26) (43, 43) (72, 72) (63, 63) (68, 68) (4, 4) (86, 86) (87, 87) (77, 77) (8, 8) (47, 47) (38, 38) 
(7, 7) (40, 40) (96, 96) (7, 7) (82, 82) (61, 61) (89, 89) (76, 76) (35, 35) (97, 97) (95, 95) (5, 5) (4, 4) (11, 11) (83, 83) (65, 65) (86, 86) (14, 14) (17, 17) (34, 34) 
(51, 51) (72, 72) (74, 74) (35, 35) (92, 92) (53, 53) (19, 19) (90, 90) (35, 35) (47, 47) (49, 49) (34, 34) (68, 68) (46, 46) (80, 80) (30, 30) (71, 71) (31, 31) (50, 50) (70, 70) 
(31, 31) (71, 71) (45, 45) (75, 75) (40, 40) (87, 87) (55, 55) (21, 21) (18, 18) (21, 21) (1, 1) (5, 5) (17, 17) (83, 83) (58, 58) (68, 68) (66, 66) (89, 89) (35, 35) (67, 67) 
(85, 85) (13, 13) (46, 46) (96, 96) (90, 90) (31, 31) (75, 75) (88, 88) (18, 18) (80, 80) (48, 48) (74, 74) (55, 55) (68, 68) (88, 88) (85, 85) (55, 55) (6, 6) (82, 82) (82, 82) 
(89, 89) (52, 52) (29, 29) (38, 38) (90, 90) (70, 70) (4, 4) (86, 86) (48, 48) (59, 59) (75, 75) (38, 38) (37, 37) (46, 46) (40, 40) (23, 23) (19, 19) (3, 3) (35, 35) (71, 71) 
(64, 64) (60, 60) (86, 86) (14, 14) (61, 61) (87, 87) (47, 47) (83, 83) (66, 66) (78, 78) (90, 90) (80, 80) (80, 80) (58, 58) (8, 8) (14, 14) (43, 43) (4, 4) (1, 1) (3, 3) 
(5, 5) (61, 61) (23, 23) (57, 57) (67, 67) (49, 49) (88, 88) (23, 23) (12, 12) (3, 3) (29, 29) (69, 69) (52, 52) (13, 13) (16, 16) (2, 2) (13, 13) (50, 50) (46, 46) (73, 73) 
(85, 85) (86, 86) (48, 48) (71, 71) (83, 83) (17, 17) (17, 17) (18, 18) (34, 34) (7, 7) (2, 2) (41, 41) (34, 34) (37, 37) (7, 7) (88, 88) (59, 59) (56, 56) (63, 63) (50, 50) 
(59, 59) (49, 49) (81, 81) (13, 13) (29, 29) (19, 19) (5, 5) (77, 77) (71, 71) (11, 11) (68, 68) (90, 90) (62, 62) (96, 96) (70, 70) (31, 31) (55, 55) (80, 80) (55, 55) (85, 85) 
(85, 85) (88, 88) (97, 97) (58, 58) (83, 83) (47, 47) (84, 84) (95, 95) (62, 62) (72, 72) (75, 75) (40, 40) (52, 52) (79, 79) (48, 48) (53, 53) (5, 5) (38, 38) (44, 44) (28, 28) 
(4, 4) (16, 16) (82, 82) (45, 45) (65, 65) (35, 35) (58, 58) (31, 31) (45, 45) (12, 12) (58, 58) (51, 51) (43, 43) (12, 12) (48, 48) (38, 38) (72, 72) (93, 93) (11, 11) (94, 94) 
(42, 42) (49, 49) (84, 84) (90, 90) (16, 16) (78, 78) (83, 83) (82, 82) (7, 7) (99, 99) (22, 22) (14, 14) (63, 63) (81, 81) (78, 78) (7, 7) (31, 31) (14, 14) (59, 59) (33, 33) 
(14, 14) (67, 67) (66, 66) (24, 24) (75, 75) (85, 85) (62, 62) (59, 59) (65, 65) (74, 74) (58, 58) (18, 18) (90, 90) (81, 81) (53, 53) (24, 24) (8, 8) (17, 17) (99, 99) (62, 62) 
(68, 68) (93, 93) (19, 19) (51, 51) (36, 36) (85, 85) (66, 66) (7, 7) (51, 51) (89, 89) (11, 11) (70, 70) (2, 2) (11, 11) (49, 49) (41, 41) (68, 68) (80, 80) (51, 51) (2, 2) 
(92, 92) (16, 16) (6, 6) (22, 22) (93, 93) (89, 89) (29, 29) (34, 34) (62, 62) (19, 19) (61, 61) (18, 18) (91, 91) (16, 16) (27, 27) (4, 4) (69, 69) (2, 2) (7, 7) (83, 83) 
(16, 16) (19, 19) (32, 32) (39, 39) (19, 19) (51, 51) (11, 11) (31, 31) (23, 23) (72, 72) (49, 49) (71, 71) (33, 33) (73, 73) (3, 3) (54, 54) (37, 37) (24, 24) (17, 17) (60, 60) 
