NUMERO DE TRABAJOS
100
NUMERO DE RECURSOS
20
SECUENCIA DE MAQUINAS
8 10 5 0 7 2 14 12 3 15 18 9 11 16 4 13 19 17 6 1 
3 4 6 10 16 5 13 18 1 0 14 9 15 7 17 12 8 2 11 19 
0 8 13 5 2 9 18 1 14 6 17 15 3 19 12 10 7 4 16 11 
12 9 14 19 16 2 0 6 1 13 17 8 7 5 10 15 4 11 3 18 
9 17 12 18 13 8 15 10 6 14 19 4 5 2 0 11 7 3 16 1 
11 5 18 0 9 16 19 15 4 7 8 3 17 13 2 1 14 10 12 6 
7 3 9 10 13 19 6 14 5 16 0 1 2 18 4 17 8 12 15 11 
4 5 9 18 10 8 11 0 16 13 12 14 19 7 15 2 1 17 6 3 
17 4 8 3 7 13 12 14 9 0 5 10 15 19 2 1 6 16 18 11 
0 8 19 18 13 7 17 3 15 6 2 14 9 4 16 5 11 12 1 10 
10 12 1 6 2 5 0 13 16 17 3 18 8 15 11 7 14 4 19 9 
6 7 5 10 1 3 18 2 15 16 4 14 0 11 13 9 8 19 17 12 
18 2 4 15 7 5 11 3 13 6 0 9 17 16 1 19 8 14 12 10 
17 13 14 19 0 4 9 6 5 1 8 12 18 7 3 11 10 16 15 2 
15 1 13 8 19 17 6 2 9 0 14 7 4 5 16 18 10 3 11 12 
8 12 5 2 19 0 15 14 4 18 11 1 17 3 9 10 16 7 13 6 
14 6 16 9 11 12 13 4 2 15 19 17 5 18 3 10 7 1 0 8 
12 2 13 16 11 18 19 17 15 7 1 8 3 0 4 14 10 6 9 5 
14 6 9 18 3 13 2 15 19 17 12 5 1 7 0 10 4 8 11 16 
14 19 5 3 12 15 16 13 9 18 10 1 7 17 0 4 11 2 8 6 
11 7 14 13 3 17 9 8 0 5 4 19 6 15 10 16 2 12 1 18 
7 18 17 0 1 16 12 9 14 6 8 3 4 15 2 19 13 5 11 10 
1 5 16 3 17 2 15 6 4 9 11 8 13 10 14 12 18 0 7 19 
1 0 16 10 8 14 2 17 6 5 11 13 4 9 15 12 7 19 3 18 
14 0 5 18 10 7 17 13 2 19 6 15 3 16 11 1 12 9 4 8 
10 7 14 6 13 11 15 9 4 8 19 12 16 1 5 3 0 18 17 2 
0 5 10 2 1 8 9 4 12 6 11 18 3 7 13 16 19 17 14 15 
18 17 16 8 19 6 10 14 2 15 7 9 3 4 0 12 1 11 13 5 
18 7 6 14 5 8 16 19 3 2 17 4 1 13 0 15 10 12 11 9 
19 1 11 17 7 3 4 6 18 16 15 9 12 5 0 8 10 2 13 14 
2 13 5 16 0 11 7 17 9 15 18 6 14 3 19 10 12 8 1 4 
10 4 5 0 8 9 1 6 17 13 7 16 11 3 19 14 12 18 15 2 
17 10 12 7 19 2 15 9 0 11 3 5 8 14 4 1 16 6 18 13 
15 2 16 6 4 8 14 1 11 13 17 12 18 7 9 0 19 5 10 3 
6 4 5 18 7 9 0 15 17 1 11 12 3 2 10 13 16 19 8 14 
5 14 0 8 11 6 4 15 16 3 13 2 19 9 7 18 17 1 10 12 
15 6 2 12 1 9 4 17 5 3 10 0 18 14 13 8 16 11 7 19 
6 9 2 0 10 11 8 18 13 7 3 14 15 16 4 17 19 12 1 5 
0 1 7 9 12 2 6 16 5 3 19 10 4 13 8 15 17 11 18 14 
2 18 8 0 3 5 9 15 7 11 4 16 10 14 12 6 1 17 19 13 
7 5 11 2 8 15 12 18 14 17 3 16 10 1 0 19 9 6 4 13 
15 16 7 3 9 1 17 0 14 8 2 10 19 6 11 13 18 4 12 5 
3 13 16 10 2 0 15 17 4 5 8 7 9 11 18 19 14 12 1 6 
7 8 3 19 1 12 11 2 5 0 16 18 14 17 15 4 6 9 13 10 
1 19 12 8 10 14 11 9 2 18 0 5 13 7 6 15 4 17 16 3 
16 14 10 11 9 17 13 18 12 2 1 4 0 8 15 5 3 7 19 6 
7 15 11 1 13 3 14 9 4 10 6 8 2 18 12 19 5 0 17 16 
8 1 10 3 12 17 15 7 16 9 4 5 19 11 2 6 13 0 18 14 
9 18 4 14 12 5 6 8 17 10 2 15 3 19 1 11 7 0 16 13 
5 8 14 10 12 0 4 11 2 1 13 15 17 19 16 9 18 6 7 3 
3 15 9 5 18 7 1 17 12 0 6 19 11 14 4 8 16 13 10 2 
15 13 1 7 0 4 17 9 19 5 18 11 16 14 8 3 6 2 12 10 
12 9 8 2 18 1 19 4 10 0 13 17 15 16 6 11 3 14 7 5 
17 18 14 8 12 5 11 2 1 15 7 16 10 6 13 9 0 3 4 19 
5 12 16 11 0 8 10 4 7 3 2 13 17 1 14 15 18 19 9 6 
19 11 2 3 14 10 1 12 9 6 18 13 5 8 7 17 0 15 16 4 
9 8 4 1 5 12 16 19 3 10 15 14 2 6 11 18 13 0 7 17 
12 16 2 18 3 5 4 11 13 14 10 1 9 6 17 15 7 0 8 19 
17 2 5 11 16 12 14 3 15 13 4 1 6 9 18 10 7 0 19 8 
18 13 1 3 0 14 12 6 11 8 15 16 7 19 9 10 4 2 17 5 
7 6 16 0 2 5 19 15 1 10 8 14 18 4 3 13 9 11 12 17 
17 8 19 13 9 16 7 0 3 18 10 2 1 6 11 14 4 15 5 12 
1 10 7 0 15 16 17 9 13 5 2 3 6 11 12 14 8 18 19 4 
9 14 17 18 13 12 4 15 7 3 5 19 0 6 1 11 8 16 2 10 
1 9 4 5 7 8 15 13 12 10 3 0 14 19 2 6 16 18 11 17 
1 8 16 19 9 2 12 17 0 10 5 3 11 18 15 4 6 13 14 7 
16 5 6 9 8 15 7 17 1 10 2 14 0 18 12 13 3 4 11 19 
15 18 16 19 2 14 6 7 5 12 3 0 11 17 1 8 9 10 13 4 
12 18 15 11 8 7 3 1 2 5 17 16 10 14 13 9 4 19 0 6 
12 10 4 2 5 7 9 11 19 18 14 17 15 3 0 13 8 6 1 16 
15 8 4 14 19 13 5 17 1 0 9 3 11 6 10 7 12 18 16 2 
12 3 6 10 18 14 11 15 0 17 1 13 4 9 19 5 2 16 7 8 
14 4 2 10 17 6 0 7 19 1 11 3 16 15 8 13 12 9 18 5 
17 18 9 4 5 2 8 13 6 15 12 3 14 1 0 7 16 11 10 19 
12 11 3 1 0 18 8 16 14 19 13 10 9 4 17 5 2 7 6 15 
17 11 2 14 19 10 3 6 8 9 13 0 15 1 16 5 7 12 4 18 
18 19 3 17 1 5 4 10 2 7 12 14 9 15 8 11 13 16 6 0 
11 0 13 14 19 3 7 4 6 10 2 5 8 12 9 17 15 16 18 1 
7 17 3 9 4 8 19 15 14 2 0 11 13 16 10 5 12 6 1 18 
11 17 9 1 10 12 4 0 13 6 19 5 2 7 3 14 16 8 15 18 
15 0 2 9 3 7 6 12 17 4 19 14 18 5 11 1 16 8 10 13 
12 16 10 13 7 19 2 6 1 15 11 0 5 9 4 17 3 18 8 14 
19 5 10 15 8 7 6 1 14 9 16 0 11 12 17 18 3 2 13 4 
10 13 9 14 18 5 19 15 3 8 6 4 7 1 17 11 12 0 2 16 
2 15 11 14 8 16 19 7 4 1 0 12 9 13 18 6 5 10 17 3 
4 2 3 15 8 11 18 17 16 12 1 13 14 19 5 7 0 10 6 9 
12 0 4 8 19 6 5 10 9 15 7 18 3 14 2 13 11 17 16 1 
13 15 19 5 4 7 18 16 3 11 12 2 9 0 10 1 14 8 17 6 
14 13 16 8 6 10 11 0 9 15 17 18 7 1 3 4 19 5 12 2 
6 3 12 13 2 15 0 10 19 18 9 1 7 17 4 5 11 16 8 14 
2 14 9 6 4 16 11 8 12 13 1 18 0 7 17 3 15 5 19 10 
16 8 9 12 18 11 13 5 4 19 6 1 17 15 7 2 3 0 10 14 
15 16 11 18 14 10 5 0 7 3 6 8 9 12 1 17 2 4 19 13 
14 12 6 8 4 16 5 19 15 11 17 1 2 9 13 18 3 7 0 10 
10 11 14 12 4 9 5 18 17 3 1 7 16 13 6 0 2 8 19 15 
16 6 3 15 7 4 12 9 8 13 2 10 1 19 14 0 18 5 11 17 
5 19 8 4 0 1 14 18 13 7 17 11 2 6 3 10 15 9 16 12 
9 6 16 4 19 5 18 11 13 15 1 2 7 8 3 14 17 12 0 10 
4 6 5 7 8 0 17 9 13 19 12 14 11 16 1 3 10 2 18 15 
17 14 2 12 7 9 8 5 16 18 0 3 13 15 19 4 11 6 1 10 
DURACIONES
(53, 53) (40, 40) (82, 82) (42, 42) (98, 98) (86, 86) (50, 50) (57, 57) (28, 28) (7, 7) (13, 13) (24, 24) (61, 61) (54, 54) (97, 97) (92, 92) (86, 86) (5, 5) (32, 32) (11, 11) 
(44, 44) (50, 50) (39, 39) (81, 81) (51, 51) (92, 92) (65, 65) (20, 20) (75, 75) (60, 60) (95, 95) (28, 28) (14, 14) (28, 28) (54, 54) (55, 55) (91, 91) (3, 3) (28, 28) (93, 93) 
(52, 52) (67, 67) (64, 64) (83, 83) (37, 37) (21, 21) (10, 10) (62, 62) (74, 74) (86, 86) (71, 71) (43, 43) (24, 24) (5, 5) (78, 78) (10, 10) (40, 40) (51, 51) (89, 89) (54, 54) 
(74, 74) (86, 86) (71, 71) (80, 80) (21, 21) (14, 14) (49, 49) (16, 16) (26, 26) (34, 34) (2, 2) (17, 17) (47, 47) (68, 68) (21, 21) (8, 8) (8, 8) (51, 51) (21, 21) (71, 71) 
(89, 89) (50, 50) (80, 80) (88, 88) (16, 16) (58, 58) (20, 20) (32, 32) (42, 42) (89, 89) (79, 79) (87, 87) (73, 73) (74, 74) (17, 17) (53, 53) (81, 81) (85, 85) (55, 55) (57, 57) 
(73, 73) (5, 5) (26, 26) (57, 57) (45, 45) (40, 40) (46, 46) (15, 15) (79, 79) (48, 48) (20, 20) (69, 69) (16, 16) (29, 29) (48, 48) (38, 38) (6, 6) (18, 18) (62, 62) (86, 86) 
(57, 57) (89, 89) (91, 91) (96, 96) (66, 66) (49, 49) (88, 88) (62, 62) (86, 86) (80, 80) (13, 13) (58, 58) (81, 81) (70, 70) (48, 48) (61, 61) (12, 12) (69, 69) (76, 76) (23, 23) 
(30, 30) (65, 65) (26, 26) (60, 60) (38, 38) (66, 66) (76, 76) (85, 85) (39, 39) (96, 96) (19, 19) (75, 75) (5, 5) (91, 91) (14, 14) (46, 46) (27, 27) (69, 69) (95, 95) (3, 3) 
(1, 1) (99, 99) (97, 97) (17, 17) (51, 51) (63, 63) (82, 82) (79, 79) (60, 60) (61, 61) (92, 92) (58, 58) (13, 13) (2, 2) (3, 3) (74, 74) (43, 43) (34, 34) (6, 6) (1, 1) 
(18, 18) (77, 77) (12, 12) (36, 36) (64, 64) (35, 35) (66, 66) (86, 86) (98, 98) (54, 54) (11, 11) (41, 41) (15, 15) (87, 87) (76, 76) (33, 33) (85, 85) (12, 12) (1, 1) (62, 62) 
(29, 29) (17, 17) (21, 21) (93, 93) (39, 39) (48, 48) (46, 46) (60, 60) (9, 9) (61, 61) (43, 43) (47, 47) (47, 47) (92, 92) (2, 2) (77, 77) (58, 58) (71, 71) (16, 16) (50, 50) 
(91, 91) (42, 42) (32, 32) (96, 96) (58, 58) (24, 24) (56, 56) (63, 63) (74, 74) (1, 1) (42, 42) (84, 84) (56, 56) (44, 44) (58, 58) (1, 1) (5, 5) (53, 53) (44, 44) (52, 52) 
(48, 48) (16, 16) (37, 37) (60, 60) (54, 54) (32, 32) (69, 69) (25, 25) (48, 48) (72, 72) (77, 77) (29, 29) (64, 64) (10, 10) (53, 53) (90, 90) (71, 71) (84, 84) (82, 82) (93, 93) 
(23, 23) (28, 28) (99, 99) (49, 49) (79, 79) (7, 7) (32, 32) (89, 89) (12, 12) (22, 22) (54, 54) (88, 88) (69, 69) (65, 65) (95, 95) (84, 84) (32, 32) (64, 64) (33, 33) (55, 55) 
(97, 97) (49, 49) (11, 11) (79, 79) (86, 86) (67, 67) (51, 51) (80, 80) (29, 29) (75, 75) (64, 64) (59, 59) (92, 92) (85, 85) (92, 92) (3, 3) (94, 94) (69, 69) (34, 34) (27, 27) 
(75, 75) (20, 20) (87, 87) (67, 67) (70, 70) (23, 23) (93, 93) (31, 31) (72, 72) (16, 16) (36, 36) (5, 5) (59, 59) (75, 75) (85, 85) (24, 24) (29, 29) (5, 5) (47, 47) (1, 1) 
(24, 24) (13, 13) (27, 27) (21, 21) (29, 29) (19, 19) (91, 91) (37, 37) (93, 93) (76, 76) (75, 75) (15, 15) (70, 70) (70, 70) (91, 91) (57, 57) (18, 18) (8, 8) (29, 29) (73, 73) 
(16, 16) (15, 15) (76, 76) (1, 1) (93, 93) (87, 87) (60, 60) (67, 67) (27, 27) (91, 91) (45, 45) (28, 28) (7, 7) (68, 68) (97, 97) (6, 6) (50, 50) (71, 71) (52, 52) (99, 99) 
(81, 81) (53, 53) (16, 16) (88, 88) (16, 16) (3, 3) (49, 49) (62, 62) (26, 26) (26, 26) (43, 43) (31, 31) (75, 75) (35, 35) (72, 72) (37, 37) (79, 79) (94, 94) (94, 94) (7, 7) 
(93, 93) (21, 21) (92, 92) (60, 60) (42, 42) (9, 9) (93, 93) (68, 68) (28, 28) (29, 29) (45, 45) (94, 94) (97, 97) (78, 78) (5, 5) (66, 66) (85, 85) (39, 39) (18, 18) (80, 80) 
(43, 43) (33, 33) (21, 21) (63, 63) (56, 56) (90, 90) (12, 12) (12, 12) (79, 79) (51, 51) (99, 99) (98, 98) (68, 68) (8, 8) (61, 61) (41, 41) (58, 58) (8, 8) (42, 42) (9, 9) 
(66, 66) (83, 83) (38, 38) (40, 40) (57, 57) (62, 62) (31, 31) (21, 21) (88, 88) (59, 59) (82, 82) (96, 96) (69, 69) (11, 11) (49, 49) (1, 1) (56, 56) (97, 97) (21, 21) (26, 26) 
(53, 53) (12, 12) (91, 91) (86, 86) (66, 66) (85, 85) (2, 2) (78, 78) (23, 23) (28, 28) (16, 16) (35, 35) (55, 55) (35, 35) (51, 51) (3, 3) (25, 25) (54, 54) (6, 6) (10, 10) 
(10, 10) (63, 63) (3, 3) (67, 67) (82, 82) (12, 12) (99, 99) (57, 57) (70, 70) (67, 67) (82, 82) (37, 37) (16, 16) (47, 47) (90, 90) (71, 71) (74, 74) (75, 75) (31, 31) (69, 69) 
(86, 86) (17, 17) (1, 1) (39, 39) (42, 42) (35, 35) (85, 85) (35, 35) (93, 93) (48, 48) (22, 22) (76, 76) (25, 25) (42, 42) (65, 65) (3, 3) (79, 79) (95, 95) (59, 59) (24, 24) 
(83, 83) (72, 72) (50, 50) (93, 93) (8, 8) (7, 7) (79, 79) (57, 57) (95, 95) (68, 68) (67, 67) (15, 15) (58, 58) (2, 2) (34, 34) (95, 95) (72, 72) (96, 96) (30, 30) (26, 26) 
(11, 11) (22, 22) (81, 81) (63, 63) (95, 95) (2, 2) (22, 22) (81, 81) (2, 2) (91, 91) (7, 7) (36, 36) (27, 27) (87, 87) (54, 54) (24, 24) (4, 4) (94, 94) (7, 7) (26, 26) 
(11, 11) (21, 21) (46, 46) (91, 91) (30, 30) (18, 18) (37, 37) (35, 35) (4, 4) (64, 64) (9, 9) (57, 57) (51, 51) (41, 41) (90, 90) (24, 24) (28, 28) (94, 94) (80, 80) (32, 32) 
(17, 17) (40, 40) (44, 44) (72, 72) (41, 41) (31, 31) (86, 86) (7, 7) (60, 60) (41, 41) (11, 11) (36, 36) (20, 20) (23, 23) (81, 81) (27, 27) (53, 53) (8, 8) (96, 96) (77, 77) 
(39, 39) (40, 40) (37, 37) (70, 70) (13, 13) (43, 43) (36, 36) (81, 81) (55, 55) (4, 4) (60, 60) (20, 20) (31, 31) (66, 66) (9, 9) (22, 22) (6, 6) (84, 84) (94, 94) (15, 15) 
(52, 52) (12, 12) (1, 1) (32, 32) (52, 52) (6, 6) (9, 9) (6, 6) (18, 18) (97, 97) (82, 82) (12, 12) (62, 62) (43, 43) (88, 88) (4, 4) (8, 8) (89, 89) (49, 49) (27, 27) 
(69, 69) (98, 98) (43, 43) (94, 94) (71, 71) (82, 82) (42, 42) (91, 91) (20, 20) (52, 52) (45, 45) (58, 58) (1, 1) (19, 19) (7, 7) (9, 9) (83, 83) (93, 93) (62, 62) (68, 68) 
(6, 6) (78, 78) (55, 55) (62, 62) (1, 1) (33, 33) (26, 26) (20, 20) (21, 21) (99, 99) (8, 8) (91, 91) (76, 76) (52, 52) (33, 33) (15, 15) (72, 72) (34, 34) (34, 34) (96, 96) 
(49, 49) (20, 20) (54, 54) (34, 34) (43, 43) (28, 28) (59, 59) (63, 63) (95, 95) (32, 32) (23, 23) (28, 28) (47, 47) (45, 45) (28, 28) (46, 46) (25, 25) (53, 53) (18, 18) (53, 53) 
(41, 41) (13, 13) (43, 43) (8, 8) (98, 98) (75, 75) (71, 71) (60, 60) (20, 20) (15, 15) (11, 11) (65, 65) (56, 56) (89, 89) (48, 48) (83, 83) (76, 76) (82, 82) (52, 52) (26, 26) 
(40, 40) (20, 20) (63, 63) (10, 10) (23, 23) (79, 79) (71, 71) (12, 12) (43, 43) (15, 15) (62, 62) (19, 19) (4, 4) (46, 46) (70, 70) (87, 87) (45, 45) (24, 24) (30, 30) (76, 76) 
(37, 37) (58, 58) (5, 5) (29, 29) (20, 20) (24, 24) (40, 40) (34, 34) (53, 53) (72, 72) (12, 12) (26, 26) (12, 12) (40, 40) (74, 74) (29, 29) (43, 43) (42, 42) (12, 12) (43, 43) 
(62, 62) (35, 35) (62, 62) (20, 20) (17, 17) (44, 44) (94, 94) (6, 6) (83, 83) (85, 85) (14, 14) (71, 71) (5, 5) (7, 7) (53, 53) (43, 43) (2, 2) (11, 11) (18, 18) (89, 89) 
(68, 68) (94, 94) (87, 87) (34, 34) (10, 10) (76, 76) (29, 29) (41, 41) (30, 30) (58, 58) (34, 34) (83, 83) (15, 15) (30, 30) (28, 28) (24, 24) (40, 40) (1, 1) (72, 72) (82, 82) 
(55, 55) (9, 9) (85, 85) (74, 74) (6, 6) (16, 16) (5, 5) (24, 24) (12, 12) (33, 33) (30, 30) (34, 34) (34, 34) (17, 17) (75, 75) (38, 38) (49, 49) (78, 78) (19, 19) (35, 35) 
(51, 51) (40, 40) (28, 28) (84, 84) (78, 78) (93, 93) (39, 39) (14, 14) (57, 57) (52, 52) (94, 94) (10, 10) (35, 35) (97, 97) (93, 93) (87, 87) (47, 47) (27, 27) (18, 18) (24, 24) 
(43, 43) (9, 9) (63, 63) (11, 11) (26, 26) (42, 42) (53, 53) (42, 42) (8, 8) (7, 7) (77, 77) (97, 97) (43, 43) (52, 52) (32, 32) (23, 23) (32, 32) (50, 50) (99, 99) (83, 83) 
(51, 51) (16, 16) (83, 83) (33, 33) (90, 90) (24, 24) (21, 21) (95, 95) (11, 11) (56, 56) (21, 21) (37, 37) (72, 72) (5, 5) (94, 94) (28, 28) (26, 26) (67, 67) (52, 52) (95, 95) 
(82, 82) (72, 72) (62, 62) (61, 61) (22, 22) (18, 18) (66, 66) (28, 28) (88, 88) (48, 48) (87, 87) (41, 41) (78, 78) (70, 70) (2, 2) (15, 15) (13, 13) (25, 25) (44, 44) (62, 62) 
(28, 28) (24, 24) (56, 56) (77, 77) (21, 21) (46, 46) (30, 30) (89, 89) (56, 56) (71, 71) (23, 23) (31, 31) (26, 26) (76, 76) (70, 70) (93, 93) (86, 86) (74, 74) (79, 79) (57, 57) 
(40, 40) (72, 72) (96, 96) (52, 52) (4, 4) (17, 17) (25, 25) (92, 92) (67, 67) (77, 77) (62, 62) (11, 11) (3, 3) (75, 75) (21, 21) (79, 79) (90, 90) (70, 70) (40, 40) (51, 51) 
(7, 7) (7, 7) (2, 2) (61, 61) (34, 34) (46, 46) (7, 7) (22, 22) (36, 36) (36, 36) (11, 11) (95, 95) (11, 11) (69, 69) (8, 8) (56, 56) (33, 33) (69, 69) (87, 87) (58, 58) 
(31, 31) (11, 11) (5, 5) (15, 15) (51, 51) (76, 76) (1, 1) (51, 51) (30, 30) (36, 36) (17, 17) (52, 52) (61, 61) (9, 9) (80, 80) (10, 10) (75, 75) (66, 66) (32, 32) (14, 14) 
(84, 84) (94, 94) (61, 61) (90, 90) (9, 9) (72, 72) (66, 66) (5, 5) (76, 76) (41, 41) (87, 87) (80, 80) (50, 50) (45, 45) (95, 95) (12, 12) (32, 32) (52, 52) (28, 28) (75, 75) 
(60, 60) (21, 21) (60, 60) (52, 52) (42, 42) (47, 47) (77, 77) (93, 93) (27, 27) (62, 62) (24, 24) (37, 37) (4, 4) (75, 75) (56, 56) (16, 16) (76, 76) (64, 64) (85, 85) (11, 11) 
(21, 21) (10, 10) (87, 87) (47, 47) (40, 40) (45, 45) (48, 48) (27, 27) (63, 63) (29, 29) (36, 36) (25, 25) (74, 74) (19, 19) (20, 20) (78, 78) (51, 51) (32, 32) (69, 69) (23, 23) 
(71, 71) (7, 7) (64, 64) (53, 53) (89, 89) (39, 39) (86, 86) (2, 2) (92, 92) (5, 5) (52, 52) (63, 63) (27, 27) (75, 75) (46, 46) (3, 3) (98, 98) (82, 82) (6, 6) (70, 70) 
(51, 51) (89, 89) (36, 36) (84, 84) (95, 95) (12, 12) (97, 97) (75, 75) (57, 57) (79, 79) (91, 91) (77, 77) (17, 17) (86, 86) (58, 58) (43, 43) (15, 15) (90, 90) (28, 28) (45, 45) 
(3, 3) (31, 31) (71, 71) (51, 51) (6, 6) (37, 37) (4, 4) (81, 81) (98, 98) (97, 97) (58, 58) (19, 19) (84, 84) (3, 3) (96, 96) (50, 50) (21, 21) (86, 86) (44, 44) (76, 76) 
(66, 66) (9, 9) (32, 32) (78, 78) (20, 20) (69, 69) (46, 46) (1, 1) (93, 93) (81, 81) (18, 18) (64, 64) (40, 40) (39, 39) (86, 86) (92, 92) (69, 69) (69, 69) (17, 17) (11, 11) 
(98, 98) (80, 80) (8, 8) (98, 98) (56, 56) (47, 47) (26, 26) (30, 30) (49, 49) (55, 55) (75, 75) (66, 66) (44, 44) (12, 12) (60, 60) (81, 81) (82, 82) (38, 38) (29, 29) (72, 72) 
(55, 55) (18, 18) (32, 32) (78, 78) (95, 95) (40, 40) (79, 79) (35, 35) (41, 41) (40, 40) (65, 65) (89, 89) (16, 16) (20, 20) (86, 86) (59, 59) (49, 49) (86, 86) (36, 36) (25, 25) 
(6, 6) (51, 51) (26, 26) (59, 59) (20, 20) (65, 65) (50, 50) (99, 99) (96, 96) (62, 62) (47, 47) (89, 89) (39, 39) (68, 68) (28, 28) (70, 70) (29, 29) (71, 71) (94, 94) (79, 79) 
(51, 51) (73, 73) (20, 20) (26, 26) (11, 11) (46, 46) (35, 35) (87, 87) (84, 84) (95, 95) (84, 84) (97, 97) (50, 50) (10, 10) (99, 99) (97, 97) (86, 86) (83, 83) (27, 27) (84, 84) 
(58, 58) (24, 24) (99, 99) (80, 80) (78, 78) (10, 10) (53, 53) (10, 10) (99, 99) (85, 85) (80, 80) (7, 7) (24, 24) (66, 66) (92, 92) (74, 74) (98, 98) (9, 9) (30, 30) (28, 28) 
(9, 9) (88, 88) (56, 56) (23, 23) (92, 92) (38, 38) (88, 88) (64, 64) (71, 71) (59, 59) (11, 11) (32, 32) (71, 71) (62, 62) (27, 27) (20, 20) (54, 54) (43, 43) (2, 2) (73, 73) 
(69, 69) (47, 47) (60, 60) (75, 75) (13, 13) (22, 22) (16, 16) (60, 60) (87, 87) (80, 80) (33, 33) (14, 14) (59, 59) (99, 99) (97, 97) (55, 55) (3, 3) (40, 40) (30, 30) (36, 36) 
(56, 56) (2, 2) (31, 31) (70, 70) (92, 92) (87, 87) (49, 49) (25, 25) (5, 5) (42, 42) (66, 66) (18, 18) (1, 1) (43, 43) (32, 32) (46, 46) (48, 48) (20, 20) (11, 11) (23, 23) 
(29, 29) (22, 22) (17, 17) (19, 19) (35, 35) (28, 28) (19, 19) (29, 29) (80, 80) (59, 59) (86, 86) (95, 95) (36, 36) (79, 79) (82, 82) (89, 89) (72, 72) (27, 27) (86, 86) (4, 4) 
(76, 76) (31, 31) (93, 93) (64, 64) (87, 87) (84, 84) (62, 62) (41, 41) (6, 6) (36, 36) (12, 12) (18, 18) (68, 68) (96, 96) (90, 90) (34, 34) (67, 67) (61, 61) (73, 73) (64, 64) 
(41, 41) (28, 28) (39, 39) (34, 34) (36, 36) (13, 13) (95, 95) (12, 12) (10, 10) (30, 30) (34, 34) (92, 92) (14, 14) (15, 15) (10, 10) (98, 98) (75, 75) (62, 62) (12, 12) (88, 88) 
(9, 9) (83, 83) (93, 93) (98, 98) (33, 33) (81, 81) (40, 40) (18, 18) (96, 96) (52, 52) (51, 51) (99, 99) (34, 34) (46, 46) (30, 30) (55, 55) (44, 44) (32, 32) (71, 71) (10, 10) 
(83, 83) (66, 66) (20, 20) (22, 22) (73, 73) (76, 76) (59, 59) (74, 74) (23, 23) (90, 90) (53, 53) (11, 11) (43, 43) (88, 88) (76, 76) (65, 65) (44, 44) (52, 52) (25, 25) (54, 54) 
(78, 78) (91, 91) (41, 41) (54, 54) (68, 68) (60, 60) (94, 94) (3, 3) (38, 38) (22, 22) (33, 33) (37, 37) (76, 76) (31, 31) (24, 24) (46, 46) (20, 20) (69, 69) (53, 53) (57, 57) 
(80, 80) (12, 12) (46, 46) (5, 5) (20, 20) (42, 42) (66, 66) (32, 32) (43, 43) (58, 58) (63, 63) (89, 89) (54, 54) (79, 79) (28, 28) (42, 42) (90, 90) (6, 6) (66, 66) (29, 29) 
(63, 63) (56, 56) (43, 43) (33, 33) (10, 10) (53, 53) (2, 2) (24, 24) (6, 6) (61, 61) (14, 14) (92, 92) (27, 27) (82, 82) (63, 63) (2, 2) (27, 27) (25, 25) (51, 51) (91, 91) 
(23, 23) (62, 62) (44, 44) (32, 32) (69, 69) (86, 86) (24, 24) (42, 42) (31, 31) (35, 35) (24, 24) (34, 34) (12, 12) (35, 35) (51, 51) (73, 73) (5, 5) (12, 12) (52, 52) (13, 13) 
(53, 53) (67, 67) (91, 91) (63, 63) (97, 97) (83, 83) (51, 51) (55, 55) (14, 14) (78, 78) (17, 17) (74, 74) (9, 9) (63, 63) (22, 22) (71, 71) (41, 41) (81, 81) (54, 54) (46, 46) 
(28, 28) (16, 16) (12, 12) (30, 30) (97, 97) (86, 86) (9, 9) (65, 65) (51, 51) (30, 30) (15, 15) (41, 41) (91, 91) (46, 46) (18, 18) (21, 21) (89, 89) (2, 2) (77, 77) (78, 78) 
(91, 91) (33, 33) (84, 84) (79, 79) (4, 4) (7, 7) (49, 49) (45, 45) (9, 9) (69, 69) (86, 86) (94, 94) (90, 90) (24, 24) (21, 21) (15, 15) (38, 38) (28, 28) (26, 26) (60, 60) 
(94, 94) (47, 47) (96, 96) (70, 70) (51, 51) (93, 93) (64, 64) (24, 24) (45, 45) (36, 36) (62, 62) (91, 91) (18, 18) (38, 38) (47, 47) (98, 98) (51, 51) (12, 12) (26, 26) (51, 51) 
(50, 50) (74, 74) (34, 34) (45, 45) (33, 33) (50, 50) (69, 69) (14, 14) (89, 89) (86, 86) (57, 57) (17, 17) (80, 80) (32, 32) (72, 72) (33, 33) (51, 51) (31, 31) (43, 43) (65, 65) 
(14, 14) (4, 4) (22, 22) (27, 27) (58, 58) (12, 12) (92, 92) (27, 27) (24, 24) (13, 13) (8, 8) (55, 55) (66, 66) (81, 81) (12, 12) (13, 13) (57, 57) (77, 77) (25, 25) (99, 99) 
(99, 99) (84, 84) (72, 72) (79, 79) (72, 72) (47, 47) (47, 47) (92, 92) (49, 49) (49, 49) (43, 43) (33, 33) (30, 30) (16, 16) (35, 35) (2, 2) (47, 47) (59, 59) (44, 44) (98, 98) 
(1, 1) (75, 75) (2, 2) (26, 26) (20, 20) (54, 54) (63, 63) (31, 31) (44, 44) (98, 98) (73, 73) (41, 41) (52, 52) (81, 81) (30, 30) (57, 57) (25, 25) (70, 70) (58, 58) (83, 83) 
(21, 21) (15, 15) (60, 60) (30, 30) (50, 50) (31, 31) (17, 17) (34, 34) (15, 15) (98, 98) (77, 77) (57, 57) (58, 58) (40, 40) (21, 21) (25, 25) (41, 41) (78, 78) (44, 44) (26, 26) 
(14, 14) (31, 31) (86, 86) (68, 68) (69, 69) (71, 71) (44, 44) (10, 10) (76, 76) (82, 82) (54, 54) (40, 40) (46, 46) (47, 47) (42, 42) (86, 86) (62, 62) (41, 41) (27, 27) (12, 12) 
(18, 18) (46, 46) (22, 22) (66, 66) (5, 5) (12, 12) (27, 27) (82, 82) (24, 24) (60, 60) (10, 10) (93, 93) (54, 54) (10, 10) (60, 60) (14, 14) (16, 16) (48, 48) (18, 18) (82, 82) 
(84, 84) (15, 15) (59, 59) (45, 45) (63, 63) (71, 71) (86, 86) (2, 2) (42, 42) (46, 46) (39, 39) (9, 9) (7, 7) (32, 32) (78, 78) (12, 12) (78, 78) (68, 68) (77, 77) (90, 90) 
(33, 33) (2, 2) (35, 35) (91, 91) (49, 49) (21, 21) (29, 29) (60, 60) (88, 88) (71, 71) (14, 14) (6, 6) (40, 40) (53, 53) (2, 2) (88, 88) (38, 38) (7, 7) (43, 43) (34, 34) 
(16, 16) (95, 95) (2, 2) (88, 88) (45, 45) (93, 93) (77, 77) (10, 10) (71, 71) (69, 69) (33, 33) (22, 22) (54, 54) (56, 56) (31, 31) (18, 18) (63, 63) (82, 82) (98, 98) (70, 70) 
(15, 15) (42, 42) (44, 44) (80, 80) (15, 15) (24, 24) (76, 76) (71, 71) (38, 38) (27, 27) (48, 48) (38, 38) (73, 73) (42, 42) (8, 8) (52, 52) (20, 20) (40, 40) (51, 51) (99, 99) 
(46, 46) (3, 3) (82, 82) (20, 20) (1, 1) (45, 45) (79, 79) (70, 70) (46, 46) (48, 48) (63, 63) (87, 87) (47, 47) (43, 43) (1, 1) (48, 48) (65, 65) (11, 11) (25, 25) (9, 9) 
(12, 12) (17, 17) (55, 55) (75, 75) (56, 56) (89, 89) (6, 6) (46, 46) (22, 22) (44, 44) (2, 2) (14, 14) (36, 36) (96, 96) (6, 6) (37, 37) (62, 62) (94, 94) (77, 77) (14, 14) 
(37, 37) (28, 28) (16, 16) (80, 80) (10, 10) (90, 90) (5, 5) (17, 17) (28, 28) (40, 40) (76, 76) (30, 30) (52, 52) (77, 77) (15, 15) (50, 50) (99, 99) (99, 99) (64, 64) (63, 63) 
(88, 88) (4, 4) (26, 26) (9, 9) (81, 81) (47, 47) (82, 82) (52, 52) (65, 65) (63, 63) (37, 37) (59, 59) (78, 78) (51, 51) (75, 75) (24, 24) (77, 77) (28, 28) (97, 97) (98, 98) 
(79, 79) (7, 7) (25, 25) (92, 92) (8, 8) (90, 90) (82, 82) (9, 9) (53, 53) (95, 95) (51, 51) (54, 54) (29, 29) (86, 86) (7, 7) (58, 58) (66, 66) (84, 84) (42, 42) (10, 10) 
(5, 5) (52, 52) (70, 70) (59, 59) (10, 10) (88, 88) (56, 56) (55, 55) (73, 73) (65, 65) (66, 66) (17, 17) (5, 5) (22, 22) (40, 40) (42, 42) (1, 1) (51, 51) (95, 95) (28, 28) 
(30, 30) (62, 62) (46, 46) (14, 14) (62, 62) (16, 16) (24, 24) (17, 17) (70, 70) (66, 66) (57, 57) (55, 55) (79, 79) (99, 99) (27, 27) (17, 17) (75, 75) (6, 6) (14, 14) (61, 61) 
(71, 71) (22, 22) (68, 68) (74, 74) (39, 39) (68, 68) (28, 28) (7, 7) (67, 67) (7, 7) (92, 92) (45, 45) (67, 67) (35, 35) (70, 70) (52, 52) (65, 65) (99, 99) (21, 21) (51, 51) 
(5, 5) (73, 73) (10, 10) (75, 75) (16, 16) (70, 70) (39, 39) (62, 62) (65, 65) (99, 99) (57, 57) (7, 7) (54, 54) (52, 52) (47, 47) (43, 43) (1, 1) (65, 65) (88, 88) (36, 36) 
(30, 30) (82, 82) (82, 82) (54, 54) (94, 94) (28, 28) (75, 75) (1, 1) (84, 84) (61, 61) (17, 17) (45, 45) (72, 72) (58, 58) (78, 78) (63, 63) (50, 50) (77, 77) (8, 8) (25, 25) 
(17, 17) (78, 78) (20, 20) (92, 92) (57, 57) (95, 95) (25, 25) (44, 44) (8, 8) (93, 93) (21, 21) (21, 21) (47, 47) (38, 38) (33, 33) (48, 48) (39, 39) (69, 69) (15, 15) (70, 70) 
(2, 2) (4, 4) (44, 44) (38, 38) (93, 93) (94, 94) (93, 93) (18, 18) (38, 38) (66, 66) (38, 38) (60, 60) (87, 87) (49, 49) (52, 52) (72, 72) (12, 12) (5, 5) (21, 21) (6, 6) 
(63, 63) (21, 21) (21, 21) (53, 53) (79, 79) (10, 10) (13, 13) (45, 45) (63, 63) (39, 39) (38, 38) (50, 50) (80, 80) (45, 45) (84, 84) (2, 2) (29, 29) (31, 31) (27, 27) (96, 96) 
