NUMERO DE TRABAJOS
100
NUMERO DE RECURSOS
20
SECUENCIA DE MAQUINAS
14 0 15 16 6 19 4 13 1 8 17 5 10 12 11 18 9 3 7 2 
2 13 19 11 16 4 6 17 5 8 10 12 15 1 0 3 7 18 14 9 
10 6 2 16 7 3 13 9 14 19 4 8 17 11 0 1 18 5 15 12 
12 9 18 4 19 14 3 6 13 5 1 16 17 10 2 0 7 15 8 11 
16 2 8 6 14 12 0 19 3 11 7 10 18 13 5 15 17 4 1 9 
19 8 1 13 17 3 10 2 9 12 7 5 15 4 14 6 16 11 0 18 
17 2 14 10 0 19 7 3 18 8 13 15 6 11 4 9 5 16 12 1 
6 19 12 11 13 10 8 7 9 0 4 1 3 15 16 18 5 2 14 17 
14 16 6 0 19 5 9 18 2 3 17 8 10 1 12 15 11 7 13 4 
13 5 16 4 6 19 15 1 9 14 7 11 8 17 2 12 0 10 3 18 
10 5 1 2 6 18 9 11 8 12 3 17 13 7 14 15 4 19 0 16 
7 5 17 10 3 8 14 4 13 6 16 0 12 18 2 11 19 15 1 9 
19 5 3 0 8 7 2 1 9 15 17 16 10 4 18 12 14 6 11 13 
19 4 16 17 7 5 2 15 9 8 1 18 6 10 0 14 12 3 11 13 
3 0 8 14 5 16 19 4 2 11 12 17 9 15 13 7 1 6 18 10 
5 17 2 10 6 9 15 0 11 3 4 7 8 1 19 16 13 18 14 12 
10 4 15 13 9 14 1 2 3 16 0 19 11 7 8 18 17 6 5 12 
2 8 7 11 0 17 4 13 19 12 3 15 16 5 10 18 9 6 14 1 
19 9 3 16 10 17 12 13 2 15 6 4 8 18 5 0 7 1 11 14 
2 14 15 8 4 10 0 12 1 5 17 19 13 11 7 16 6 9 18 3 
4 9 17 11 5 8 16 1 19 2 18 15 7 12 14 13 10 6 3 0 
0 3 13 11 5 6 14 1 18 2 19 16 15 8 4 7 12 10 9 17 
16 8 2 4 17 18 7 15 14 12 6 3 19 13 10 1 0 11 9 5 
2 12 14 18 11 9 19 7 6 15 5 1 4 10 16 8 13 17 3 0 
10 9 16 0 1 7 19 13 14 2 3 6 12 15 4 8 17 18 5 11 
15 3 5 6 18 9 10 7 14 13 17 1 4 11 16 19 0 12 2 8 
15 19 8 4 11 6 17 3 12 7 16 10 13 1 2 18 5 14 0 9 
6 11 13 5 18 3 0 16 7 2 17 1 15 8 4 19 9 14 10 12 
1 0 16 12 7 4 18 9 15 17 10 6 19 11 3 8 14 5 13 2 
2 19 11 0 18 16 13 5 7 4 8 1 14 15 6 10 3 17 9 12 
0 16 1 18 10 19 3 8 9 11 2 14 15 17 5 7 6 13 4 12 
13 15 1 5 14 10 6 12 4 0 8 7 11 2 19 17 9 16 3 18 
9 12 10 5 16 7 6 19 8 0 13 4 1 14 17 2 11 18 3 15 
17 7 16 8 18 9 5 1 19 13 4 14 10 15 0 2 3 11 6 12 
4 3 18 12 9 6 11 14 10 1 7 17 8 5 16 0 19 15 13 2 
19 13 9 0 14 8 12 10 5 7 16 17 15 3 11 6 4 18 2 1 
19 7 9 17 13 5 2 15 3 1 14 16 18 0 10 8 6 11 4 12 
7 0 17 13 12 14 1 8 6 18 2 3 9 5 10 15 19 11 4 16 
9 7 8 19 12 3 1 14 18 11 16 13 4 5 17 0 2 15 6 10 
6 8 18 7 16 1 5 14 3 9 19 4 11 2 17 12 15 0 10 13 
19 3 2 8 5 7 14 17 0 1 13 15 12 4 9 10 18 11 16 6 
3 12 4 8 10 1 16 0 9 17 14 13 19 18 15 11 6 7 2 5 
13 12 0 5 8 18 7 1 3 4 16 11 10 15 9 19 17 14 2 6 
4 16 3 19 7 1 0 11 5 6 10 8 17 9 13 12 2 18 15 14 
4 15 16 8 9 17 5 11 18 0 14 6 10 2 3 13 12 7 19 1 
15 5 16 12 1 17 0 18 10 19 8 14 11 13 2 9 4 3 7 6 
5 4 15 9 2 7 19 14 8 16 11 12 0 17 6 13 3 18 1 10 
3 14 5 13 15 0 4 8 19 16 7 6 17 12 1 10 11 2 9 18 
2 17 7 0 14 8 1 12 18 13 10 6 15 4 3 5 9 19 16 11 
18 7 14 2 1 19 6 8 11 13 10 15 3 0 12 4 17 5 9 16 
2 5 8 19 7 15 4 16 13 6 12 18 17 14 0 10 11 3 9 1 
5 14 18 13 15 0 12 7 8 6 1 3 2 10 9 19 11 4 16 17 
10 15 9 14 11 8 7 1 3 17 18 0 5 4 16 19 2 12 13 6 
13 14 9 11 19 6 4 7 5 12 0 18 17 8 2 1 16 3 10 15 
11 18 19 17 14 9 4 16 8 6 0 2 7 15 12 13 5 1 10 3 
18 5 4 0 14 1 12 19 3 16 11 7 17 13 8 2 9 10 15 6 
5 17 14 10 8 6 18 9 0 13 1 2 19 4 7 11 16 3 12 15 
9 7 13 16 3 19 14 6 5 11 1 18 4 12 8 0 2 10 15 17 
1 0 5 19 10 2 7 9 8 4 18 14 17 11 12 6 16 3 15 13 
3 6 1 7 9 14 10 0 5 13 19 4 12 17 8 16 2 18 11 15 
10 1 8 18 4 6 13 12 7 0 9 14 3 11 16 19 2 5 15 17 
17 4 16 7 10 14 19 12 8 1 15 3 13 11 0 6 2 18 9 5 
14 16 19 13 10 8 0 11 4 6 2 7 3 18 17 15 9 12 1 5 
2 8 19 5 12 3 11 13 9 17 7 4 6 0 15 14 16 10 1 18 
14 1 12 2 0 5 9 7 17 16 10 4 8 13 11 18 15 6 19 3 
1 15 18 8 16 10 14 7 12 13 2 5 9 19 0 11 6 4 3 17 
1 19 5 4 15 6 14 8 12 3 18 13 11 0 2 16 10 7 17 9 
4 15 17 6 16 5 10 7 18 12 19 9 14 13 0 3 8 2 11 1 
2 14 5 11 12 7 16 9 13 18 19 3 8 6 4 10 17 15 1 0 
6 14 8 5 11 18 2 4 1 15 13 9 3 16 19 12 7 0 17 10 
18 5 0 15 3 4 1 17 9 7 14 16 8 6 11 2 12 19 13 10 
0 1 3 18 13 8 17 4 2 5 16 6 7 19 9 15 12 10 11 14 
19 1 3 15 8 13 14 18 11 2 12 17 16 9 4 10 5 6 0 7 
5 1 9 0 16 10 7 11 18 4 15 3 14 12 8 19 2 6 17 13 
6 1 19 3 9 17 10 2 12 0 15 8 11 18 7 14 13 16 5 4 
0 5 4 2 3 15 10 19 11 17 13 14 16 6 8 18 9 7 12 1 
1 12 7 17 10 16 4 8 6 13 14 18 5 15 0 11 3 2 9 19 
8 13 3 10 6 18 19 5 4 14 15 1 11 0 7 17 2 9 16 12 
12 13 15 8 10 4 1 3 0 9 7 2 16 19 11 14 5 6 18 17 
9 16 8 1 12 5 15 18 7 4 3 14 2 13 10 0 11 17 19 6 
4 9 16 12 19 5 15 3 0 1 17 10 18 6 2 11 7 8 13 14 
10 8 14 9 2 3 4 0 18 1 16 17 6 7 15 12 5 19 13 11 
2 14 1 0 5 19 15 4 7 12 3 13 10 6 9 8 17 16 11 18 
9 4 19 12 18 6 14 3 8 11 13 5 16 7 15 17 10 0 1 2 
12 0 10 19 14 17 18 3 5 16 6 7 8 9 2 1 4 13 15 11 
9 6 0 12 3 4 19 17 5 10 14 7 1 13 2 18 8 11 15 16 
18 5 13 0 10 8 16 7 12 14 17 15 11 3 6 2 1 19 4 9 
17 4 18 1 7 16 13 6 19 5 14 15 10 11 12 0 3 9 8 2 
3 17 5 9 19 18 0 15 8 13 11 1 12 4 2 10 16 6 14 7 
7 13 10 17 14 0 2 16 18 19 3 5 11 4 9 12 15 6 8 1 
1 5 0 13 4 6 3 12 7 14 16 8 11 15 17 9 2 10 18 19 
13 12 3 14 5 19 16 10 2 0 15 8 6 17 7 1 4 11 18 9 
16 18 11 4 8 17 3 14 7 1 13 10 0 12 2 6 9 15 19 5 
12 8 4 6 0 15 19 5 9 1 3 10 2 16 18 13 7 17 11 14 
17 14 6 8 11 13 19 12 7 4 16 2 15 18 3 1 0 9 10 5 
14 18 13 7 4 15 3 11 19 5 10 2 1 0 16 6 8 17 12 9 
7 16 5 13 18 19 11 1 4 8 3 9 15 2 0 10 12 14 6 17 
17 2 8 4 19 0 14 9 18 13 5 6 12 7 3 16 11 1 15 10 
10 8 19 2 11 5 15 9 4 0 12 1 17 18 3 7 13 6 14 16 
13 15 4 12 1 17 18 3 2 6 7 16 11 5 14 0 8 9 10 19 
DURACIONES
(57, 57) (18, 18) (44, 44) (17, 17) (66, 66) (34, 34) (83, 83) (76, 76) (66, 66) (20, 20) (94, 94) (67, 67) (76, 76) (1, 1) (84, 84) (31, 31) (78, 78) (16, 16) (15, 15) (91, 91) 
(56, 56) (91, 91) (62, 62) (32, 32) (61, 61) (49, 49) (27, 27) (94, 94) (92, 92) (27, 27) (7, 7) (99, 99) (26, 26) (80, 80) (90, 90) (61, 61) (40, 40) (74, 74) (18, 18) (38, 38) 
(25, 25) (61, 61) (5, 5) (73, 73) (9, 9) (17, 17) (25, 25) (99, 99) (22, 22) (24, 24) (92, 92) (91, 91) (19, 19) (20, 20) (34, 34) (82, 82) (91, 91) (38, 38) (87, 87) (13, 13) 
(30, 30) (50, 50) (13, 13) (77, 77) (10, 10) (92, 92) (85, 85) (84, 84) (98, 98) (25, 25) (59, 59) (69, 69) (68, 68) (48, 48) (79, 79) (90, 90) (41, 41) (60, 60) (58, 58) (73, 73) 
(70, 70) (93, 93) (72, 72) (17, 17) (2, 2) (87, 87) (19, 19) (44, 44) (38, 38) (29, 29) (62, 62) (44, 44) (18, 18) (52, 52) (63, 63) (41, 41) (99, 99) (68, 68) (42, 42) (1, 1) 
(64, 64) (65, 65) (34, 34) (73, 73) (32, 32) (17, 17) (31, 31) (80, 80) (63, 63) (13, 13) (3, 3) (34, 34) (2, 2) (60, 60) (6, 6) (93, 93) (39, 39) (31, 31) (58, 58) (6, 6) 
(91, 91) (65, 65) (22, 22) (4, 4) (72, 72) (50, 50) (85, 85) (4, 4) (7, 7) (58, 58) (96, 96) (21, 21) (62, 62) (15, 15) (79, 79) (36, 36) (58, 58) (43, 43) (21, 21) (45, 45) 
(6, 6) (3, 3) (21, 21) (1, 1) (60, 60) (32, 32) (31, 31) (43, 43) (85, 85) (59, 59) (48, 48) (11, 11) (70, 70) (21, 21) (88, 88) (92, 92) (90, 90) (4, 4) (49, 49) (42, 42) 
(89, 89) (99, 99) (84, 84) (69, 69) (35, 35) (22, 22) (42, 42) (13, 13) (5, 5) (33, 33) (15, 15) (22, 22) (16, 16) (12, 12) (22, 22) (26, 26) (52, 52) (11, 11) (39, 39) (39, 39) 
(1, 1) (67, 67) (70, 70) (74, 74) (52, 52) (35, 35) (83, 83) (2, 2) (57, 57) (24, 24) (58, 58) (78, 78) (65, 65) (44, 44) (95, 95) (5, 5) (47, 47) (69, 69) (66, 66) (38, 38) 
(65, 65) (71, 71) (34, 34) (6, 6) (88, 88) (96, 96) (80, 80) (87, 87) (56, 56) (15, 15) (62, 62) (75, 75) (61, 61) (3, 3) (56, 56) (67, 67) (6, 6) (37, 37) (34, 34) (4, 4) 
(23, 23) (43, 43) (28, 28) (78, 78) (77, 77) (55, 55) (27, 27) (80, 80) (42, 42) (51, 51) (54, 54) (9, 9) (85, 85) (93, 93) (77, 77) (31, 31) (76, 76) (43, 43) (29, 29) (8, 8) 
(55, 55) (49, 49) (22, 22) (21, 21) (57, 57) (25, 25) (2, 2) (87, 87) (74, 74) (94, 94) (7, 7) (85, 85) (46, 46) (75, 75) (91, 91) (39, 39) (21, 21) (17, 17) (66, 66) (83, 83) 
(42, 42) (8, 8) (25, 25) (42, 42) (39, 39) (12, 12) (11, 11) (73, 73) (25, 25) (63, 63) (65, 65) (57, 57) (77, 77) (49, 49) (18, 18) (1, 1) (84, 84) (58, 58) (67, 67) (8, 8) 
(30, 30) (26, 26) (35, 35) (40, 40) (34, 34) (1, 1) (88, 88) (92, 92) (53, 53) (58, 58) (32, 32) (70, 70) (11, 11) (24, 24) (64, 64) (50, 50) (68, 68) (99, 99) (38, 38) (11, 11) 
(38, 38) (93, 93) (50, 50) (69, 69) (78, 78) (62, 62) (70, 70) (45, 45) (7, 7) (87, 87) (77, 77) (87, 87) (86, 86) (66, 66) (35, 35) (42, 42) (82, 82) (55, 55) (28, 28) (23, 23) 
(82, 82) (99, 99) (98, 98) (50, 50) (49, 49) (22, 22) (9, 9) (52, 52) (21, 21) (38, 38) (50, 50) (74, 74) (58, 58) (44, 44) (5, 5) (53, 53) (61, 61) (21, 21) (89, 89) (62, 62) 
(12, 12) (60, 60) (27, 27) (74, 74) (60, 60) (8, 8) (26, 26) (3, 3) (30, 30) (6, 6) (46, 46) (63, 63) (67, 67) (17, 17) (75, 75) (57, 57) (51, 51) (52, 52) (13, 13) (87, 87) 
(68, 68) (23, 23) (6, 6) (20, 20) (74, 74) (30, 30) (14, 14) (46, 46) (49, 49) (67, 67) (34, 34) (47, 47) (83, 83) (45, 45) (43, 43) (75, 75) (41, 41) (81, 81) (80, 80) (55, 55) 
(43, 43) (17, 17) (26, 26) (5, 5) (22, 22) (51, 51) (9, 9) (61, 61) (16, 16) (93, 93) (76, 76) (34, 34) (5, 5) (30, 30) (81, 81) (36, 36) (13, 13) (23, 23) (76, 76) (31, 31) 
(25, 25) (57, 57) (51, 51) (51, 51) (22, 22) (91, 91) (32, 32) (22, 22) (7, 7) (99, 99) (61, 61) (7, 7) (67, 67) (87, 87) (95, 95) (79, 79) (19, 19) (37, 37) (92, 92) (23, 23) 
(57, 57) (23, 23) (99, 99) (45, 45) (47, 47) (59, 59) (53, 53) (68, 68) (68, 68) (55, 55) (19, 19) (76, 76) (30, 30) (87, 87) (55, 55) (77, 77) (12, 12) (40, 40) (30, 30) (76, 76) 
(96, 96) (25, 25) (83, 83) (41, 41) (76, 76) (45, 45) (23, 23) (65, 65) (73, 73) (35, 35) (4, 4) (47, 47) (60, 60) (74, 74) (94, 94) (51, 51) (50, 50) (82, 82) (84, 84) (11, 11) 
(89, 89) (76, 76) (15, 15) (68, 68) (81, 81) (81, 81) (55, 55) (56, 56) (78, 78) (46, 46) (92, 92) (15, 15) (5, 5) (12, 12) (49, 49) (60, 60) (94, 94) (12, 12) (33, 33) (47, 47) 
(56, 56) (14, 14) (80, 80) (11, 11) (50, 50) (51, 51) (83, 83) (65, 65) (87, 87) (50, 50) (78, 78) (6, 6) (18, 18) (40, 40) (43, 43) (87, 87) (74, 74) (76, 76) (73, 73) (51, 51) 
(63, 63) (55, 55) (49, 49) (52, 52) (66, 66) (27, 27) (66, 66) (1, 1) (83, 83) (23, 23) (49, 49) (95, 95) (48, 48) (26, 26) (56, 56) (20, 20) (7, 7) (6, 6) (43, 43) (52, 52) 
(29, 29) (90, 90) (83, 83) (33, 33) (91, 91) (45, 45) (71, 71) (49, 49) (90, 90) (72, 72) (79, 79) (56, 56) (65, 65) (11, 11) (74, 74) (36, 36) (76, 76) (1, 1) (2, 2) (74, 74) 
(89, 89) (18, 18) (73, 73) (45, 45) (37, 37) (44, 44) (25, 25) (86, 86) (66, 66) (19, 19) (76, 76) (31, 31) (44, 44) (12, 12) (54, 54) (73, 73) (42, 42) (1, 1) (91, 91) (31, 31) 
(73, 73) (19, 19) (97, 97) (50, 50) (74, 74) (30, 30) (4, 4) (69, 69) (44, 44) (98, 98) (19, 19) (2, 2) (90, 90) (34, 34) (46, 46) (76, 76) (81, 81) (76, 76) (40, 40) (50, 50) 
(4, 4) (60, 60) (5, 5) (19, 19) (49, 49) (26, 26) (18, 18) (96, 96) (37, 37) (55, 55) (83, 83) (72, 72) (76, 76) (38, 38) (95, 95) (98, 98) (65, 65) (74, 74) (80, 80) (97, 97) 
(16, 16) (64, 64) (20, 20) (58, 58) (99, 99) (4, 4) (9, 9) (59, 59) (29, 29) (26, 26) (23, 23) (10, 10) (15, 15) (21, 21) (19, 19) (98, 98) (77, 77) (80, 80) (76, 76) (25, 25) 
(51, 51) (33, 33) (14, 14) (63, 63) (46, 46) (6, 6) (53, 53) (27, 27) (99, 99) (87, 87) (15, 15) (77, 77) (66, 66) (3, 3) (51, 51) (3, 3) (9, 9) (34, 34) (77, 77) (54, 54) 
(67, 67) (98, 98) (57, 57) (74, 74) (47, 47) (12, 12) (92, 92) (30, 30) (45, 45) (39, 39) (36, 36) (12, 12) (86, 86) (88, 88) (15, 15) (89, 89) (96, 96) (69, 69) (43, 43) (72, 72) 
(84, 84) (67, 67) (30, 30) (69, 69) (6, 6) (87, 87) (58, 58) (37, 37) (87, 87) (12, 12) (90, 90) (38, 38) (47, 47) (99, 99) (8, 8) (30, 30) (48, 48) (30, 30) (7, 7) (98, 98) 
(92, 92) (74, 74) (8, 8) (86, 86) (36, 36) (78, 78) (6, 6) (2, 2) (42, 42) (14, 14) (72, 72) (94, 94) (83, 83) (4, 4) (50, 50) (90, 90) (80, 80) (27, 27) (45, 45) (71, 71) 
(78, 78) (41, 41) (17, 17) (86, 86) (83, 83) (71, 71) (54, 54) (80, 80) (68, 68) (16, 16) (88, 88) (40, 40) (88, 88) (11, 11) (9, 9) (54, 54) (3, 3) (24, 24) (81, 81) (18, 18) 
(72, 72) (64, 64) (68, 68) (46, 46) (29, 29) (92, 92) (74, 74) (68, 68) (12, 12) (68, 68) (87, 87) (80, 80) (81, 81) (44, 44) (76, 76) (9, 9) (26, 26) (31, 31) (37, 37) (82, 82) 
(44, 44) (53, 53) (86, 86) (67, 67) (4, 4) (14, 14) (47, 47) (19, 19) (50, 50) (68, 68) (65, 65) (22, 22) (97, 97) (11, 11) (34, 34) (75, 75) (11, 11) (14, 14) (78, 78) (80, 80) 
(63, 63) (48, 48) (63, 63) (43, 43) (9, 9) (82, 82) (13, 13) (48, 48) (3, 3) (69, 69) (47, 47) (3, 3) (56, 56) (32, 32) (41, 41) (10, 10) (48, 48) (16, 16) (98, 98) (59, 59) 
(42, 42) (91, 91) (11, 11) (37, 37) (97, 97) (40, 40) (35, 35) (96, 96) (95, 95) (26, 26) (80, 80) (61, 61) (69, 69) (16, 16) (59, 59) (65, 65) (3, 3) (5, 5) (85, 85) (48, 48) 
(3, 3) (22, 22) (12, 12) (63, 63) (20, 20) (83, 83) (56, 56) (76, 76) (47, 47) (9, 9) (42, 42) (35, 35) (23, 23) (11, 11) (20, 20) (28, 28) (51, 51) (78, 78) (35, 35) (57, 57) 
(13, 13) (76, 76) (20, 20) (67, 67) (6, 6) (19, 19) (74, 74) (1, 1) (13, 13) (48, 48) (44, 44) (12, 12) (46, 46) (94, 94) (26, 26) (43, 43) (37, 37) (73, 73) (48, 48) (29, 29) 
(25, 25) (49, 49) (51, 51) (36, 36) (50, 50) (15, 15) (66, 66) (17, 17) (43, 43) (53, 53) (3, 3) (47, 47) (12, 12) (74, 74) (8, 8) (65, 65) (29, 29) (8, 8) (18, 18) (36, 36) 
(33, 33) (14, 14) (95, 95) (48, 48) (68, 68) (24, 24) (87, 87) (43, 43) (10, 10) (40, 40) (32, 32) (43, 43) (66, 66) (42, 42) (29, 29) (20, 20) (28, 28) (39, 39) (77, 77) (41, 41) 
(73, 73) (66, 66) (67, 67) (67, 67) (72, 72) (63, 63) (81, 81) (84, 84) (7, 7) (52, 52) (9, 9) (9, 9) (35, 35) (11, 11) (37, 37) (55, 55) (96, 96) (84, 84) (97, 97) (32, 32) 
(67, 67) (28, 28) (85, 85) (58, 58) (51, 51) (41, 41) (64, 64) (40, 40) (54, 54) (31, 31) (47, 47) (16, 16) (43, 43) (59, 59) (67, 67) (33, 33) (15, 15) (91, 91) (9, 9) (52, 52) 
(29, 29) (62, 62) (23, 23) (60, 60) (68, 68) (20, 20) (20, 20) (32, 32) (50, 50) (9, 9) (22, 22) (56, 56) (94, 94) (27, 27) (41, 41) (77, 77) (19, 19) (54, 54) (87, 87) (96, 96) 
(69, 69) (66, 66) (86, 86) (43, 43) (52, 52) (39, 39) (27, 27) (63, 63) (5, 5) (70, 70) (2, 2) (10, 10) (2, 2) (13, 13) (44, 44) (92, 92) (71, 71) (14, 14) (4, 4) (35, 35) 
(65, 65) (78, 78) (26, 26) (29, 29) (76, 76) (20, 20) (64, 64) (33, 33) (91, 91) (47, 47) (89, 89) (49, 49) (50, 50) (41, 41) (61, 61) (22, 22) (99, 99) (32, 32) (12, 12) (43, 43) 
(78, 78) (84, 84) (81, 81) (62, 62) (42, 42) (11, 11) (65, 65) (83, 83) (75, 75) (12, 12) (46, 46) (46, 46) (61, 61) (98, 98) (49, 49) (35, 35) (39, 39) (27, 27) (23, 23) (56, 56) 
(49, 49) (37, 37) (37, 37) (95, 95) (91, 91) (68, 68) (8, 8) (18, 18) (54, 54) (23, 23) (94, 94) (62, 62) (66, 66) (3, 3) (21, 21) (62, 62) (72, 72) (28, 28) (91, 91) (83, 83) 
(21, 21) (73, 73) (45, 45) (22, 22) (89, 89) (4, 4) (4, 4) (1, 1) (71, 71) (44, 44) (35, 35) (99, 99) (49, 49) (19, 19) (25, 25) (77, 77) (14, 14) (90, 90) (19, 19) (85, 85) 
(76, 76) (8, 8) (68, 68) (13, 13) (98, 98) (88, 88) (50, 50) (17, 17) (73, 73) (18, 18) (22, 22) (63, 63) (73, 73) (56, 56) (61, 61) (25, 25) (71, 71) (15, 15) (50, 50) (23, 23) 
(1, 1) (99, 99) (64, 64) (51, 51) (77, 77) (12, 12) (26, 26) (27, 27) (31, 31) (23, 23) (90, 90) (65, 65) (16, 16) (91, 91) (47, 47) (35, 35) (39, 39) (9, 9) (64, 64) (91, 91) 
(5, 5) (42, 42) (3, 3) (15, 15) (74, 74) (45, 45) (34, 34) (49, 49) (45, 45) (54, 54) (86, 86) (28, 28) (6, 6) (77, 77) (76, 76) (59, 59) (63, 63) (21, 21) (50, 50) (93, 93) 
(26, 26) (94, 94) (33, 33) (20, 20) (27, 27) (83, 83) (55, 55) (93, 93) (41, 41) (62, 62) (6, 6) (33, 33) (47, 47) (84, 84) (25, 25) (5, 5) (8, 8) (14, 14) (26, 26) (96, 96) 
(90, 90) (99, 99) (19, 19) (74, 74) (15, 15) (82, 82) (55, 55) (91, 91) (53, 53) (8, 8) (19, 19) (9, 9) (60, 60) (10, 10) (5, 5) (37, 37) (95, 95) (19, 19) (63, 63) (57, 57) 
(40, 40) (19, 19) (3, 3) (44, 44) (30, 30) (84, 84) (49, 49) (22, 22) (15, 15) (93, 93) (8, 8) (90, 90) (48, 48) (87, 87) (34, 34) (42, 42) (78, 78) (76, 76) (82, 82) (7, 7) 
(47, 47) (4, 4) (35, 35) (15, 15) (32, 32) (64, 64) (75, 75) (63, 63) (97, 97) (51, 51) (65, 65) (41, 41) (46, 46) (64, 64) (21, 21) (50, 50) (3, 3) (40, 40) (35, 35) (65, 65) 
(89, 89) (23, 23) (9, 9) (7, 7) (8, 8) (77, 77) (94, 94) (82, 82) (32, 32) (93, 93) (4, 4) (73, 73) (94, 94) (66, 66) (82, 82) (28, 28) (38, 38) (44, 44) (26, 26) (5, 5) 
(30, 30) (68, 68) (69, 69) (57, 57) (82, 82) (75, 75) (10, 10) (37, 37) (35, 35) (95, 95) (86, 86) (25, 25) (62, 62) (81, 81) (75, 75) (59, 59) (96, 96) (84, 84) (81, 81) (99, 99) 
(91, 91) (61, 61) (44, 44) (11, 11) (21, 21) (14, 14) (62, 62) (16, 16) (36, 36) (51, 51) (56, 56) (77, 77) (79, 79) (53, 53) (37, 37) (48, 48) (28, 28) (61, 61) (52, 52) (72, 72) 
(51, 51) (18, 18) (9, 9) (6, 6) (53, 53) (72, 72) (48, 48) (72, 72) (64, 64) (49, 49) (57, 57) (42, 42) (80, 80) (92, 92) (9, 9) (6, 6) (84, 84) (58, 58) (50, 50) (79, 79) 
(67, 67) (16, 16) (5, 5) (30, 30) (12, 12) (11, 11) (26, 26) (74, 74) (36, 36) (23, 23) (50, 50) (13, 13) (59, 59) (37, 37) (79, 79) (68, 68) (20, 20) (66, 66) (87, 87) (52, 52) 
(52, 52) (4, 4) (6, 6) (27, 27) (35, 35) (46, 46) (82, 82) (2, 2) (59, 59) (71, 71) (84, 84) (15, 15) (40, 40) (77, 77) (78, 78) (2, 2) (62, 62) (72, 72) (79, 79) (71, 71) 
(76, 76) (25, 25) (40, 40) (15, 15) (83, 83) (39, 39) (66, 66) (79, 79) (78, 78) (30, 30) (18, 18) (29, 29) (56, 56) (27, 27) (44, 44) (78, 78) (1, 1) (69, 69) (34, 34) (18, 18) 
(51, 51) (89, 89) (99, 99) (54, 54) (99, 99) (76, 76) (11, 11) (92, 92) (4, 4) (25, 25) (66, 66) (41, 41) (92, 92) (36, 36) (55, 55) (32, 32) (47, 47) (1, 1) (45, 45) (91, 91) 
(81, 81) (87, 87) (28, 28) (15, 15) (43, 43) (4, 4) (67, 67) (12, 12) (95, 95) (4, 4) (66, 66) (59, 59) (34, 34) (9, 9) (25, 25) (2, 2) (6, 6) (87, 87) (85, 85) (35, 35) 
(6, 6) (11, 11) (50, 50) (84, 84) (62, 62) (94, 94) (2, 2) (97, 97) (52, 52) (4, 4) (92, 92) (44, 44) (51, 51) (23, 23) (80, 80) (35, 35) (16, 16) (46, 46) (5, 5) (67, 67) 
(62, 62) (97, 97) (52, 52) (99, 99) (83, 83) (53, 53) (57, 57) (8, 8) (69, 69) (37, 37) (72, 72) (95, 95) (61, 61) (76, 76) (72, 72) (54, 54) (15, 15) (91, 91) (50, 50) (36, 36) 
(43, 43) (33, 33) (24, 24) (84, 84) (29, 29) (32, 32) (30, 30) (42, 42) (79, 79) (58, 58) (46, 46) (7, 7) (89, 89) (71, 71) (91, 91) (9, 9) (70, 70) (40, 40) (33, 33) (22, 22) 
(31, 31) (23, 23) (36, 36) (37, 37) (80, 80) (6, 6) (57, 57) (86, 86) (52, 52) (1, 1) (95, 95) (68, 68) (87, 87) (18, 18) (56, 56) (28, 28) (66, 66) (88, 88) (45, 45) (20, 20) 
(68, 68) (14, 14) (43, 43) (90, 90) (44, 44) (21, 21) (28, 28) (97, 97) (98, 98) (48, 48) (95, 95) (84, 84) (70, 70) (38, 38) (92, 92) (56, 56) (55, 55) (53, 53) (15, 15) (21, 21) 
(91, 91) (56, 56) (97, 97) (46, 46) (18, 18) (64, 64) (94, 94) (99, 99) (81, 81) (62, 62) (56, 56) (53, 53) (98, 98) (32, 32) (51, 51) (24, 24) (26, 26) (81, 81) (24, 24) (26, 26) 
(99, 99) (46, 46) (22, 22) (25, 25) (12, 12) (28, 28) (29, 29) (87, 87) (36, 36) (38, 38) (42, 42) (35, 35) (30, 30) (57, 57) (85, 85) (97, 97) (2, 2) (49, 49) (83, 83) (28, 28) 
(13, 13) (93, 93) (59, 59) (3, 3) (51, 51) (74, 74) (84, 84) (83, 83) (74, 74) (89, 89) (70, 70) (45, 45) (59, 59) (54, 54) (1, 1) (60, 60) (78, 78) (59, 59) (46, 46) (91, 91) 
(47, 47) (35, 35) (25, 25) (54, 54) (50, 50) (31, 31) (72, 72) (84, 84) (69, 69) (90, 90) (55, 55) (64, 64) (89, 89) (10, 10) (51, 51) (81, 81) (58, 58) (47, 47) (36, 36) (13, 13) 
(82, 82) (84, 84) (25, 25) (16, 16) (91, 91) (78, 78) (78, 78) (48, 48) (72, 72) (47, 47) (60, 60) (36, 36) (27, 27) (42, 42) (34, 34) (35, 35) (85, 85) (33, 33) (70, 70) (57, 57) 
(4, 4) (97, 97) (59, 59) (96, 96) (31, 31) (72, 72) (46, 46) (47, 47) (56, 56) (64, 64) (51, 51) (77, 77) (73, 73) (67, 67) (81, 81) (2, 2) (78, 78) (22, 22) (48, 48) (9, 9) 
(90, 90) (21, 21) (81, 81) (42, 42) (63, 63) (98, 98) (84, 84) (29, 29) (54, 54) (91, 91) (75, 75) (90, 90) (1, 1) (89, 89) (6, 6) (42, 42) (2, 2) (12, 12) (33, 33) (66, 66) 
(80, 80) (88, 88) (57, 57) (30, 30) (94, 94) (95, 95) (58, 58) (89, 89) (47, 47) (17, 17) (24, 24) (98, 98) (62, 62) (91, 91) (49, 49) (65, 65) (34, 34) (91, 91) (94, 94) (13, 13) 
(41, 41) (94, 94) (9, 9) (95, 95) (77, 77) (87, 87) (90, 90) (86, 86) (21, 21) (13, 13) (60, 60) (36, 36) (22, 22) (71, 71) (18, 18) (15, 15) (32, 32) (14, 14) (11, 11) (54, 54) 
(47, 47) (18, 18) (93, 93) (57, 57) (74, 74) (2, 2) (58, 58) (69, 69) (10, 10) (41, 41) (80, 80) (3, 3) (72, 72) (60, 60) (34, 34) (60, 60) (34, 34) (32, 32) (33, 33) (89, 89) 
(88, 88) (31, 31) (27, 27) (88, 88) (48, 48) (27, 27) (5, 5) (49, 49) (8, 8) (67, 67) (23, 23) (48, 48) (24, 24) (89, 89) (73, 73) (76, 76) (87, 87) (55, 55) (17, 17) (63, 63) 
(10, 10) (83, 83) (87, 87) (46, 46) (31, 31) (79, 79) (28, 28) (15, 15) (31, 31) (83, 83) (42, 42) (40, 40) (43, 43) (60, 60) (5, 5) (62, 62) (48, 48) (28, 28) (13, 13) (74, 74) 
(73, 73) (77, 77) (94, 94) (16, 16) (89, 89) (48, 48) (93, 93) (25, 25) (76, 76) (4, 4) (70, 70) (66, 66) (31, 31) (63, 63) (70, 70) (91, 91) (39, 39) (67, 67) (3, 3) (5, 5) 
(62, 62) (93, 93) (38, 38) (65, 65) (81, 81) (45, 45) (56, 56) (69, 69) (77, 77) (4, 4) (8, 8) (66, 66) (16, 16) (6, 6) (76, 76) (79, 79) (24, 24) (96, 96) (80, 80) (38, 38) 
(95, 95) (26, 26) (84, 84) (96, 96) (91, 91) (63, 63) (48, 48) (39, 39) (28, 28) (48, 48) (83, 83) (74, 74) (84, 84) (2, 2) (76, 76) (45, 45) (98, 98) (70, 70) (88, 88) (68, 68) 
(10, 10) (96, 96) (66, 66) (79, 79) (94, 94) (8, 8) (19, 19) (9, 9) (8, 8) (74, 74) (1, 1) (30, 30) (93, 93) (91, 91) (11, 11) (57, 57) (76, 76) (75, 75) (87, 87) (40, 40) 
(17, 17) (98, 98) (75, 75) (57, 57) (1, 1) (61, 61) (72, 72) (82, 82) (60, 60) (87, 87) (94, 94) (49, 49) (64, 64) (83, 83) (42, 42) (63, 63) (29, 29) (67, 67) (99, 99) (76, 76) 
(6, 6) (92, 92) (9, 9) (60, 60) (24, 24) (20, 20) (78, 78) (46, 46) (16, 16) (52, 52) (78, 78) (30, 30) (3, 3) (63, 63) (13, 13) (68, 68) (73, 73) (55, 55) (94, 94) (65, 65) 
(21, 21) (93, 93) (18, 18) (34, 34) (82, 82) (51, 51) (49, 49) (70, 70) (51, 51) (58, 58) (57, 57) (80, 80) (45, 45) (69, 69) (50, 50) (94, 94) (10, 10) (2, 2) (71, 71) (40, 40) 
(17, 17) (78, 78) (56, 56) (76, 76) (36, 36) (26, 26) (87, 87) (74, 74) (35, 35) (39, 39) (32, 32) (82, 82) (84, 84) (95, 95) (41, 41) (43, 43) (50, 50) (41, 41) (46, 46) (53, 53) 
(67, 67) (62, 62) (71, 71) (12, 12) (23, 23) (81, 81) (65, 65) (40, 40) (59, 59) (66, 66) (78, 78) (21, 21) (48, 48) (69, 69) (4, 4) (95, 95) (68, 68) (36, 36) (19, 19) (51, 51) 
(97, 97) (84, 84) (87, 87) (95, 95) (26, 26) (14, 14) (72, 72) (24, 24) (86, 86) (6, 6) (45, 45) (29, 29) (19, 19) (92, 92) (80, 80) (11, 11) (52, 52) (77, 77) (89, 89) (75, 75) 
(20, 20) (85, 85) (48, 48) (70, 70) (31, 31) (14, 14) (81, 81) (21, 21) (57, 57) (98, 98) (9, 9) (23, 23) (16, 16) (46, 46) (44, 44) (16, 16) (41, 41) (17, 17) (80, 80) (13, 13) 
(68, 68) (30, 30) (86, 86) (54, 54) (80, 80) (78, 78) (16, 16) (89, 89) (71, 71) (97, 97) (80, 80) (69, 69) (38, 38) (77, 77) (3, 3) (30, 30) (61, 61) (82, 82) (88, 88) (85, 85) 
(97, 97) (46, 46) (49, 49) (77, 77) (27, 27) (96, 96) (82, 82) (63, 63) (21, 21) (83, 83) (51, 51) (77, 77) (80, 80) (88, 88) (7, 7) (97, 97) (73, 73) (58, 58) (36, 36) (2, 2) 
(44, 44) (91, 91) (2, 2) (94, 94) (81, 81) (51, 51) (88, 88) (43, 43) (20, 20) (79, 79) (47, 47) (62, 62) (66, 66) (41, 41) (24, 24) (60, 60) (12, 12) (3, 3) (77, 77) (81, 81) 
(43, 43) (65, 65) (68, 68) (61, 61) (69, 69) (26, 26) (47, 47) (87, 87) (53, 53) (81, 81) (59, 59) (81, 81) (80, 80) (63, 63) (31, 31) (21, 21) (46, 46) (3, 3) (82, 82) (64, 64) 
