NUMERO DE TRABAJOS
100
NUMERO DE RECURSOS
20
SECUENCIA DE MAQUINAS
17 16 7 0 2 5 13 15 9 10 3 1 19 12 14 6 4 11 18 8 
12 3 19 13 2 7 16 17 6 14 9 5 1 0 18 4 10 8 15 11 
17 0 18 10 2 1 6 4 14 8 12 15 13 3 16 5 11 7 19 9 
8 14 7 0 13 12 2 10 3 9 1 17 11 16 4 19 15 6 5 18 
13 0 7 16 6 12 2 4 5 11 18 14 10 1 19 8 3 9 17 15 
11 1 18 6 17 16 0 19 7 10 3 2 5 13 4 9 14 12 8 15 
19 2 4 11 18 14 16 10 5 3 13 0 7 6 12 15 17 1 9 8 
4 17 19 11 13 16 0 10 18 7 5 9 6 12 15 14 8 2 1 3 
12 3 11 7 9 17 19 15 4 18 0 14 1 8 2 5 13 10 6 16 
11 0 15 14 8 17 12 16 9 18 1 7 2 19 6 10 13 4 5 3 
6 8 12 15 16 4 19 2 18 11 0 10 14 3 9 7 17 5 13 1 
9 1 3 14 13 7 8 17 19 12 4 18 5 2 11 6 10 16 0 15 
18 1 9 3 4 0 14 2 15 8 16 10 13 17 5 7 11 19 12 6 
9 12 10 14 13 17 18 4 11 3 6 1 15 7 19 0 16 5 2 8 
3 8 9 10 5 2 19 0 16 6 17 11 15 4 1 7 18 12 13 14 
7 16 10 8 13 3 0 5 11 17 9 15 4 1 6 12 2 19 18 14 
0 18 9 6 7 3 2 11 16 4 14 17 19 5 10 8 13 15 12 1 
16 9 15 5 0 7 8 18 13 2 17 19 10 4 14 12 6 11 1 3 
8 10 14 7 0 19 3 9 15 5 12 13 18 16 17 2 6 11 4 1 
12 9 5 1 10 18 2 7 8 11 14 4 15 17 3 13 16 19 0 6 
7 15 8 17 6 14 19 18 5 9 12 2 0 4 1 3 13 11 10 16 
4 10 2 13 11 18 6 19 16 8 15 14 12 17 9 5 1 3 7 0 
13 9 16 17 4 10 5 19 3 14 0 6 8 12 7 2 11 18 1 15 
3 16 13 1 6 7 12 9 17 11 18 14 19 4 8 2 0 15 5 10 
2 3 13 10 15 14 12 1 17 4 7 11 0 18 6 16 9 8 19 5 
12 19 18 1 14 16 0 10 4 5 3 9 13 8 7 11 2 6 17 15 
9 11 14 16 13 0 12 10 4 2 15 5 17 19 6 1 7 3 18 8 
17 6 16 7 19 12 0 18 13 2 1 11 8 14 5 3 9 15 10 4 
12 11 6 5 7 19 2 17 3 15 9 13 14 8 10 16 1 0 18 4 
7 12 10 13 5 11 8 0 3 1 19 9 6 2 14 15 18 4 16 17 
3 12 9 10 2 0 1 6 17 15 4 11 13 16 18 8 19 7 14 5 
16 18 10 17 19 8 15 7 11 6 14 4 2 12 1 9 5 13 0 3 
14 18 1 17 8 12 13 15 5 3 9 7 6 10 2 19 0 16 4 11 
0 8 2 12 15 16 7 1 4 9 5 11 13 6 18 14 19 17 10 3 
12 11 5 8 2 16 9 4 15 10 7 1 13 6 14 18 0 19 17 3 
12 19 10 11 17 4 5 18 14 0 16 9 1 7 15 6 8 3 13 2 
13 3 11 16 4 8 17 0 6 2 7 10 5 9 15 1 12 14 19 18 
10 13 19 8 0 9 7 15 18 17 4 1 12 3 11 14 5 6 16 2 
19 8 10 3 7 15 14 5 0 11 2 9 17 1 12 16 6 18 4 13 
2 15 4 0 13 10 19 18 12 9 7 5 14 1 8 17 11 16 6 3 
14 8 17 15 11 1 5 10 6 9 19 7 2 4 18 13 16 3 0 12 
4 3 5 6 9 18 19 2 11 15 17 0 8 16 12 1 13 14 10 7 
12 8 17 19 10 13 5 14 7 6 1 2 18 3 15 11 9 0 4 16 
18 4 0 8 13 6 3 2 9 17 1 11 15 12 16 10 5 7 19 14 
10 13 7 0 15 6 11 8 14 2 5 3 9 16 1 4 19 18 17 12 
12 5 14 18 8 0 7 2 10 16 9 6 1 17 11 4 15 19 3 13 
5 2 11 18 12 15 0 3 17 19 13 9 7 6 16 10 14 1 4 8 
3 1 10 9 2 15 13 12 5 0 7 19 11 17 4 8 18 14 6 16 
8 3 18 9 15 0 13 10 11 19 14 16 7 2 1 12 4 6 17 5 
17 2 10 9 14 16 6 1 15 8 13 7 5 11 0 4 12 18 19 3 
10 9 12 5 7 4 19 0 14 11 2 6 1 3 15 16 13 18 8 17 
5 9 14 3 12 17 4 11 2 19 6 15 10 0 18 7 1 8 16 13 
2 13 15 4 10 5 9 0 17 11 7 18 3 16 8 14 19 6 12 1 
18 6 5 19 7 16 13 4 15 14 10 8 12 17 0 11 2 9 3 1 
7 1 2 17 16 10 9 6 5 15 12 8 14 3 0 19 13 11 4 18 
14 8 10 15 17 4 9 7 1 3 19 0 13 2 16 5 11 6 12 18 
18 4 5 2 11 17 19 14 16 15 1 7 13 9 3 10 8 0 12 6 
13 14 0 8 19 15 16 6 17 4 18 10 9 5 2 11 12 3 1 7 
11 15 19 8 6 12 3 18 13 4 10 14 5 9 7 17 2 16 1 0 
1 10 4 13 14 9 7 19 3 17 0 8 18 11 2 5 15 6 16 12 
18 2 4 3 5 19 16 10 6 17 8 13 12 0 1 9 15 14 11 7 
18 7 10 11 6 16 5 9 13 4 1 19 3 14 15 17 0 8 2 12 
9 1 10 0 11 8 19 7 15 6 12 13 16 4 17 18 2 14 3 5 
5 9 10 7 0 4 15 13 16 2 19 3 12 11 18 14 1 8 17 6 
10 3 15 17 2 6 14 19 12 8 16 13 0 11 4 1 5 9 18 7 
1 0 7 19 16 17 5 8 18 15 12 3 11 4 10 13 6 14 2 9 
16 2 8 5 14 9 1 4 12 10 15 13 17 7 3 19 0 6 18 11 
18 12 1 3 14 2 11 10 0 13 15 8 7 5 9 19 16 6 4 17 
12 10 19 2 9 16 6 17 7 15 3 4 5 1 14 11 18 0 13 8 
12 9 8 6 7 0 1 11 10 18 3 14 13 17 16 5 15 2 19 4 
13 9 8 11 10 15 0 18 1 5 7 4 17 2 12 16 14 6 19 3 
2 12 6 4 19 7 10 1 16 17 18 3 15 11 13 8 9 0 14 5 
17 11 3 15 5 13 16 9 14 10 6 2 0 19 12 8 4 18 7 1 
19 6 3 5 16 14 10 4 1 11 7 9 12 17 15 18 8 13 0 2 
14 6 4 0 2 12 10 8 15 7 3 16 19 1 17 9 13 5 11 18 
2 1 6 7 18 16 15 14 4 11 8 9 19 0 10 13 3 5 17 12 
3 11 15 19 7 2 17 18 8 4 14 1 6 10 13 9 16 0 12 5 
9 19 8 10 17 6 4 15 13 1 14 16 11 18 5 0 7 12 3 2 
7 2 1 3 11 15 0 9 14 10 13 16 17 6 19 12 5 18 4 8 
17 13 9 2 3 8 5 10 15 16 6 4 1 7 19 11 0 18 14 12 
2 13 14 10 15 18 1 11 16 19 8 12 7 0 3 5 6 9 17 4 
0 17 5 9 2 8 4 15 7 14 3 12 6 1 10 13 16 11 18 19 
8 11 0 15 13 14 4 7 19 12 1 3 9 10 17 2 18 16 5 6 
7 8 18 12 6 14 13 16 3 10 15 5 9 1 2 11 19 17 4 0 
16 15 18 11 2 14 8 4 1 9 19 3 10 7 6 13 17 0 5 12 
16 11 19 18 12 0 7 4 6 13 10 15 8 1 2 5 3 14 9 17 
7 15 5 2 6 13 18 0 3 12 8 9 10 17 1 14 4 16 11 19 
2 17 9 8 5 4 12 1 18 11 0 15 16 14 10 3 7 19 13 6 
16 19 0 2 14 5 9 12 18 13 3 10 17 15 7 6 11 8 1 4 
14 17 16 18 0 6 13 9 3 4 19 10 1 15 2 8 11 12 7 5 
6 15 17 11 1 16 5 9 13 10 4 2 8 12 7 14 3 19 0 18 
8 19 15 18 16 14 7 17 3 5 13 2 1 9 0 6 10 11 4 12 
19 8 13 0 18 16 15 5 11 6 9 12 4 2 7 3 10 17 1 14 
19 13 17 0 16 14 9 12 18 10 5 4 2 15 8 7 11 1 3 6 
17 4 15 3 16 18 8 9 10 11 14 1 6 13 0 5 19 12 2 7 
5 9 15 19 16 1 3 0 12 6 11 17 13 10 18 7 2 8 14 4 
6 3 16 12 15 4 11 8 5 10 18 2 14 9 17 19 7 1 0 13 
13 18 15 2 12 19 14 10 6 0 1 9 17 11 7 5 3 8 4 16 
11 0 4 10 7 17 16 14 2 3 5 15 12 18 8 9 6 13 19 1 
9 19 1 15 18 12 2 13 11 16 7 14 10 17 4 6 0 8 3 5 
DURACIONES
(17, 17) (25, 25) (65, 65) (31, 31) (80, 80) (64, 64) (30, 30) (36, 36) (99, 99) (16, 16) (32, 32) (3, 3) (28, 28) (79, 79) (1, 1) (50, 50) (94, 94) (31, 31) (87, 87) (94, 94) 
(71, 71) (86, 86) (16, 16) (79, 79) (92, 92) (79, 79) (63, 63) (10, 10) (47, 47) (64, 64) (56, 56) (4, 4) (87, 87) (16, 16) (43, 43) (70, 70) (15, 15) (27, 27) (99, 99) (37, 37) 
(81, 81) (32, 32) (76, 76) (80, 80) (19, 19) (6, 6) (37, 37) (59, 59) (8, 8) (3, 3) (41, 41) (79, 79) (8, 8) (83, 83) (68, 68) (53, 53) (29, 29) (61, 61) (24, 24) (53, 53) 
(78, 78) (99, 99) (97, 97) (20, 20) (3, 3) (1, 1) (97, 97) (92, 92) (43, 43) (11, 11) (25, 25) (31, 31) (98, 98) (73, 73) (38, 38) (71, 71) (69, 69) (71, 71) (73, 73) (2, 2) 
(91, 91) (90, 90) (97, 97) (24, 24) (8, 8) (72, 72) (54, 54) (67, 67) (63, 63) (39, 39) (76, 76) (12, 12) (1, 1) (7, 7) (46, 46) (14, 14) (54, 54) (66, 66) (55, 55) (42, 42) 
(67, 67) (13, 13) (74, 74) (38, 38) (10, 10) (67, 67) (6, 6) (50, 50) (72, 72) (93, 93) (25, 25) (72, 72) (66, 66) (71, 71) (18, 18) (77, 77) (27, 27) (20, 20) (97, 97) (17, 17) 
(84, 84) (19, 19) (7, 7) (40, 40) (73, 73) (89, 89) (85, 85) (78, 78) (29, 29) (89, 89) (9, 9) (88, 88) (43, 43) (52, 52) (36, 36) (44, 44) (77, 77) (44, 44) (82, 82) (90, 90) 
(27, 27) (88, 88) (59, 59) (79, 79) (98, 98) (66, 66) (9, 9) (1, 1) (35, 35) (69, 69) (29, 29) (67, 67) (60, 60) (43, 43) (21, 21) (19, 19) (76, 76) (55, 55) (77, 77) (15, 15) 
(44, 44) (43, 43) (67, 67) (41, 41) (90, 90) (71, 71) (38, 38) (39, 39) (77, 77) (18, 18) (12, 12) (17, 17) (10, 10) (77, 77) (49, 49) (25, 25) (85, 85) (30, 30) (14, 14) (92, 92) 
(57, 57) (41, 41) (51, 51) (41, 41) (17, 17) (91, 91) (82, 82) (68, 68) (76, 76) (13, 13) (93, 93) (12, 12) (90, 90) (58, 58) (52, 52) (83, 83) (68, 68) (3, 3) (11, 11) (40, 40) 
(63, 63) (59, 59) (18, 18) (99, 99) (78, 78) (5, 5) (15, 15) (71, 71) (59, 59) (21, 21) (58, 58) (29, 29) (59, 59) (98, 98) (2, 2) (18, 18) (87, 87) (55, 55) (83, 83) (85, 85) 
(54, 54) (57, 57) (51, 51) (25, 25) (57, 57) (46, 46) (93, 93) (58, 58) (20, 20) (4, 4) (19, 19) (91, 91) (25, 25) (88, 88) (94, 94) (52, 52) (23, 23) (4, 4) (27, 27) (66, 66) 
(73, 73) (84, 84) (85, 85) (50, 50) (61, 61) (40, 40) (93, 93) (17, 17) (86, 86) (19, 19) (49, 49) (98, 98) (74, 74) (6, 6) (27, 27) (91, 91) (58, 58) (59, 59) (22, 22) (15, 15) 
(11, 11) (56, 56) (39, 39) (20, 20) (79, 79) (55, 55) (18, 18) (40, 40) (74, 74) (91, 91) (95, 95) (65, 65) (13, 13) (26, 26) (40, 40) (89, 89) (25, 25) (33, 33) (3, 3) (21, 21) 
(51, 51) (37, 37) (49, 49) (20, 20) (52, 52) (57, 57) (17, 17) (42, 42) (50, 50) (74, 74) (33, 33) (38, 38) (16, 16) (21, 21) (35, 35) (85, 85) (7, 7) (66, 66) (68, 68) (66, 66) 
(47, 47) (27, 27) (86, 86) (19, 19) (9, 9) (23, 23) (64, 64) (32, 32) (24, 24) (14, 14) (47, 47) (81, 81) (45, 45) (84, 84) (10, 10) (25, 25) (74, 74) (81, 81) (98, 98) (79, 79) 
(94, 94) (46, 46) (63, 63) (64, 64) (72, 72) (70, 70) (86, 86) (10, 10) (11, 11) (99, 99) (93, 93) (90, 90) (4, 4) (75, 75) (87, 87) (35, 35) (46, 46) (27, 27) (94, 94) (83, 83) 
(53, 53) (33, 33) (56, 56) (19, 19) (50, 50) (82, 82) (20, 20) (49, 49) (73, 73) (21, 21) (28, 28) (40, 40) (49, 49) (83, 83) (82, 82) (16, 16) (97, 97) (86, 86) (46, 46) (45, 45) 
(26, 26) (29, 29) (35, 35) (31, 31) (71, 71) (78, 78) (38, 38) (11, 11) (26, 26) (12, 12) (69, 69) (64, 64) (1, 1) (96, 96) (36, 36) (93, 93) (52, 52) (30, 30) (22, 22) (25, 25) 
(12, 12) (98, 98) (14, 14) (38, 38) (94, 94) (77, 77) (52, 52) (95, 95) (20, 20) (77, 77) (42, 42) (28, 28) (69, 69) (88, 88) (29, 29) (18, 18) (95, 95) (73, 73) (16, 16) (34, 34) 
(22, 22) (5, 5) (31, 31) (25, 25) (8, 8) (38, 38) (17, 17) (17, 17) (13, 13) (59, 59) (36, 36) (88, 88) (57, 57) (19, 19) (57, 57) (65, 65) (88, 88) (23, 23) (52, 52) (40, 40) 
(19, 19) (34, 34) (49, 49) (46, 46) (2, 2) (45, 45) (82, 82) (7, 7) (7, 7) (50, 50) (81, 81) (1, 1) (99, 99) (91, 91) (54, 54) (4, 4) (87, 87) (29, 29) (63, 63) (45, 45) 
(36, 36) (38, 38) (93, 93) (27, 27) (28, 28) (81, 81) (2, 2) (66, 66) (28, 28) (46, 46) (96, 96) (55, 55) (99, 99) (90, 90) (5, 5) (37, 37) (18, 18) (55, 55) (78, 78) (53, 53) 
(89, 89) (93, 93) (40, 40) (76, 76) (29, 29) (61, 61) (13, 13) (95, 95) (28, 28) (3, 3) (89, 89) (28, 28) (13, 13) (63, 63) (32, 32) (50, 50) (24, 24) (63, 63) (76, 76) (47, 47) 
(44, 44) (48, 48) (32, 32) (61, 61) (85, 85) (34, 34) (21, 21) (52, 52) (66, 66) (47, 47) (30, 30) (49, 49) (88, 88) (95, 95) (94, 94) (59, 59) (77, 77) (5, 5) (79, 79) (27, 27) 
(19, 19) (64, 64) (27, 27) (30, 30) (27, 27) (57, 57) (96, 96) (36, 36) (8, 8) (77, 77) (59, 59) (36, 36) (13, 13) (96, 96) (88, 88) (47, 47) (80, 80) (32, 32) (43, 43) (93, 93) 
(73, 73) (75, 75) (37, 37) (70, 70) (90, 90) (34, 34) (87, 87) (6, 6) (59, 59) (79, 79) (11, 11) (50, 50) (46, 46) (12, 12) (38, 38) (55, 55) (15, 15) (18, 18) (80, 80) (98, 98) 
(70, 70) (90, 90) (89, 89) (4, 4) (77, 77) (31, 31) (43, 43) (87, 87) (52, 52) (63, 63) (75, 75) (21, 21) (30, 30) (68, 68) (81, 81) (89, 89) (68, 68) (44, 44) (63, 63) (51, 51) 
(70, 70) (9, 9) (52, 52) (55, 55) (92, 92) (60, 60) (39, 39) (13, 13) (68, 68) (72, 72) (80, 80) (45, 45) (28, 28) (69, 69) (48, 48) (29, 29) (42, 42) (55, 55) (44, 44) (88, 88) 
(91, 91) (28, 28) (68, 68) (49, 49) (94, 94) (86, 86) (43, 43) (43, 43) (75, 75) (98, 98) (88, 88) (67, 67) (63, 63) (34, 34) (61, 61) (85, 85) (32, 32) (96, 96) (45, 45) (51, 51) 
(90, 90) (97, 97) (53, 53) (9, 9) (63, 63) (92, 92) (18, 18) (68, 68) (55, 55) (10, 10) (78, 78) (34, 34) (57, 57) (13, 13) (64, 64) (59, 59) (56, 56) (76, 76) (41, 41) (56, 56) 
(9, 9) (44, 44) (59, 59) (61, 61) (6, 6) (66, 66) (56, 56) (41, 41) (97, 97) (41, 41) (1, 1) (21, 21) (43, 43) (76, 76) (20, 20) (73, 73) (88, 88) (98, 98) (56, 56) (26, 26) 
(90, 90) (60, 60) (40, 40) (78, 78) (52, 52) (10, 10) (50, 50) (61, 61) (95, 95) (28, 28) (38, 38) (24, 24) (51, 51) (96, 96) (90, 90) (18, 18) (77, 77) (11, 11) (43, 43) (93, 93) 
(47, 47) (30, 30) (13, 13) (63, 63) (93, 93) (42, 42) (32, 32) (12, 12) (66, 66) (94, 94) (89, 89) (25, 25) (16, 16) (96, 96) (87, 87) (39, 39) (58, 58) (8, 8) (2, 2) (17, 17) 
(50, 50) (62, 62) (91, 91) (25, 25) (19, 19) (73, 73) (98, 98) (63, 63) (95, 95) (57, 57) (67, 67) (7, 7) (76, 76) (79, 79) (90, 90) (75, 75) (42, 42) (66, 66) (90, 90) (41, 41) 
(18, 18) (99, 99) (89, 89) (43, 43) (49, 49) (8, 8) (44, 44) (33, 33) (91, 91) (39, 39) (36, 36) (72, 72) (27, 27) (70, 70) (66, 66) (82, 82) (94, 94) (46, 46) (18, 18) (98, 98) 
(45, 45) (13, 13) (26, 26) (14, 14) (29, 29) (90, 90) (60, 60) (84, 84) (83, 83) (41, 41) (7, 7) (24, 24) (73, 73) (58, 58) (91, 91) (47, 47) (82, 82) (81, 81) (67, 67) (15, 15) 
(52, 52) (79, 79) (18, 18) (3, 3) (29, 29) (88, 88) (97, 97) (55, 55) (55, 55) (15, 15) (87, 87) (17, 17) (43, 43) (58, 58) (69, 69) (66, 66) (31, 31) (43, 43) (8, 8) (2, 2) 
(87, 87) (51, 51) (65, 65) (5, 5) (34, 34) (58, 58) (9, 9) (10, 10) (30, 30) (87, 87) (62, 62) (89, 89) (78, 78) (37, 37) (94, 94) (40, 40) (50, 50) (83, 83) (74, 74) (83, 83) 
(35, 35) (34, 34) (44, 44) (65, 65) (37, 37) (5, 5) (51, 51) (26, 26) (65, 65) (16, 16) (90, 90) (40, 40) (76, 76) (54, 54) (72, 72) (27, 27) (37, 37) (75, 75) (77, 77) (89, 89) 
(15, 15) (1, 1) (43, 43) (7, 7) (64, 64) (50, 50) (26, 26) (29, 29) (13, 13) (76, 76) (9, 9) (5, 5) (85, 85) (19, 19) (23, 23) (95, 95) (76, 76) (69, 69) (48, 48) (26, 26) 
(84, 84) (42, 42) (99, 99) (25, 25) (75, 75) (93, 93) (76, 76) (56, 56) (23, 23) (87, 87) (8, 8) (2, 2) (60, 60) (79, 79) (30, 30) (16, 16) (61, 61) (16, 16) (1, 1) (31, 31) 
(90, 90) (41, 41) (20, 20) (50, 50) (38, 38) (76, 76) (68, 68) (66, 66) (84, 84) (77, 77) (30, 30) (55, 55) (50, 50) (40, 40) (99, 99) (5, 5) (27, 27) (10, 10) (32, 32) (24, 24) 
(33, 33) (79, 79) (55, 55) (69, 69) (53, 53) (50, 50) (81, 81) (28, 28) (91, 91) (55, 55) (50, 50) (29, 29) (27, 27) (9, 9) (61, 61) (27, 27) (36, 36) (43, 43) (5, 5) (56, 56) 
(72, 72) (36, 36) (27, 27) (16, 16) (50, 50) (82, 82) (8, 8) (79, 79) (80, 80) (22, 22) (63, 63) (61, 61) (25, 25) (61, 61) (71, 71) (93, 93) (44, 44) (65, 65) (72, 72) (88, 88) 
(7, 7) (18, 18) (59, 59) (44, 44) (64, 64) (94, 94) (55, 55) (20, 20) (11, 11) (77, 77) (3, 3) (26, 26) (8, 8) (21, 21) (73, 73) (80, 80) (89, 89) (53, 53) (19, 19) (95, 95) 
(35, 35) (7, 7) (98, 98) (66, 66) (16, 16) (89, 89) (6, 6) (24, 24) (18, 18) (39, 39) (52, 52) (49, 49) (52, 52) (26, 26) (11, 11) (73, 73) (91, 91) (69, 69) (99, 99) (79, 79) 
(65, 65) (24, 24) (87, 87) (85, 85) (66, 66) (99, 99) (5, 5) (29, 29) (98, 98) (17, 17) (4, 4) (48, 48) (45, 45) (26, 26) (80, 80) (5, 5) (56, 56) (53, 53) (76, 76) (41, 41) 
(39, 39) (34, 34) (47, 47) (60, 60) (21, 21) (11, 11) (46, 46) (14, 14) (59, 59) (51, 51) (7, 7) (58, 58) (49, 49) (57, 57) (71, 71) (57, 57) (47, 47) (1, 1) (85, 85) (72, 72) 
(93, 93) (88, 88) (24, 24) (32, 32) (18, 18) (44, 44) (48, 48) (18, 18) (80, 80) (67, 67) (10, 10) (9, 9) (16, 16) (35, 35) (16, 16) (10, 10) (29, 29) (71, 71) (89, 89) (87, 87) 
(36, 36) (29, 29) (35, 35) (78, 78) (17, 17) (7, 7) (38, 38) (50, 50) (6, 6) (15, 15) (14, 14) (30, 30) (36, 36) (18, 18) (59, 59) (63, 63) (92, 92) (26, 26) (46, 46) (23, 23) 
(90, 90) (11, 11) (87, 87) (34, 34) (20, 20) (1, 1) (57, 57) (30, 30) (19, 19) (25, 25) (22, 22) (32, 32) (86, 86) (31, 31) (4, 4) (54, 54) (32, 32) (17, 17) (24, 24) (67, 67) 
(91, 91) (61, 61) (53, 53) (1, 1) (67, 67) (53, 53) (86, 86) (8, 8) (12, 12) (51, 51) (90, 90) (73, 73) (44, 44) (12, 12) (92, 92) (58, 58) (57, 57) (63, 63) (82, 82) (68, 68) 
(77, 77) (48, 48) (72, 72) (89, 89) (36, 36) (23, 23) (39, 39) (45, 45) (39, 39) (85, 85) (54, 54) (69, 69) (44, 44) (92, 92) (86, 86) (42, 42) (83, 83) (85, 85) (23, 23) (58, 58) 
(15, 15) (5, 5) (67, 67) (9, 9) (7, 7) (81, 81) (4, 4) (86, 86) (74, 74) (49, 49) (26, 26) (9, 9) (27, 27) (33, 33) (51, 51) (95, 95) (32, 32) (24, 24) (31, 31) (58, 58) 
(30, 30) (90, 90) (27, 27) (17, 17) (85, 85) (27, 27) (92, 92) (11, 11) (15, 15) (61, 61) (18, 18) (34, 34) (96, 96) (56, 56) (34, 34) (44, 44) (32, 32) (1, 1) (16, 16) (55, 55) 
(21, 21) (95, 95) (81, 81) (1, 1) (65, 65) (69, 69) (24, 24) (47, 47) (92, 92) (25, 25) (22, 22) (60, 60) (62, 62) (97, 97) (78, 78) (63, 63) (18, 18) (35, 35) (80, 80) (55, 55) 
(96, 96) (27, 27) (66, 66) (52, 52) (16, 16) (20, 20) (24, 24) (59, 59) (75, 75) (64, 64) (26, 26) (88, 88) (57, 57) (68, 68) (60, 60) (12, 12) (54, 54) (99, 99) (51, 51) (71, 71) 
(79, 79) (6, 6) (41, 41) (8, 8) (93, 93) (46, 46) (69, 69) (81, 81) (61, 61) (44, 44) (2, 2) (69, 69) (72, 72) (21, 21) (55, 55) (69, 69) (13, 13) (69, 69) (80, 80) (91, 91) 
(82, 82) (99, 99) (92, 92) (53, 53) (5, 5) (33, 33) (59, 59) (32, 32) (93, 93) (13, 13) (64, 64) (19, 19) (96, 96) (12, 12) (66, 66) (4, 4) (83, 83) (65, 65) (3, 3) (79, 79) 
(16, 16) (62, 62) (1, 1) (41, 41) (84, 84) (61, 61) (31, 31) (63, 63) (10, 10) (10, 10) (14, 14) (75, 75) (14, 14) (63, 63) (53, 53) (61, 61) (41, 41) (7, 7) (57, 57) (15, 15) 
(5, 5) (83, 83) (25, 25) (37, 37) (81, 81) (42, 42) (20, 20) (22, 22) (50, 50) (40, 40) (77, 77) (76, 76) (58, 58) (88, 88) (77, 77) (69, 69) (63, 63) (56, 56) (49, 49) (41, 41) 
(43, 43) (16, 16) (1, 1) (56, 56) (38, 38) (41, 41) (78, 78) (81, 81) (5, 5) (46, 46) (10, 10) (6, 6) (31, 31) (44, 44) (22, 22) (78, 78) (93, 93) (42, 42) (21, 21) (43, 43) 
(27, 27) (26, 26) (32, 32) (20, 20) (20, 20) (5, 5) (43, 43) (63, 63) (23, 23) (29, 29) (45, 45) (79, 79) (68, 68) (73, 73) (1, 1) (10, 10) (61, 61) (56, 56) (95, 95) (36, 36) 
(88, 88) (21, 21) (86, 86) (92, 92) (89, 89) (30, 30) (44, 44) (25, 25) (99, 99) (91, 91) (21, 21) (45, 45) (82, 82) (41, 41) (76, 76) (33, 33) (77, 77) (49, 49) (63, 63) (37, 37) 
(33, 33) (54, 54) (79, 79) (56, 56) (54, 54) (75, 75) (79, 79) (99, 99) (38, 38) (13, 13) (2, 2) (53, 53) (89, 89) (82, 82) (53, 53) (33, 33) (43, 43) (73, 73) (25, 25) (14, 14) 
(7, 7) (43, 43) (70, 70) (22, 22) (54, 54) (81, 81) (44, 44) (94, 94) (95, 95) (29, 29) (14, 14) (50, 50) (98, 98) (18, 18) (50, 50) (96, 96) (74, 74) (66, 66) (38, 38) (49, 49) 
(79, 79) (40, 40) (71, 71) (39, 39) (13, 13) (19, 19) (1, 1) (82, 82) (58, 58) (26, 26) (44, 44) (18, 18) (94, 94) (8, 8) (68, 68) (90, 90) (39, 39) (47, 47) (43, 43) (80, 80) 
(82, 82) (1, 1) (76, 76) (22, 22) (17, 17) (15, 15) (64, 64) (71, 71) (22, 22) (79, 79) (89, 89) (80, 80) (7, 7) (78, 78) (87, 87) (88, 88) (22, 22) (59, 59) (75, 75) (24, 24) 
(56, 56) (93, 93) (63, 63) (23, 23) (31, 31) (90, 90) (46, 46) (83, 83) (21, 21) (4, 4) (53, 53) (99, 99) (65, 65) (99, 99) (58, 58) (5, 5) (33, 33) (17, 17) (26, 26) (7, 7) 
(35, 35) (44, 44) (10, 10) (5, 5) (40, 40) (66, 66) (13, 13) (20, 20) (25, 25) (95, 95) (88, 88) (32, 32) (45, 45) (11, 11) (20, 20) (61, 61) (36, 36) (45, 45) (5, 5) (56, 56) 
(41, 41) (6, 6) (77, 77) (69, 69) (83, 83) (17, 17) (22, 22) (32, 32) (58, 58) (63, 63) (59, 59) (31, 31) (94, 94) (90, 90) (20, 20) (83, 83) (14, 14) (67, 67) (62, 62) (62, 62) 
(36, 36) (81, 81) (70, 70) (20, 20) (60, 60) (22, 22) (8, 8) (31, 31) (53, 53) (67, 67) (66, 66) (75, 75) (22, 22) (30, 30) (47, 47) (69, 69) (68, 68) (77, 77) (10, 10) (4, 4) 
(21, 21) (97, 97) (71, 71) (13, 13) (85, 85) (95, 95) (27, 27) (10, 10) (24, 24) (43, 43) (81, 81) (88, 88) (72, 72) (5, 5) (51, 51) (75, 75) (44, 44) (49, 49) (43, 43) (26, 26) 
(69, 69) (93, 93) (66, 66) (12, 12) (81, 81) (94, 94) (61, 61) (56, 56) (56, 56) (62, 62) (25, 25) (2, 2) (5, 5) (87, 87) (75, 75) (14, 14) (14, 14) (45, 45) (30, 30) (8, 8) 
(80, 80) (21, 21) (94, 94) (86, 86) (54, 54) (70, 70) (83, 83) (39, 39) (54, 54) (76, 76) (50, 50) (18, 18) (15, 15) (4, 4) (34, 34) (12, 12) (9, 9) (47, 47) (31, 31) (65, 65) 
(77, 77) (87, 87) (97, 97) (90, 90) (25, 25) (77, 77) (88, 88) (76, 76) (69, 69) (15, 15) (49, 49) (27, 27) (75, 75) (90, 90) (32, 32) (26, 26) (67, 67) (82, 82) (59, 59) (72, 72) 
(85, 85) (40, 40) (48, 48) (64, 64) (8, 8) (79, 79) (96, 96) (70, 70) (25, 25) (30, 30) (75, 75) (86, 86) (72, 72) (49, 49) (74, 74) (55, 55) (87, 87) (34, 34) (98, 98) (46, 46) 
(87, 87) (75, 75) (55, 55) (34, 34) (62, 62) (31, 31) (53, 53) (13, 13) (63, 63) (14, 14) (20, 20) (12, 12) (14, 14) (48, 48) (4, 4) (64, 64) (17, 17) (5, 5) (85, 85) (41, 41) 
(55, 55) (74, 74) (15, 15) (39, 39) (64, 64) (71, 71) (18, 18) (60, 60) (28, 28) (82, 82) (93, 93) (68, 68) (75, 75) (56, 56) (9, 9) (9, 9) (20, 20) (61, 61) (78, 78) (5, 5) 
(23, 23) (66, 66) (25, 25) (2, 2) (13, 13) (72, 72) (51, 51) (81, 81) (47, 47) (6, 6) (42, 42) (44, 44) (88, 88) (36, 36) (93, 93) (21, 21) (6, 6) (62, 62) (18, 18) (38, 38) 
(84, 84) (1, 1) (70, 70) (63, 63) (70, 70) (22, 22) (98, 98) (4, 4) (85, 85) (29, 29) (81, 81) (26, 26) (49, 49) (62, 62) (49, 49) (66, 66) (41, 41) (31, 31) (51, 51) (23, 23) 
(9, 9) (20, 20) (60, 60) (22, 22) (29, 29) (89, 89) (36, 36) (51, 51) (97, 97) (39, 39) (58, 58) (50, 50) (48, 48) (94, 94) (35, 35) (95, 95) (37, 37) (79, 79) (71, 71) (12, 12) 
(78, 78) (95, 95) (42, 42) (60, 60) (62, 62) (99, 99) (31, 31) (94, 94) (78, 78) (27, 27) (23, 23) (60, 60) (10, 10) (80, 80) (83, 83) (54, 54) (96, 96) (15, 15) (50, 50) (64, 64) 
(32, 32) (59, 59) (93, 93) (95, 95) (61, 61) (19, 19) (46, 46) (75, 75) (69, 69) (76, 76) (96, 96) (50, 50) (10, 10) (69, 69) (10, 10) (98, 98) (60, 60) (1, 1) (81, 81) (79, 79) 
(23, 23) (64, 64) (70, 70) (35, 35) (6, 6) (8, 8) (97, 97) (7, 7) (56, 56) (92, 92) (11, 11) (50, 50) (39, 39) (72, 72) (25, 25) (85, 85) (4, 4) (59, 59) (2, 2) (27, 27) 
(46, 46) (90, 90) (89, 89) (66, 66) (87, 87) (35, 35) (83, 83) (90, 90) (93, 93) (54, 54) (10, 10) (22, 22) (18, 18) (97, 97) (19, 19) (94, 94) (60, 60) (90, 90) (83, 83) (41, 41) 
(54, 54) (53, 53) (4, 4) (54, 54) (73, 73) (18, 18) (26, 26) (58, 58) (44, 44) (1, 1) (49, 49) (95, 95) (91, 91) (38, 38) (93, 93) (29, 29) (70, 70) (14, 14) (6, 6) (51, 51) 
(57, 57) (4, 4) (21, 21) (5, 5) (64, 64) (71, 71) (67, 67) (24, 24) (39, 39) (73, 73) (98, 98) (12, 12) (34, 34) (20, 20) (31, 31) (12, 12) (40, 40) (75, 75) (22, 22) (65, 65) 
(63, 63) (83, 83) (29, 29) (84, 84) (25, 25) (12, 12) (81, 81) (89, 89) (44, 44) (23, 23) (66, 66) (31, 31) (29, 29) (64, 64) (67, 67) (56, 56) (34, 34) (97, 97) (27, 27) (71, 71) 
(99, 99) (28, 28) (73, 73) (10, 10) (85, 85) (56, 56) (56, 56) (10, 10) (30, 30) (82, 82) (2, 2) (45, 45) (16, 16) (36, 36) (89, 89) (27, 27) (34, 34) (85, 85) (16, 16) (75, 75) 
(53, 53) (33, 33) (16, 16) (81, 81) (54, 54) (15, 15) (67, 67) (46, 46) (98, 98) (72, 72) (65, 65) (42, 42) (13, 13) (40, 40) (56, 56) (43, 43) (57, 57) (56, 56) (77, 77) (94, 94) 
(38, 38) (83, 83) (55, 55) (80, 80) (47, 47) (28, 28) (82, 82) (82, 82) (46, 46) (89, 89) (22, 22) (69, 69) (44, 44) (84, 84) (70, 70) (32, 32) (21, 21) (55, 55) (52, 52) (13, 13) 
(40, 40) (55, 55) (54, 54) (73, 73) (94, 94) (80, 80) (61, 61) (74, 74) (92, 92) (23, 23) (18, 18) (41, 41) (46, 46) (94, 94) (73, 73) (31, 31) (33, 33) (35, 35) (32, 32) (15, 15) 
(71, 71) (20, 20) (38, 38) (72, 72) (45, 45) (75, 75) (28, 28) (30, 30) (52, 52) (57, 57) (26, 26) (77, 77) (72, 72) (43, 43) (62, 62) (7, 7) (41, 41) (21, 21) (58, 58) (21, 21) 
(18, 18) (56, 56) (73, 73) (17, 17) (31, 31) (49, 49) (47, 47) (66, 66) (17, 17) (75, 75) (25, 25) (38, 38) (43, 43) (95, 95) (4, 4) (71, 71) (26, 26) (5, 5) (26, 26) (28, 28) 
(33, 33) (62, 62) (48, 48) (21, 21) (79, 79) (48, 48) (93, 93) (29, 29) (99, 99) (98, 98) (93, 93) (36, 36) (49, 49) (42, 42) (22, 22) (63, 63) (43, 43) (27, 27) (10, 10) (3, 3) 
(85, 85) (4, 4) (41, 41) (8, 8) (78, 78) (88, 88) (82, 82) (53, 53) (25, 25) (80, 80) (32, 32) (28, 28) (75, 75) (31, 31) (19, 19) (11, 11) (4, 4) (92, 92) (31, 31) (1, 1) 
(96, 96) (24, 24) (47, 47) (35, 35) (36, 36) (83, 83) (99, 99) (22, 22) (91, 91) (1, 1) (43, 43) (33, 33) (97, 97) (50, 50) (41, 41) (78, 78) (92, 92) (92, 92) (40, 40) (45, 45) 
(97, 97) (62, 62) (35, 35) (42, 42) (51, 51) (14, 14) (64, 64) (10, 10) (95, 95) (7, 7) (38, 38) (11, 11) (35, 35) (25, 25) (77, 77) (82, 82) (79, 79) (81, 81) (17, 17) (33, 33) 
