NUMERO DE TRABAJOS
100
NUMERO DE RECURSOS
20
SECUENCIA DE MAQUINAS
1 0 11 9 19 8 6 14 17 13 15 7 10 2 5 18 4 12 16 3 
15 1 14 9 17 11 12 3 10 7 13 19 8 16 6 0 2 18 4 5 
14 9 2 0 3 6 18 8 16 19 7 12 5 4 10 15 1 13 11 17 
4 9 11 8 1 18 13 16 7 12 15 10 17 14 2 5 3 19 6 0 
17 9 18 14 2 0 10 7 16 11 6 4 19 8 12 13 15 1 3 5 
8 11 4 7 9 16 18 15 17 19 5 6 3 2 13 12 10 0 14 1 
11 1 16 3 10 0 5 6 17 18 15 7 19 13 4 12 2 14 9 8 
13 14 17 2 5 16 3 6 9 15 18 7 4 11 10 8 0 1 19 12 
11 9 7 16 10 18 13 12 17 6 0 4 15 5 2 1 19 8 3 14 
0 10 7 13 19 9 2 11 15 14 8 12 17 5 18 3 4 1 16 6 
17 2 15 8 12 9 18 16 13 7 6 19 5 1 3 10 4 0 11 14 
8 2 1 18 4 11 10 17 14 9 19 13 6 5 0 16 12 3 15 7 
2 12 16 5 9 14 18 10 1 7 17 4 13 8 6 0 3 15 19 11 
10 8 19 2 1 17 12 18 13 14 15 4 3 11 9 6 5 0 16 7 
18 15 19 9 7 1 12 3 2 11 17 16 10 0 5 4 13 6 8 14 
4 8 3 7 18 16 11 13 10 5 15 17 19 9 2 1 0 14 6 12 
7 1 17 0 3 14 15 18 8 13 19 2 6 16 9 12 11 4 5 10 
8 15 7 19 18 17 16 6 11 10 3 12 9 0 5 14 1 4 2 13 
19 7 17 6 1 4 0 8 3 11 9 12 10 2 15 14 16 5 13 18 
11 8 16 19 2 10 0 9 14 17 1 3 18 13 12 5 6 4 7 15 
5 11 18 2 10 15 16 8 12 1 0 14 19 4 7 6 13 17 3 9 
1 12 13 14 9 8 7 5 17 0 15 10 18 6 11 4 16 3 2 19 
13 2 14 17 6 10 11 0 4 7 5 18 16 19 1 15 8 9 3 12 
14 15 1 11 7 13 17 12 9 3 10 6 16 18 5 8 0 2 19 4 
15 12 3 13 18 5 14 19 17 1 7 16 9 2 11 0 10 4 8 6 
3 9 19 17 15 2 10 16 12 11 7 14 18 8 1 13 5 4 6 0 
12 18 8 10 9 13 19 16 4 1 3 15 11 5 14 6 0 7 2 17 
0 10 11 5 16 15 7 3 18 4 13 1 6 2 12 9 17 8 19 14 
9 7 0 3 4 15 13 17 2 6 10 19 11 5 12 1 14 8 18 16 
8 3 4 7 11 6 18 14 16 19 2 1 12 15 10 13 5 17 0 9 
11 14 1 15 2 10 4 16 3 9 5 12 18 7 17 8 19 0 6 13 
13 8 18 19 6 9 5 1 16 11 0 2 4 14 15 12 10 3 7 17 
0 14 6 19 1 3 16 18 10 2 9 8 11 15 7 4 5 13 17 12 
2 3 17 14 5 18 1 0 8 16 7 12 19 11 9 15 4 10 6 13 
18 9 16 3 2 11 4 5 0 12 10 15 6 8 14 7 17 19 1 13 
18 5 7 10 12 19 16 17 11 3 8 4 0 14 15 9 6 2 13 1 
17 7 12 4 15 6 18 5 2 16 11 19 8 10 3 1 13 9 0 14 
10 6 18 4 9 16 14 2 7 13 11 19 1 8 5 3 12 17 0 15 
3 1 18 5 17 4 2 10 7 14 19 0 13 12 16 9 15 11 6 8 
14 4 1 12 10 3 19 7 9 8 11 18 5 2 13 6 0 17 15 16 
11 3 1 0 7 12 16 19 14 4 15 5 10 2 17 9 13 8 18 6 
8 10 17 13 4 19 6 2 3 5 1 14 11 7 18 15 16 0 9 12 
10 15 9 7 16 13 8 5 2 17 0 12 14 19 6 18 1 4 11 3 
18 3 11 9 10 0 12 7 6 4 2 1 14 17 13 8 19 5 16 15 
10 12 17 1 11 9 15 6 19 2 16 18 14 13 5 7 3 8 4 0 
5 16 11 8 17 4 10 6 3 14 2 7 12 9 15 1 13 0 19 18 
10 11 1 16 0 3 7 19 14 17 9 4 18 8 15 12 13 5 6 2 
15 10 16 11 8 0 19 5 17 7 14 12 3 1 13 9 18 2 4 6 
19 2 9 12 6 11 5 16 10 15 8 7 4 13 3 1 18 17 0 14 
14 4 12 16 0 9 17 2 7 6 19 1 5 3 11 13 10 8 18 15 
7 0 9 13 4 11 2 10 19 1 14 3 8 5 6 12 15 18 16 17 
16 7 5 10 9 13 1 3 14 15 8 12 18 0 19 11 2 17 4 6 
11 3 14 2 6 9 7 19 8 15 10 12 13 18 5 16 1 0 17 4 
8 10 3 16 0 6 9 11 7 1 19 17 14 4 2 13 18 5 15 12 
19 11 7 12 3 16 14 6 8 10 15 0 9 13 18 17 5 4 1 2 
10 14 15 12 1 8 9 18 11 2 17 5 6 19 3 4 13 7 16 0 
3 8 13 12 18 15 4 7 6 16 5 9 19 2 10 11 14 0 1 17 
1 3 2 7 15 0 6 5 12 4 16 9 11 17 8 18 14 19 13 10 
15 18 8 5 3 4 10 14 16 7 2 19 9 13 12 0 11 6 1 17 
1 3 9 6 0 16 18 4 10 15 14 19 8 12 11 2 5 17 7 13 
17 3 19 13 12 1 6 16 9 10 7 18 11 8 5 2 15 0 4 14 
2 4 5 0 7 3 16 11 6 8 18 10 17 12 1 14 15 13 19 9 
14 5 8 3 11 15 4 13 16 1 7 12 19 9 6 2 10 0 17 18 
18 0 11 2 1 4 15 16 17 3 10 5 19 9 8 14 6 12 7 13 
9 0 15 13 12 18 14 6 10 7 16 1 11 5 8 2 19 4 17 3 
13 7 11 2 4 10 6 19 8 0 17 1 18 14 3 9 15 12 16 5 
7 9 12 11 3 2 18 13 10 1 14 16 8 6 0 4 17 5 19 15 
13 16 1 19 14 11 15 4 18 5 10 0 9 7 2 12 6 8 3 17 
15 10 12 13 5 17 2 6 11 0 3 1 7 19 8 14 16 4 9 18 
11 4 15 8 13 14 2 3 7 10 6 0 5 12 9 16 17 19 1 18 
10 9 11 19 12 7 18 6 8 14 16 0 2 3 1 5 15 17 13 4 
10 18 15 19 3 1 16 2 5 13 14 12 0 7 8 11 17 9 6 4 
18 10 2 6 7 1 4 5 0 17 15 3 11 9 14 16 12 13 8 19 
14 18 19 11 6 16 10 15 5 1 13 8 3 12 17 7 9 2 0 4 
1 14 2 18 6 3 0 4 11 12 19 13 17 16 8 5 9 7 15 10 
16 1 11 17 12 9 14 0 6 18 7 3 13 19 5 4 15 8 2 10 
4 3 0 8 12 2 16 18 14 17 15 6 5 11 10 13 19 7 9 1 
13 9 1 12 11 18 6 8 7 2 16 5 19 3 10 0 15 4 14 17 
11 19 0 12 5 18 10 17 9 2 3 6 7 16 1 13 14 4 15 8 
6 13 7 19 1 14 15 3 17 11 2 12 9 8 0 10 18 4 5 16 
4 7 13 9 5 6 0 15 17 14 10 19 11 2 16 8 18 1 3 12 
12 18 3 13 7 10 4 6 9 8 2 5 11 19 16 17 1 14 15 0 
18 15 11 7 10 14 6 16 3 2 0 4 13 9 1 8 19 5 12 17 
7 18 6 4 1 9 19 17 16 2 15 5 13 8 3 14 0 12 11 10 
7 0 11 14 9 2 10 3 4 1 13 8 17 16 15 19 5 18 6 12 
13 14 11 7 19 1 6 15 18 4 8 5 10 3 16 12 17 9 0 2 
2 6 10 8 11 15 13 5 19 18 7 12 9 1 14 3 0 17 16 4 
15 7 14 0 12 3 6 19 13 9 11 10 5 2 18 17 1 8 16 4 
19 4 15 13 11 7 0 3 14 6 12 17 2 16 18 1 5 9 10 8 
4 0 11 10 15 8 9 16 7 6 2 19 14 12 5 1 3 18 13 17 
1 2 10 4 7 14 9 11 19 18 8 5 12 0 16 3 15 17 13 6 
7 18 2 15 10 11 13 17 9 19 14 1 4 6 16 5 8 12 0 3 
7 8 14 15 1 10 16 3 13 0 6 2 5 17 9 4 19 18 11 12 
12 17 5 18 16 1 7 2 0 10 11 3 14 9 19 13 15 4 6 8 
17 10 19 4 3 8 1 5 14 12 9 2 13 18 11 16 6 0 7 15 
5 11 1 6 16 14 9 15 13 3 18 7 0 2 19 17 10 4 12 8 
1 3 13 17 14 19 11 6 8 10 16 12 15 7 0 9 18 5 2 4 
2 3 13 4 17 14 12 19 18 15 9 11 5 10 8 0 1 7 16 6 
12 14 11 5 1 6 16 9 18 13 0 10 17 3 15 4 7 19 2 8 
1 11 14 0 18 13 4 19 5 12 7 16 17 15 8 2 3 6 9 10 
DURACIONES
(91, 91) (20, 20) (60, 60) (13, 13) (54, 54) (38, 38) (69, 69) (66, 66) (78, 78) (32, 32) (47, 47) (81, 81) (96, 96) (69, 69) (74, 74) (91, 91) (73, 73) (67, 67) (89, 89) (81, 81) 
(64, 64) (49, 49) (88, 88) (17, 17) (30, 30) (77, 77) (97, 97) (5, 5) (87, 87) (99, 99) (22, 22) (42, 42) (50, 50) (27, 27) (19, 19) (55, 55) (77, 77) (78, 78) (20, 20) (56, 56) 
(62, 62) (62, 62) (5, 5) (72, 72) (96, 96) (25, 25) (57, 57) (4, 4) (36, 36) (2, 2) (51, 51) (13, 13) (80, 80) (82, 82) (49, 49) (96, 96) (27, 27) (25, 25) (83, 83) (42, 42) 
(84, 84) (31, 31) (2, 2) (31, 31) (15, 15) (63, 63) (19, 19) (38, 38) (75, 75) (35, 35) (52, 52) (37, 37) (91, 91) (34, 34) (7, 7) (63, 63) (7, 7) (11, 11) (45, 45) (68, 68) 
(15, 15) (75, 75) (88, 88) (47, 47) (61, 61) (91, 91) (7, 7) (28, 28) (8, 8) (96, 96) (4, 4) (91, 91) (22, 22) (60, 60) (55, 55) (22, 22) (36, 36) (37, 37) (43, 43) (13, 13) 
(2, 2) (41, 41) (28, 28) (90, 90) (14, 14) (71, 71) (71, 71) (63, 63) (90, 90) (44, 44) (87, 87) (72, 72) (31, 31) (57, 57) (42, 42) (1, 1) (6, 6) (74, 74) (27, 27) (86, 86) 
(65, 65) (56, 56) (77, 77) (30, 30) (24, 24) (59, 59) (13, 13) (47, 47) (56, 56) (51, 51) (55, 55) (11, 11) (74, 74) (85, 85) (46, 46) (14, 14) (57, 57) (8, 8) (36, 36) (17, 17) 
(40, 40) (27, 27) (70, 70) (49, 49) (97, 97) (8, 8) (20, 20) (11, 11) (78, 78) (47, 47) (69, 69) (58, 58) (35, 35) (20, 20) (52, 52) (5, 5) (56, 56) (68, 68) (44, 44) (74, 74) 
(13, 13) (47, 47) (69, 69) (24, 24) (89, 89) (97, 97) (51, 51) (41, 41) (29, 29) (69, 69) (60, 60) (50, 50) (83, 83) (64, 64) (86, 86) (96, 96) (58, 58) (57, 57) (60, 60) (47, 47) 
(23, 23) (40, 40) (84, 84) (77, 77) (60, 60) (53, 53) (48, 48) (58, 58) (14, 14) (16, 16) (20, 20) (79, 79) (88, 88) (25, 25) (29, 29) (68, 68) (3, 3) (85, 85) (49, 49) (6, 6) 
(14, 14) (41, 41) (11, 11) (36, 36) (62, 62) (82, 82) (55, 55) (78, 78) (39, 39) (99, 99) (93, 93) (73, 73) (93, 93) (91, 91) (36, 36) (11, 11) (78, 78) (70, 70) (70, 70) (62, 62) 
(84, 84) (14, 14) (38, 38) (36, 36) (68, 68) (16, 16) (92, 92) (41, 41) (4, 4) (47, 47) (50, 50) (88, 88) (92, 92) (29, 29) (23, 23) (19, 19) (10, 10) (9, 9) (24, 24) (74, 74) 
(93, 93) (8, 8) (35, 35) (11, 11) (82, 82) (2, 2) (41, 41) (34, 34) (22, 22) (98, 98) (72, 72) (67, 67) (98, 98) (19, 19) (16, 16) (7, 7) (82, 82) (67, 67) (24, 24) (53, 53) 
(84, 84) (6, 6) (73, 73) (99, 99) (69, 69) (77, 77) (25, 25) (39, 39) (27, 27) (8, 8) (67, 67) (38, 38) (62, 62) (8, 8) (35, 35) (44, 44) (45, 45) (56, 56) (46, 46) (35, 35) 
(26, 26) (83, 83) (13, 13) (37, 37) (71, 71) (24, 24) (20, 20) (45, 45) (33, 33) (48, 48) (75, 75) (15, 15) (29, 29) (15, 15) (44, 44) (55, 55) (1, 1) (21, 21) (67, 67) (27, 27) 
(98, 98) (22, 22) (97, 97) (9, 9) (55, 55) (90, 90) (51, 51) (30, 30) (48, 48) (47, 47) (48, 48) (78, 78) (20, 20) (14, 14) (21, 21) (97, 97) (69, 69) (25, 25) (55, 55) (52, 52) 
(44, 44) (51, 51) (7, 7) (59, 59) (48, 48) (86, 86) (30, 30) (99, 99) (51, 51) (47, 47) (1, 1) (16, 16) (75, 75) (29, 29) (64, 64) (65, 65) (94, 94) (83, 83) (61, 61) (36, 36) 
(23, 23) (24, 24) (60, 60) (59, 59) (77, 77) (43, 43) (20, 20) (99, 99) (28, 28) (65, 65) (85, 85) (22, 22) (94, 94) (62, 62) (24, 24) (56, 56) (75, 75) (11, 11) (48, 48) (26, 26) 
(88, 88) (62, 62) (75, 75) (83, 83) (71, 71) (32, 32) (6, 6) (89, 89) (44, 44) (30, 30) (10, 10) (35, 35) (78, 78) (40, 40) (48, 48) (82, 82) (77, 77) (73, 73) (19, 19) (86, 86) 
(92, 92) (76, 76) (53, 53) (85, 85) (46, 46) (42, 42) (34, 34) (85, 85) (53, 53) (20, 20) (24, 24) (15, 15) (26, 26) (11, 11) (28, 28) (96, 96) (49, 49) (7, 7) (33, 33) (82, 82) 
(31, 31) (10, 10) (19, 19) (83, 83) (10, 10) (77, 77) (95, 95) (57, 57) (49, 49) (67, 67) (34, 34) (21, 21) (27, 27) (43, 43) (56, 56) (93, 93) (47, 47) (80, 80) (28, 28) (78, 78) 
(55, 55) (46, 46) (33, 33) (46, 46) (50, 50) (24, 24) (66, 66) (30, 30) (88, 88) (26, 26) (79, 79) (32, 32) (67, 67) (24, 24) (20, 20) (67, 67) (4, 4) (8, 8) (4, 4) (31, 31) 
(15, 15) (30, 30) (96, 96) (50, 50) (73, 73) (42, 42) (56, 56) (67, 67) (16, 16) (37, 37) (28, 28) (14, 14) (12, 12) (17, 17) (12, 12) (89, 89) (90, 90) (92, 92) (92, 92) (42, 42) 
(98, 98) (2, 2) (61, 61) (9, 9) (48, 48) (69, 69) (65, 65) (8, 8) (82, 82) (64, 64) (61, 61) (5, 5) (21, 21) (97, 97) (63, 63) (85, 85) (18, 18) (39, 39) (91, 91) (64, 64) 
(70, 70) (51, 51) (89, 89) (76, 76) (77, 77) (6, 6) (22, 22) (29, 29) (5, 5) (36, 36) (54, 54) (31, 31) (6, 6) (87, 87) (84, 84) (3, 3) (5, 5) (88, 88) (35, 35) (89, 89) 
(56, 56) (80, 80) (14, 14) (28, 28) (14, 14) (6, 6) (6, 6) (79, 79) (84, 84) (23, 23) (76, 76) (38, 38) (28, 28) (98, 98) (98, 98) (38, 38) (57, 57) (27, 27) (62, 62) (94, 94) 
(92, 92) (26, 26) (24, 24) (18, 18) (30, 30) (11, 11) (62, 62) (38, 38) (52, 52) (3, 3) (86, 86) (17, 17) (2, 2) (50, 50) (87, 87) (10, 10) (37, 37) (42, 42) (30, 30) (5, 5) 
(48, 48) (89, 89) (99, 99) (49, 49) (54, 54) (57, 57) (32, 32) (86, 86) (75, 75) (64, 64) (99, 99) (60, 60) (71, 71) (52, 52) (74, 74) (18, 18) (13, 13) (59, 59) (26, 26) (59, 59) 
(26, 26) (38, 38) (98, 98) (29, 29) (29, 29) (53, 53) (50, 50) (7, 7) (81, 81) (78, 78) (85, 85) (26, 26) (27, 27) (52, 52) (7, 7) (94, 94) (86, 86) (54, 54) (51, 51) (17, 17) 
(95, 95) (25, 25) (71, 71) (16, 16) (64, 64) (23, 23) (77, 77) (29, 29) (90, 90) (55, 55) (83, 83) (18, 18) (42, 42) (78, 78) (33, 33) (12, 12) (28, 28) (97, 97) (61, 61) (7, 7) 
(1, 1) (54, 54) (42, 42) (78, 78) (15, 15) (71, 71) (69, 69) (10, 10) (67, 67) (27, 27) (82, 82) (59, 59) (93, 93) (87, 87) (55, 55) (61, 61) (70, 70) (58, 58) (86, 86) (7, 7) 
(42, 42) (71, 71) (94, 94) (73, 73) (58, 58) (22, 22) (42, 42) (13, 13) (56, 56) (74, 74) (12, 12) (26, 26) (70, 70) (91, 91) (68, 68) (1, 1) (2, 2) (12, 12) (91, 91) (53, 53) 
(67, 67) (2, 2) (68, 68) (89, 89) (4, 4) (83, 83) (63, 63) (58, 58) (46, 46) (62, 62) (99, 99) (90, 90) (91, 91) (9, 9) (83, 83) (15, 15) (83, 83) (47, 47) (95, 95) (42, 42) 
(87, 87) (27, 27) (7, 7) (33, 33) (92, 92) (52, 52) (82, 82) (29, 29) (88, 88) (21, 21) (45, 45) (61, 61) (34, 34) (53, 53) (26, 26) (23, 23) (69, 69) (73, 73) (87, 87) (53, 53) 
(46, 46) (51, 51) (57, 57) (88, 88) (71, 71) (10, 10) (9, 9) (45, 45) (90, 90) (16, 16) (55, 55) (91, 91) (65, 65) (36, 36) (19, 19) (70, 70) (92, 92) (16, 16) (76, 76) (1, 1) 
(43, 43) (46, 46) (63, 63) (62, 62) (72, 72) (12, 12) (98, 98) (53, 53) (57, 57) (67, 67) (45, 45) (90, 90) (83, 83) (36, 36) (54, 54) (85, 85) (29, 29) (6, 6) (36, 36) (32, 32) 
(28, 28) (65, 65) (7, 7) (50, 50) (1, 1) (61, 61) (56, 56) (21, 21) (39, 39) (57, 57) (43, 43) (34, 34) (57, 57) (39, 39) (22, 22) (80, 80) (88, 88) (66, 66) (90, 90) (20, 20) 
(10, 10) (2, 2) (11, 11) (82, 82) (56, 56) (78, 78) (75, 75) (40, 40) (34, 34) (42, 42) (51, 51) (17, 17) (62, 62) (32, 32) (88, 88) (70, 70) (50, 50) (78, 78) (39, 39) (98, 98) 
(8, 8) (26, 26) (11, 11) (29, 29) (99, 99) (9, 9) (58, 58) (60, 60) (52, 52) (36, 36) (14, 14) (47, 47) (70, 70) (10, 10) (1, 1) (66, 66) (51, 51) (96, 96) (41, 41) (73, 73) 
(75, 75) (89, 89) (92, 92) (16, 16) (52, 52) (98, 98) (21, 21) (50, 50) (61, 61) (22, 22) (78, 78) (51, 51) (70, 70) (41, 41) (39, 39) (19, 19) (91, 91) (62, 62) (46, 46) (39, 39) 
(52, 52) (91, 91) (24, 24) (2, 2) (43, 43) (37, 37) (11, 11) (55, 55) (51, 51) (27, 27) (28, 28) (91, 91) (45, 45) (78, 78) (29, 29) (66, 66) (87, 87) (86, 86) (16, 16) (20, 20) 
(2, 2) (27, 27) (80, 80) (11, 11) (19, 19) (60, 60) (58, 58) (16, 16) (34, 34) (68, 68) (89, 89) (83, 83) (5, 5) (43, 43) (70, 70) (10, 10) (65, 65) (70, 70) (12, 12) (24, 24) 
(96, 96) (86, 86) (48, 48) (74, 74) (10, 10) (4, 4) (55, 55) (53, 53) (56, 56) (1, 1) (52, 52) (52, 52) (86, 86) (6, 6) (65, 65) (58, 58) (80, 80) (96, 96) (38, 38) (94, 94) 
(68, 68) (23, 23) (50, 50) (80, 80) (83, 83) (71, 71) (33, 33) (48, 48) (28, 28) (60, 60) (76, 76) (18, 18) (32, 32) (65, 65) (33, 33) (98, 98) (28, 28) (92, 92) (95, 95) (11, 11) 
(74, 74) (79, 79) (40, 40) (53, 53) (24, 24) (30, 30) (52, 52) (26, 26) (90, 90) (53, 53) (50, 50) (91, 91) (70, 70) (90, 90) (31, 31) (35, 35) (66, 66) (90, 90) (1, 1) (21, 21) 
(45, 45) (17, 17) (81, 81) (97, 97) (81, 81) (67, 67) (82, 82) (24, 24) (27, 27) (52, 52) (59, 59) (55, 55) (74, 74) (25, 25) (58, 58) (62, 62) (29, 29) (88, 88) (97, 97) (80, 80) 
(1, 1) (24, 24) (11, 11) (88, 88) (77, 77) (64, 64) (27, 27) (13, 13) (52, 52) (49, 49) (19, 19) (62, 62) (10, 10) (42, 42) (97, 97) (49, 49) (76, 76) (59, 59) (36, 36) (43, 43) 
(92, 92) (82, 82) (21, 21) (70, 70) (89, 89) (26, 26) (24, 24) (1, 1) (22, 22) (12, 12) (6, 6) (34, 34) (88, 88) (28, 28) (54, 54) (8, 8) (74, 74) (41, 41) (1, 1) (74, 74) 
(29, 29) (7, 7) (78, 78) (90, 90) (78, 78) (94, 94) (7, 7) (53, 53) (8, 8) (92, 92) (18, 18) (59, 59) (59, 59) (96, 96) (52, 52) (69, 69) (64, 64) (76, 76) (82, 82) (36, 36) 
(18, 18) (64, 64) (86, 86) (82, 82) (6, 6) (2, 2) (82, 82) (46, 46) (22, 22) (13, 13) (92, 92) (38, 38) (72, 72) (45, 45) (66, 66) (48, 48) (10, 10) (94, 94) (83, 83) (5, 5) 
(27, 27) (30, 30) (99, 99) (72, 72) (17, 17) (69, 69) (59, 59) (3, 3) (93, 93) (4, 4) (30, 30) (18, 18) (36, 36) (65, 65) (93, 93) (37, 37) (10, 10) (45, 45) (14, 14) (98, 98) 
(9, 9) (66, 66) (33, 33) (35, 35) (25, 25) (44, 44) (13, 13) (8, 8) (47, 47) (80, 80) (99, 99) (23, 23) (59, 59) (2, 2) (89, 89) (16, 16) (30, 30) (45, 45) (3, 3) (55, 55) 
(74, 74) (7, 7) (3, 3) (96, 96) (9, 9) (44, 44) (15, 15) (16, 16) (98, 98) (19, 19) (8, 8) (1, 1) (87, 87) (9, 9) (48, 48) (76, 76) (26, 26) (63, 63) (52, 52) (12, 12) 
(90, 90) (39, 39) (58, 58) (30, 30) (35, 35) (80, 80) (69, 69) (7, 7) (70, 70) (52, 52) (88, 88) (56, 56) (8, 8) (12, 12) (4, 4) (48, 48) (57, 57) (34, 34) (70, 70) (13, 13) 
(91, 91) (39, 39) (86, 86) (47, 47) (61, 61) (19, 19) (72, 72) (63, 63) (44, 44) (95, 95) (52, 52) (61, 61) (7, 7) (94, 94) (77, 77) (58, 58) (11, 11) (21, 21) (54, 54) (80, 80) 
(14, 14) (62, 62) (13, 13) (84, 84) (15, 15) (19, 19) (70, 70) (32, 32) (57, 57) (38, 38) (90, 90) (37, 37) (31, 31) (64, 64) (20, 20) (12, 12) (9, 9) (75, 75) (90, 90) (15, 15) 
(48, 48) (13, 13) (5, 5) (13, 13) (19, 19) (87, 87) (80, 80) (6, 6) (54, 54) (41, 41) (56, 56) (10, 10) (64, 64) (26, 26) (33, 33) (11, 11) (20, 20) (32, 32) (24, 24) (27, 27) 
(65, 65) (89, 89) (39, 39) (77, 77) (18, 18) (42, 42) (45, 45) (83, 83) (54, 54) (63, 63) (82, 82) (50, 50) (9, 9) (72, 72) (46, 46) (51, 51) (36, 36) (27, 27) (9, 9) (48, 48) 
(34, 34) (85, 85) (2, 2) (29, 29) (17, 17) (60, 60) (69, 69) (55, 55) (34, 34) (12, 12) (17, 17) (60, 60) (1, 1) (63, 63) (62, 62) (14, 14) (76, 76) (2, 2) (85, 85) (9, 9) 
(13, 13) (44, 44) (98, 98) (16, 16) (63, 63) (31, 31) (73, 73) (75, 75) (31, 31) (46, 46) (85, 85) (79, 79) (67, 67) (6, 6) (25, 25) (40, 40) (39, 39) (16, 16) (60, 60) (64, 64) 
(23, 23) (94, 94) (55, 55) (25, 25) (93, 93) (30, 30) (95, 95) (56, 56) (1, 1) (3, 3) (77, 77) (1, 1) (52, 52) (52, 52) (21, 21) (5, 5) (1, 1) (9, 9) (23, 23) (78, 78) 
(10, 10) (68, 68) (56, 56) (72, 72) (63, 63) (80, 80) (91, 91) (80, 80) (22, 22) (70, 70) (39, 39) (38, 38) (57, 57) (79, 79) (60, 60) (19, 19) (95, 95) (35, 35) (41, 41) (3, 3) 
(55, 55) (50, 50) (2, 2) (69, 69) (44, 44) (19, 19) (70, 70) (71, 71) (53, 53) (98, 98) (65, 65) (4, 4) (46, 46) (94, 94) (48, 48) (86, 86) (6, 6) (34, 34) (97, 97) (45, 45) 
(85, 85) (38, 38) (27, 27) (93, 93) (81, 81) (17, 17) (14, 14) (78, 78) (89, 89) (90, 90) (97, 97) (97, 97) (12, 12) (28, 28) (72, 72) (93, 93) (18, 18) (90, 90) (53, 53) (23, 23) 
(83, 83) (11, 11) (94, 94) (44, 44) (80, 80) (94, 94) (24, 24) (65, 65) (22, 22) (74, 74) (62, 62) (58, 58) (86, 86) (49, 49) (94, 94) (29, 29) (75, 75) (13, 13) (26, 26) (82, 82) 
(31, 31) (76, 76) (9, 9) (16, 16) (28, 28) (88, 88) (97, 97) (43, 43) (14, 14) (89, 89) (38, 38) (66, 66) (62, 62) (8, 8) (41, 41) (81, 81) (38, 38) (16, 16) (26, 26) (16, 16) 
(51, 51) (1, 1) (80, 80) (63, 63) (1, 1) (61, 61) (98, 98) (58, 58) (47, 47) (15, 15) (83, 83) (16, 16) (50, 50) (36, 36) (13, 13) (46, 46) (97, 97) (87, 87) (3, 3) (50, 50) 
(98, 98) (65, 65) (22, 22) (31, 31) (38, 38) (45, 45) (72, 72) (72, 72) (37, 37) (63, 63) (37, 37) (50, 50) (6, 6) (30, 30) (11, 11) (34, 34) (46, 46) (34, 34) (37, 37) (82, 82) 
(31, 31) (19, 19) (30, 30) (80, 80) (24, 24) (74, 74) (67, 67) (39, 39) (35, 35) (79, 79) (42, 42) (24, 24) (45, 45) (5, 5) (13, 13) (44, 44) (93, 93) (33, 33) (34, 34) (28, 28) 
(19, 19) (4, 4) (52, 52) (82, 82) (42, 42) (71, 71) (19, 19) (47, 47) (17, 17) (67, 67) (38, 38) (23, 23) (79, 79) (95, 95) (21, 21) (56, 56) (19, 19) (52, 52) (25, 25) (68, 68) 
(58, 58) (37, 37) (46, 46) (4, 4) (73, 73) (86, 86) (8, 8) (51, 51) (46, 46) (38, 38) (33, 33) (34, 34) (89, 89) (90, 90) (73, 73) (81, 81) (37, 37) (50, 50) (80, 80) (63, 63) 
(74, 74) (26, 26) (75, 75) (40, 40) (29, 29) (79, 79) (83, 83) (40, 40) (35, 35) (53, 53) (57, 57) (99, 99) (57, 57) (94, 94) (99, 99) (53, 53) (93, 93) (75, 75) (29, 29) (79, 79) 
(39, 39) (21, 21) (51, 51) (92, 92) (92, 92) (36, 36) (73, 73) (53, 53) (62, 62) (97, 97) (62, 62) (17, 17) (80, 80) (29, 29) (86, 86) (89, 89) (26, 26) (29, 29) (9, 9) (83, 83) 
(89, 89) (88, 88) (9, 9) (63, 63) (64, 64) (85, 85) (95, 95) (87, 87) (44, 44) (15, 15) (23, 23) (10, 10) (93, 93) (67, 67) (69, 69) (13, 13) (35, 35) (71, 71) (51, 51) (90, 90) 
(53, 53) (72, 72) (49, 49) (11, 11) (52, 52) (61, 61) (36, 36) (99, 99) (49, 49) (83, 83) (10, 10) (32, 32) (39, 39) (39, 39) (86, 86) (13, 13) (54, 54) (91, 91) (6, 6) (51, 51) 
(77, 77) (59, 59) (83, 83) (50, 50) (88, 88) (8, 8) (9, 9) (58, 58) (45, 45) (25, 25) (11, 11) (34, 34) (68, 68) (35, 35) (26, 26) (48, 48) (1, 1) (48, 48) (12, 12) (56, 56) 
(24, 24) (60, 60) (20, 20) (16, 16) (65, 65) (66, 66) (47, 47) (43, 43) (63, 63) (9, 9) (14, 14) (70, 70) (46, 46) (32, 32) (54, 54) (17, 17) (85, 85) (6, 6) (12, 12) (11, 11) 
(89, 89) (19, 19) (25, 25) (62, 62) (72, 72) (21, 21) (32, 32) (56, 56) (61, 61) (23, 23) (33, 33) (66, 66) (65, 65) (10, 10) (27, 27) (39, 39) (46, 46) (31, 31) (23, 23) (24, 24) 
(15, 15) (99, 99) (14, 14) (33, 33) (81, 81) (39, 39) (49, 49) (96, 96) (31, 31) (62, 62) (40, 40) (54, 54) (53, 53) (91, 91) (87, 87) (36, 36) (79, 79) (27, 27) (2, 2) (34, 34) 
(41, 41) (15, 15) (27, 27) (90, 90) (91, 91) (2, 2) (69, 69) (89, 89) (30, 30) (67, 67) (37, 37) (22, 22) (79, 79) (78, 78) (73, 73) (71, 71) (67, 67) (48, 48) (10, 10) (54, 54) 
(61, 61) (2, 2) (27, 27) (20, 20) (75, 75) (2, 2) (58, 58) (36, 36) (54, 54) (46, 46) (85, 85) (27, 27) (63, 63) (42, 42) (88, 88) (75, 75) (30, 30) (46, 46) (19, 19) (12, 12) 
(19, 19) (59, 59) (73, 73) (90, 90) (20, 20) (27, 27) (36, 36) (16, 16) (53, 53) (68, 68) (10, 10) (59, 59) (83, 83) (22, 22) (6, 6) (91, 91) (22, 22) (74, 74) (99, 99) (61, 61) 
(97, 97) (85, 85) (29, 29) (20, 20) (99, 99) (29, 29) (49, 49) (86, 86) (96, 96) (83, 83) (14, 14) (95, 95) (17, 17) (45, 45) (65, 65) (48, 48) (64, 64) (9, 9) (26, 26) (36, 36) 
(59, 59) (54, 54) (77, 77) (99, 99) (90, 90) (61, 61) (65, 65) (58, 58) (42, 42) (86, 86) (64, 64) (3, 3) (55, 55) (79, 79) (88, 88) (13, 13) (63, 63) (66, 66) (83, 83) (85, 85) 
(92, 92) (29, 29) (62, 62) (81, 81) (81, 81) (97, 97) (96, 96) (66, 66) (81, 81) (75, 75) (93, 93) (51, 51) (73, 73) (76, 76) (33, 33) (34, 34) (95, 95) (4, 4) (59, 59) (69, 69) 
(18, 18) (59, 59) (15, 15) (56, 56) (85, 85) (32, 32) (68, 68) (70, 70) (24, 24) (53, 53) (12, 12) (69, 69) (35, 35) (89, 89) (6, 6) (41, 41) (87, 87) (41, 41) (85, 85) (51, 51) 
(4, 4) (70, 70) (84, 84) (80, 80) (17, 17) (43, 43) (50, 50) (17, 17) (50, 50) (66, 66) (24, 24) (15, 15) (90, 90) (83, 83) (45, 45) (15, 15) (72, 72) (26, 26) (89, 89) (83, 83) 
(13, 13) (52, 52) (88, 88) (54, 54) (50, 50) (59, 59) (51, 51) (36, 36) (87, 87) (98, 98) (26, 26) (56, 56) (89, 89) (38, 38) (48, 48) (58, 58) (3, 3) (72, 72) (10, 10) (81, 81) 
(63, 63) (29, 29) (64, 64) (50, 50) (11, 11) (38, 38) (19, 19) (7, 7) (59, 59) (40, 40) (56, 56) (5, 5) (59, 59) (83, 83) (46, 46) (41, 41) (90, 90) (4, 4) (24, 24) (34, 34) 
(9, 9) (82, 82) (69, 69) (14, 14) (77, 77) (39, 39) (27, 27) (98, 98) (8, 8) (53, 53) (15, 15) (1, 1) (68, 68) (56, 56) (72, 72) (61, 61) (49, 49) (35, 35) (67, 67) (21, 21) 
(84, 84) (41, 41) (78, 78) (53, 53) (82, 82) (32, 32) (51, 51) (27, 27) (56, 56) (4, 4) (19, 19) (41, 41) (80, 80) (33, 33) (71, 71) (18, 18) (13, 13) (3, 3) (43, 43) (95, 95) 
(68, 68) (59, 59) (67, 67) (24, 24) (2, 2) (69, 69) (45, 45) (85, 85) (51, 51) (46, 46) (86, 86) (11, 11) (2, 2) (97, 97) (53, 53) (44, 44) (64, 64) (33, 33) (32, 32) (53, 53) 
(24, 24) (97, 97) (11, 11) (69, 69) (6, 6) (12, 12) (84, 84) (32, 32) (1, 1) (90, 90) (32, 32) (98, 98) (79, 79) (36, 36) (56, 56) (1, 1) (17, 17) (84, 84) (80, 80) (64, 64) 
(47, 47) (64, 64) (16, 16) (64, 64) (69, 69) (16, 16) (45, 45) (62, 62) (16, 16) (5, 5) (26, 26) (70, 70) (48, 48) (58, 58) (75, 75) (13, 13) (11, 11) (47, 47) (50, 50) (29, 29) 
(72, 72) (51, 51) (16, 16) (32, 32) (43, 43) (61, 61) (11, 11) (1, 1) (74, 74) (17, 17) (15, 15) (72, 72) (87, 87) (81, 81) (26, 26) (26, 26) (74, 74) (30, 30) (79, 79) (40, 40) 
(59, 59) (69, 69) (98, 98) (60, 60) (73, 73) (37, 37) (35, 35) (47, 47) (17, 17) (93, 93) (83, 83) (27, 27) (95, 95) (77, 77) (67, 67) (30, 30) (78, 78) (26, 26) (45, 45) (55, 55) 
(42, 42) (93, 93) (88, 88) (89, 89) (31, 31) (89, 89) (59, 59) (86, 86) (28, 28) (23, 23) (4, 4) (72, 72) (43, 43) (28, 28) (52, 52) (18, 18) (60, 60) (91, 91) (86, 86) (6, 6) 
(84, 84) (8, 8) (84, 84) (67, 67) (84, 84) (11, 11) (89, 89) (38, 38) (12, 12) (74, 74) (14, 14) (50, 50) (83, 83) (42, 42) (77, 77) (88, 88) (58, 58) (58, 58) (8, 8) (17, 17) 
(28, 28) (15, 15) (97, 97) (31, 31) (15, 15) (35, 35) (9, 9) (59, 59) (50, 50) (98, 98) (86, 86) (6, 6) (49, 49) (24, 24) (89, 89) (56, 56) (85, 85) (14, 14) (78, 78) (20, 20) 
(51, 51) (25, 25) (56, 56) (67, 67) (51, 51) (44, 44) (80, 80) (66, 66) (23, 23) (74, 74) (12, 12) (52, 52) (13, 13) (4, 4) (36, 36) (69, 69) (5, 5) (21, 21) (57, 57) (79, 79) 
