NUMERO DE TRABAJOS
100
NUMERO DE RECURSOS
20
SECUENCIA DE MAQUINAS
9 19 7 6 2 13 11 18 16 8 14 3 1 4 5 0 15 10 12 17 
3 2 6 15 16 18 8 14 10 12 13 1 17 0 5 11 7 4 9 19 
12 11 13 16 7 9 3 19 10 14 2 0 18 6 1 17 15 5 4 8 
12 19 5 11 14 4 13 7 6 15 18 1 0 3 17 2 10 16 8 9 
12 2 10 11 8 18 17 6 5 13 9 14 4 16 19 15 3 1 0 7 
12 14 18 0 9 3 15 16 2 13 17 7 11 10 5 19 8 4 1 6 
2 18 8 10 17 12 19 9 7 4 11 14 1 3 0 16 13 15 6 5 
5 11 0 18 16 6 3 7 13 9 10 14 19 15 12 1 17 8 4 2 
8 1 7 15 17 12 14 18 16 0 3 13 9 4 19 11 10 6 5 2 
11 13 0 4 8 19 14 2 17 12 18 6 3 5 10 15 16 1 7 9 
0 9 2 7 4 3 15 17 6 1 10 8 19 5 16 18 11 14 12 13 
16 11 6 13 17 14 2 5 1 4 8 9 15 19 3 0 18 7 12 10 
11 14 18 8 1 9 5 10 2 3 16 0 4 17 13 19 6 12 15 7 
3 19 14 10 16 7 0 1 12 5 11 6 18 8 4 2 15 9 13 17 
6 9 11 4 14 8 10 19 5 12 18 17 3 15 0 1 16 13 7 2 
6 1 5 18 13 15 9 3 7 8 16 14 10 4 17 11 12 0 19 2 
12 16 2 3 0 18 9 10 19 4 13 15 6 17 7 5 11 8 1 14 
6 15 0 5 2 12 19 10 3 7 13 4 11 16 8 1 18 14 9 17 
4 1 15 19 0 18 16 14 12 11 3 9 10 8 2 17 6 5 7 13 
12 19 13 8 10 14 17 1 7 3 4 18 5 6 2 15 0 11 16 9 
15 12 11 19 3 0 14 4 1 13 18 8 17 2 7 5 16 6 10 9 
4 6 5 7 1 2 13 3 9 18 16 15 12 0 11 17 10 8 14 19 
19 17 18 12 5 15 0 8 4 1 6 10 13 16 14 2 7 11 9 3 
16 15 18 8 1 7 17 10 0 9 12 14 11 5 13 6 3 4 2 19 
12 11 1 0 8 6 15 3 17 9 7 19 13 18 14 4 16 5 10 2 
9 1 19 16 7 5 17 11 8 0 2 3 18 4 12 15 10 14 13 6 
10 5 15 16 2 9 4 0 8 19 14 13 1 12 17 18 11 3 7 6 
8 5 9 19 2 11 18 4 3 7 12 1 6 10 14 15 16 0 17 13 
4 6 12 5 9 15 0 16 11 3 7 8 17 18 13 19 2 10 14 1 
16 15 10 3 5 14 12 18 13 0 1 8 19 17 7 4 2 11 6 9 
11 5 3 4 0 9 16 17 13 12 18 10 2 1 14 19 7 15 8 6 
15 2 11 12 5 1 10 3 7 14 18 19 13 4 17 8 6 9 0 16 
16 17 13 2 1 6 14 4 18 15 19 0 12 8 9 10 5 3 11 7 
14 0 17 19 18 11 4 3 12 15 10 13 16 9 7 2 1 5 6 8 
16 15 14 6 4 5 1 19 0 10 2 12 17 13 8 9 3 7 11 18 
14 3 5 18 6 16 1 19 10 2 12 9 0 4 17 7 13 11 15 8 
10 16 7 11 14 5 13 12 17 6 9 2 3 1 8 15 18 0 19 4 
5 15 13 16 18 19 8 11 4 6 3 2 0 17 1 10 12 14 9 7 
13 0 11 7 18 5 6 8 14 4 9 10 19 15 1 2 3 12 17 16 
5 11 13 9 17 3 14 12 19 4 16 1 15 2 18 0 10 8 7 6 
1 7 15 9 19 5 17 8 2 11 3 12 6 0 14 10 16 13 18 4 
12 13 6 18 8 2 14 1 16 4 7 9 0 19 5 11 10 3 17 15 
5 13 9 11 10 16 4 18 0 17 8 3 14 2 7 19 12 6 15 1 
10 1 17 2 19 14 0 8 15 16 3 9 18 4 12 7 6 5 11 13 
19 13 3 7 10 6 9 2 14 11 17 12 4 16 5 15 18 8 0 1 
16 12 14 19 9 8 15 18 0 6 2 11 13 7 4 3 1 5 17 10 
4 3 10 15 11 5 0 12 14 1 2 19 16 18 8 6 7 17 9 13 
1 19 5 14 12 13 18 9 7 16 0 6 10 15 17 4 11 2 8 3 
4 6 3 13 1 10 2 5 18 16 17 7 15 8 9 19 0 14 11 12 
19 6 0 3 5 4 12 8 2 7 17 18 9 1 10 14 13 16 15 11 
9 18 12 10 1 2 13 6 8 17 7 4 11 3 0 15 19 16 14 5 
11 1 2 15 13 8 4 10 16 14 12 17 18 6 5 0 3 19 7 9 
16 12 10 2 6 18 9 17 0 1 15 4 19 11 7 13 8 5 14 3 
13 5 8 19 9 15 1 10 4 17 18 14 2 0 7 3 16 12 11 6 
14 2 3 6 12 5 16 19 4 1 9 7 0 15 11 17 18 13 10 8 
2 11 0 15 19 6 4 3 17 14 9 16 18 8 1 13 5 7 10 12 
6 15 9 0 14 8 13 1 4 5 17 18 12 10 19 11 2 7 16 3 
13 2 12 3 5 6 17 19 8 10 16 0 15 11 18 9 7 1 4 14 
19 7 15 14 10 9 4 17 13 2 8 6 11 1 18 16 3 0 12 5 
12 0 17 18 6 5 11 3 2 10 15 7 9 13 8 1 4 14 19 16 
3 0 14 5 4 15 2 17 12 10 16 7 6 11 8 9 19 13 18 1 
7 4 15 13 11 9 1 8 6 0 12 18 19 14 3 16 10 2 17 5 
7 4 1 19 6 14 13 12 0 17 11 18 5 15 10 8 9 3 16 2 
1 9 5 14 17 0 3 2 18 13 4 11 12 6 8 19 7 10 16 15 
1 18 12 0 5 11 9 14 2 15 8 6 3 17 10 13 7 4 19 16 
8 19 18 7 4 16 6 15 9 12 1 14 17 2 10 3 0 13 11 5 
7 2 1 6 11 12 14 18 9 15 3 8 17 16 19 0 13 4 5 10 
16 3 5 10 15 8 6 14 13 19 18 7 17 11 2 0 4 12 1 9 
5 11 1 0 16 10 6 2 7 8 12 14 18 4 15 19 17 9 13 3 
8 3 2 14 0 1 16 6 11 9 4 18 19 10 5 17 13 7 12 15 
2 16 9 6 19 3 0 7 12 17 18 5 14 10 4 13 15 11 1 8 
11 7 15 14 2 0 1 4 12 9 3 19 16 5 17 10 13 18 8 6 
15 11 8 14 3 13 18 0 4 6 1 17 19 12 9 5 2 7 16 10 
6 17 5 0 7 15 18 19 1 12 2 10 4 8 3 9 14 16 13 11 
16 6 17 5 11 9 13 19 1 14 2 7 8 18 0 15 4 12 10 3 
3 5 17 15 6 13 12 16 14 10 0 18 1 7 8 11 4 19 2 9 
12 15 19 3 10 16 2 18 11 7 9 8 17 13 0 1 4 5 14 6 
5 6 12 3 4 10 15 0 17 14 19 8 7 16 9 13 1 11 2 18 
1 17 18 15 0 14 5 11 8 3 16 6 2 9 13 4 12 7 10 19 
8 6 1 10 5 12 0 11 2 3 4 15 17 13 19 18 7 14 9 16 
0 14 18 15 5 7 12 11 10 16 6 9 19 2 3 8 17 4 13 1 
10 2 18 13 11 9 14 4 15 12 19 17 1 3 6 16 0 8 7 5 
10 4 7 18 8 9 17 19 1 14 16 15 11 13 5 0 2 3 12 6 
0 3 1 19 15 8 16 11 13 10 5 9 6 7 17 12 14 4 18 2 
10 6 8 2 7 15 13 9 18 12 16 1 17 11 14 5 4 3 19 0 
18 12 6 19 15 16 1 2 7 3 17 4 0 9 11 13 14 10 8 5 
9 15 8 14 0 7 3 18 4 13 2 12 6 19 5 16 11 17 10 1 
16 18 15 0 6 2 12 14 3 11 9 13 7 8 5 19 10 17 4 1 
9 6 12 18 15 11 17 3 7 14 10 0 4 16 19 8 1 2 13 5 
16 13 17 14 12 15 18 8 19 6 2 11 5 10 0 3 4 1 9 7 
16 2 14 3 19 9 6 17 15 0 7 11 5 12 18 8 10 1 13 4 
13 9 1 18 7 12 19 2 11 6 17 3 16 14 15 4 8 0 5 10 
3 19 9 16 14 5 4 6 15 11 1 7 8 10 2 13 0 17 18 12 
11 7 15 16 3 2 12 5 17 19 14 6 9 10 8 18 0 13 1 4 
8 15 13 14 18 16 19 0 7 17 12 11 4 1 3 9 6 2 5 10 
17 8 2 11 9 4 10 15 5 19 0 14 6 16 18 3 7 12 1 13 
0 18 12 4 8 14 5 6 16 13 2 7 9 15 17 1 3 19 11 10 
9 15 14 12 7 3 5 19 0 2 1 8 4 16 6 18 10 11 13 17 
19 4 10 18 1 17 0 8 5 9 14 6 12 7 2 15 3 13 16 11 
4 11 9 17 0 12 14 1 19 13 2 3 15 16 6 8 10 7 5 18 
DURACIONES
(53, 53) (48, 48) (17, 17) (42, 42) (70, 70) (99, 99) (23, 23) (79, 79) (42, 42) (88, 88) (23, 23) (77, 77) (59, 59) (45, 45) (84, 84) (58, 58) (47, 47) (91, 91) (29, 29) (48, 48) 
(52, 52) (74, 74) (35, 35) (3, 3) (45, 45) (36, 36) (92, 92) (20, 20) (58, 58) (14, 14) (5, 5) (93, 93) (46, 46) (36, 36) (94, 94) (76, 76) (63, 63) (95, 95) (66, 66) (49, 49) 
(42, 42) (62, 62) (83, 83) (59, 59) (60, 60) (8, 8) (15, 15) (10, 10) (1, 1) (78, 78) (27, 27) (98, 98) (35, 35) (22, 22) (80, 80) (77, 77) (86, 86) (63, 63) (44, 44) (39, 39) 
(10, 10) (6, 6) (62, 62) (67, 67) (66, 66) (38, 38) (20, 20) (76, 76) (94, 94) (67, 67) (34, 34) (59, 59) (27, 27) (61, 61) (10, 10) (67, 67) (21, 21) (90, 90) (73, 73) (14, 14) 
(17, 17) (37, 37) (21, 21) (91, 91) (7, 7) (44, 44) (22, 22) (50, 50) (31, 31) (82, 82) (53, 53) (21, 21) (89, 89) (35, 35) (48, 48) (16, 16) (70, 70) (93, 93) (41, 41) (5, 5) 
(63, 63) (68, 68) (45, 45) (41, 41) (78, 78) (74, 74) (97, 97) (14, 14) (48, 48) (54, 54) (91, 91) (92, 92) (91, 91) (64, 64) (61, 61) (6, 6) (6, 6) (60, 60) (65, 65) (73, 73) 
(91, 91) (58, 58) (75, 75) (11, 11) (7, 7) (86, 86) (70, 70) (26, 26) (53, 53) (5, 5) (81, 81) (66, 66) (57, 57) (77, 77) (89, 89) (49, 49) (3, 3) (59, 59) (93, 93) (37, 37) 
(33, 33) (97, 97) (81, 81) (35, 35) (83, 83) (28, 28) (47, 47) (34, 34) (23, 23) (96, 96) (31, 31) (94, 94) (63, 63) (21, 21) (1, 1) (56, 56) (36, 36) (50, 50) (91, 91) (88, 88) 
(37, 37) (70, 70) (38, 38) (84, 84) (25, 25) (32, 32) (72, 72) (37, 37) (23, 23) (14, 14) (44, 44) (3, 3) (25, 25) (91, 91) (97, 97) (88, 88) (64, 64) (81, 81) (65, 65) (59, 59) 
(40, 40) (23, 23) (52, 52) (39, 39) (64, 64) (9, 9) (65, 65) (22, 22) (71, 71) (51, 51) (7, 7) (7, 7) (7, 7) (34, 34) (59, 59) (2, 2) (45, 45) (41, 41) (96, 96) (20, 20) 
(48, 48) (63, 63) (47, 47) (12, 12) (56, 56) (86, 86) (86, 86) (1, 1) (20, 20) (80, 80) (82, 82) (4, 4) (8, 8) (55, 55) (85, 85) (75, 75) (22, 22) (11, 11) (46, 46) (48, 48) 
(76, 76) (56, 56) (19, 19) (7, 7) (44, 44) (90, 90) (23, 23) (12, 12) (57, 57) (99, 99) (75, 75) (22, 22) (59, 59) (96, 96) (5, 5) (67, 67) (94, 94) (64, 64) (88, 88) (77, 77) 
(87, 87) (22, 22) (14, 14) (19, 19) (98, 98) (68, 68) (47, 47) (97, 97) (10, 10) (71, 71) (66, 66) (42, 42) (21, 21) (49, 49) (87, 87) (49, 49) (54, 54) (74, 74) (92, 92) (25, 25) 
(22, 22) (64, 64) (21, 21) (44, 44) (34, 34) (43, 43) (14, 14) (73, 73) (38, 38) (58, 58) (52, 52) (26, 26) (6, 6) (56, 56) (98, 98) (2, 2) (98, 98) (49, 49) (91, 91) (65, 65) 
(58, 58) (56, 56) (73, 73) (22, 22) (65, 65) (94, 94) (98, 98) (13, 13) (25, 25) (66, 66) (35, 35) (50, 50) (8, 8) (47, 47) (33, 33) (24, 24) (53, 53) (39, 39) (43, 43) (96, 96) 
(99, 99) (72, 72) (40, 40) (88, 88) (39, 39) (26, 26) (57, 57) (81, 81) (63, 63) (71, 71) (93, 93) (59, 59) (12, 12) (71, 71) (87, 87) (52, 52) (67, 67) (27, 27) (70, 70) (91, 91) 
(63, 63) (87, 87) (72, 72) (44, 44) (20, 20) (77, 77) (48, 48) (34, 34) (62, 62) (64, 64) (26, 26) (68, 68) (92, 92) (18, 18) (51, 51) (43, 43) (15, 15) (70, 70) (23, 23) (56, 56) 
(6, 6) (39, 39) (65, 65) (47, 47) (69, 69) (17, 17) (35, 35) (94, 94) (52, 52) (58, 58) (63, 63) (63, 63) (89, 89) (56, 56) (30, 30) (24, 24) (37, 37) (3, 3) (61, 61) (12, 12) 
(80, 80) (50, 50) (35, 35) (43, 43) (96, 96) (3, 3) (81, 81) (10, 10) (14, 14) (32, 32) (54, 54) (21, 21) (57, 57) (78, 78) (56, 56) (8, 8) (60, 60) (37, 37) (47, 47) (2, 2) 
(93, 93) (46, 46) (47, 47) (13, 13) (87, 87) (60, 60) (83, 83) (69, 69) (32, 32) (12, 12) (2, 2) (89, 89) (3, 3) (12, 12) (14, 14) (99, 99) (69, 69) (12, 12) (79, 79) (72, 72) 
(99, 99) (55, 55) (44, 44) (16, 16) (49, 49) (86, 86) (40, 40) (40, 40) (41, 41) (36, 36) (93, 93) (34, 34) (88, 88) (90, 90) (99, 99) (37, 37) (54, 54) (82, 82) (4, 4) (55, 55) 
(31, 31) (26, 26) (12, 12) (48, 48) (41, 41) (2, 2) (25, 25) (17, 17) (32, 32) (77, 77) (98, 98) (2, 2) (82, 82) (92, 92) (33, 33) (53, 53) (53, 53) (28, 28) (27, 27) (86, 86) 
(86, 86) (59, 59) (40, 40) (42, 42) (46, 46) (78, 78) (14, 14) (7, 7) (49, 49) (6, 6) (28, 28) (12, 12) (73, 73) (35, 35) (64, 64) (57, 57) (77, 77) (64, 64) (63, 63) (15, 15) 
(17, 17) (59, 59) (60, 60) (37, 37) (95, 95) (78, 78) (61, 61) (45, 45) (51, 51) (67, 67) (34, 34) (45, 45) (47, 47) (86, 86) (74, 74) (5, 5) (67, 67) (79, 79) (27, 27) (9, 9) 
(70, 70) (23, 23) (29, 29) (78, 78) (54, 54) (3, 3) (27, 27) (82, 82) (30, 30) (90, 90) (27, 27) (95, 95) (8, 8) (9, 9) (58, 58) (41, 41) (25, 25) (87, 87) (35, 35) (24, 24) 
(39, 39) (62, 62) (80, 80) (74, 74) (25, 25) (43, 43) (79, 79) (52, 52) (12, 12) (6, 6) (67, 67) (46, 46) (37, 37) (14, 14) (37, 37) (2, 2) (82, 82) (12, 12) (38, 38) (9, 9) 
(84, 84) (87, 87) (40, 40) (12, 12) (9, 9) (62, 62) (27, 27) (68, 68) (24, 24) (79, 79) (52, 52) (18, 18) (57, 57) (93, 93) (61, 61) (15, 15) (61, 61) (21, 21) (93, 93) (57, 57) 
(54, 54) (89, 89) (30, 30) (4, 4) (37, 37) (72, 72) (1, 1) (10, 10) (65, 65) (81, 81) (22, 22) (17, 17) (72, 72) (41, 41) (51, 51) (42, 42) (21, 21) (39, 39) (1, 1) (59, 59) 
(65, 65) (82, 82) (11, 11) (85, 85) (8, 8) (53, 53) (89, 89) (29, 29) (60, 60) (22, 22) (46, 46) (29, 29) (22, 22) (71, 71) (35, 35) (6, 6) (22, 22) (77, 77) (69, 69) (30, 30) 
(43, 43) (35, 35) (84, 84) (68, 68) (85, 85) (3, 3) (11, 11) (13, 13) (66, 66) (74, 74) (30, 30) (54, 54) (12, 12) (94, 94) (85, 85) (86, 86) (74, 74) (17, 17) (88, 88) (6, 6) 
(81, 81) (3, 3) (69, 69) (81, 81) (52, 52) (59, 59) (88, 88) (99, 99) (63, 63) (35, 35) (48, 48) (26, 26) (44, 44) (38, 38) (32, 32) (4, 4) (80, 80) (44, 44) (86, 86) (90, 90) 
(35, 35) (14, 14) (63, 63) (25, 25) (7, 7) (22, 22) (72, 72) (38, 38) (63, 63) (80, 80) (65, 65) (84, 84) (8, 8) (18, 18) (79, 79) (42, 42) (94, 94) (89, 89) (29, 29) (40, 40) 
(98, 98) (76, 76) (87, 87) (69, 69) (65, 65) (64, 64) (58, 58) (7, 7) (18, 18) (7, 7) (9, 9) (36, 36) (48, 48) (48, 48) (83, 83) (43, 43) (35, 35) (84, 84) (32, 32) (84, 84) 
(22, 22) (95, 95) (92, 92) (95, 95) (70, 70) (84, 84) (3, 3) (56, 56) (31, 31) (10, 10) (35, 35) (47, 47) (94, 94) (61, 61) (45, 45) (47, 47) (4, 4) (1, 1) (35, 35) (53, 53) 
(1, 1) (22, 22) (46, 46) (91, 91) (78, 78) (48, 48) (32, 32) (93, 93) (28, 28) (91, 91) (16, 16) (52, 52) (48, 48) (43, 43) (11, 11) (68, 68) (44, 44) (51, 51) (11, 11) (33, 33) 
(26, 26) (65, 65) (93, 93) (8, 8) (44, 44) (98, 98) (50, 50) (36, 36) (5, 5) (68, 68) (6, 6) (49, 49) (46, 46) (55, 55) (1, 1) (94, 94) (13, 13) (39, 39) (90, 90) (40, 40) 
(63, 63) (30, 30) (24, 24) (41, 41) (97, 97) (71, 71) (92, 92) (91, 91) (22, 22) (97, 97) (49, 49) (40, 40) (37, 37) (36, 36) (23, 23) (83, 83) (53, 53) (71, 71) (64, 64) (76, 76) 
(37, 37) (60, 60) (79, 79) (25, 25) (83, 83) (21, 21) (10, 10) (78, 78) (75, 75) (9, 9) (70, 70) (36, 36) (41, 41) (8, 8) (1, 1) (19, 19) (1, 1) (6, 6) (67, 67) (46, 46) 
(5, 5) (29, 29) (76, 76) (16, 16) (81, 81) (9, 9) (94, 94) (82, 82) (71, 71) (5, 5) (3, 3) (38, 38) (25, 25) (85, 85) (45, 45) (62, 62) (30, 30) (58, 58) (10, 10) (20, 20) 
(85, 85) (99, 99) (30, 30) (23, 23) (91, 91) (32, 32) (61, 61) (42, 42) (11, 11) (56, 56) (33, 33) (30, 30) (27, 27) (19, 19) (14, 14) (81, 81) (21, 21) (56, 56) (57, 57) (68, 68) 
(4, 4) (20, 20) (37, 37) (62, 62) (79, 79) (62, 62) (71, 71) (18, 18) (82, 82) (7, 7) (42, 42) (97, 97) (10, 10) (6, 6) (25, 25) (70, 70) (27, 27) (87, 87) (69, 69) (53, 53) 
(14, 14) (19, 19) (36, 36) (52, 52) (88, 88) (67, 67) (2, 2) (30, 30) (83, 83) (86, 86) (97, 97) (33, 33) (23, 23) (5, 5) (42, 42) (77, 77) (47, 47) (58, 58) (23, 23) (44, 44) 
(82, 82) (73, 73) (91, 91) (78, 78) (54, 54) (1, 1) (30, 30) (9, 9) (37, 37) (3, 3) (71, 71) (26, 26) (98, 98) (70, 70) (35, 35) (55, 55) (72, 72) (47, 47) (35, 35) (85, 85) 
(36, 36) (14, 14) (96, 96) (61, 61) (3, 3) (30, 30) (98, 98) (75, 75) (41, 41) (79, 79) (96, 96) (73, 73) (54, 54) (72, 72) (29, 29) (6, 6) (31, 31) (32, 32) (34, 34) (50, 50) 
(93, 93) (16, 16) (96, 96) (73, 73) (94, 94) (36, 36) (29, 29) (38, 38) (63, 63) (14, 14) (7, 7) (7, 7) (56, 56) (54, 54) (7, 7) (83, 83) (33, 33) (60, 60) (88, 88) (58, 58) 
(64, 64) (11, 11) (13, 13) (4, 4) (74, 74) (23, 23) (84, 84) (62, 62) (8, 8) (42, 42) (96, 96) (26, 26) (41, 41) (2, 2) (28, 28) (14, 14) (99, 99) (14, 14) (65, 65) (80, 80) 
(10, 10) (99, 99) (20, 20) (80, 80) (60, 60) (2, 2) (98, 98) (97, 97) (1, 1) (1, 1) (59, 59) (1, 1) (26, 26) (99, 99) (89, 89) (38, 38) (15, 15) (47, 47) (74, 74) (14, 14) 
(52, 52) (50, 50) (13, 13) (73, 73) (88, 88) (67, 67) (78, 78) (82, 82) (18, 18) (86, 86) (27, 27) (34, 34) (26, 26) (30, 30) (17, 17) (2, 2) (87, 87) (85, 85) (40, 40) (77, 77) 
(70, 70) (98, 98) (23, 23) (29, 29) (88, 88) (31, 31) (7, 7) (92, 92) (3, 3) (80, 80) (18, 18) (39, 39) (57, 57) (56, 56) (8, 8) (1, 1) (79, 79) (90, 90) (74, 74) (55, 55) 
(25, 25) (29, 29) (51, 51) (83, 83) (91, 91) (93, 93) (44, 44) (16, 16) (23, 23) (7, 7) (57, 57) (56, 56) (72, 72) (41, 41) (68, 68) (25, 25) (63, 63) (43, 43) (87, 87) (53, 53) 
(35, 35) (12, 12) (89, 89) (41, 41) (70, 70) (18, 18) (70, 70) (69, 69) (5, 5) (59, 59) (30, 30) (34, 34) (23, 23) (42, 42) (45, 45) (92, 92) (92, 92) (60, 60) (98, 98) (41, 41) 
(61, 61) (4, 4) (30, 30) (50, 50) (50, 50) (39, 39) (41, 41) (15, 15) (22, 22) (55, 55) (37, 37) (7, 7) (88, 88) (58, 58) (90, 90) (64, 64) (7, 7) (23, 23) (19, 19) (37, 37) 
(4, 4) (57, 57) (1, 1) (80, 80) (21, 21) (35, 35) (32, 32) (98, 98) (78, 78) (50, 50) (79, 79) (53, 53) (40, 40) (19, 19) (25, 25) (84, 84) (91, 91) (51, 51) (95, 95) (4, 4) 
(73, 73) (92, 92) (25, 25) (41, 41) (58, 58) (36, 36) (50, 50) (90, 90) (98, 98) (39, 39) (94, 94) (64, 64) (15, 15) (29, 29) (27, 27) (89, 89) (50, 50) (26, 26) (38, 38) (11, 11) 
(82, 82) (37, 37) (99, 99) (34, 34) (94, 94) (46, 46) (74, 74) (45, 45) (78, 78) (41, 41) (58, 58) (43, 43) (71, 71) (59, 59) (25, 25) (55, 55) (84, 84) (48, 48) (84, 84) (57, 57) 
(11, 11) (53, 53) (39, 39) (81, 81) (66, 66) (99, 99) (73, 73) (76, 76) (7, 7) (91, 91) (33, 33) (47, 47) (14, 14) (51, 51) (25, 25) (4, 4) (15, 15) (26, 26) (79, 79) (70, 70) 
(79, 79) (97, 97) (9, 9) (56, 56) (50, 50) (43, 43) (55, 55) (32, 32) (91, 91) (75, 75) (83, 83) (17, 17) (55, 55) (43, 43) (80, 80) (62, 62) (60, 60) (3, 3) (56, 56) (33, 33) 
(97, 97) (40, 40) (32, 32) (7, 7) (85, 85) (60, 60) (19, 19) (13, 13) (54, 54) (62, 62) (47, 47) (11, 11) (32, 32) (49, 49) (65, 65) (69, 69) (67, 67) (96, 96) (7, 7) (71, 71) 
(7, 7) (54, 54) (19, 19) (14, 14) (68, 68) (74, 74) (1, 1) (62, 62) (53, 53) (51, 51) (35, 35) (23, 23) (88, 88) (68, 68) (53, 53) (39, 39) (65, 65) (64, 64) (93, 93) (93, 93) 
(9, 9) (28, 28) (6, 6) (73, 73) (73, 73) (71, 71) (7, 7) (57, 57) (95, 95) (93, 93) (56, 56) (67, 67) (23, 23) (30, 30) (98, 98) (37, 37) (34, 34) (27, 27) (45, 45) (62, 62) 
(32, 32) (71, 71) (47, 47) (16, 16) (50, 50) (96, 96) (31, 31) (10, 10) (63, 63) (10, 10) (74, 74) (88, 88) (32, 32) (50, 50) (93, 93) (41, 41) (55, 55) (5, 5) (69, 69) (83, 83) 
(4, 4) (8, 8) (91, 91) (54, 54) (59, 59) (51, 51) (58, 58) (55, 55) (63, 63) (3, 3) (64, 64) (38, 38) (21, 21) (8, 8) (69, 69) (93, 93) (95, 95) (61, 61) (37, 37) (74, 74) 
(86, 86) (46, 46) (71, 71) (94, 94) (84, 84) (72, 72) (51, 51) (75, 75) (46, 46) (17, 17) (35, 35) (22, 22) (43, 43) (64, 64) (4, 4) (32, 32) (22, 22) (71, 71) (26, 26) (62, 62) 
(44, 44) (55, 55) (12, 12) (38, 38) (35, 35) (6, 6) (61, 61) (93, 93) (18, 18) (62, 62) (42, 42) (23, 23) (9, 9) (71, 71) (79, 79) (84, 84) (90, 90) (67, 67) (92, 92) (48, 48) 
(78, 78) (22, 22) (8, 8) (85, 85) (92, 92) (8, 8) (45, 45) (38, 38) (20, 20) (38, 38) (73, 73) (53, 53) (44, 44) (19, 19) (75, 75) (41, 41) (71, 71) (6, 6) (84, 84) (74, 74) 
(30, 30) (41, 41) (20, 20) (49, 49) (60, 60) (59, 59) (40, 40) (72, 72) (31, 31) (26, 26) (55, 55) (3, 3) (61, 61) (57, 57) (58, 58) (87, 87) (88, 88) (40, 40) (94, 94) (78, 78) 
(8, 8) (15, 15) (66, 66) (46, 46) (22, 22) (66, 66) (13, 13) (7, 7) (30, 30) (64, 64) (55, 55) (31, 31) (96, 96) (82, 82) (60, 60) (14, 14) (63, 63) (56, 56) (71, 71) (63, 63) 
(29, 29) (10, 10) (78, 78) (46, 46) (94, 94) (97, 97) (85, 85) (86, 86) (63, 63) (50, 50) (49, 49) (27, 27) (63, 63) (81, 81) (4, 4) (80, 80) (9, 9) (95, 95) (6, 6) (83, 83) 
(63, 63) (28, 28) (37, 37) (62, 62) (56, 56) (73, 73) (54, 54) (70, 70) (53, 53) (7, 7) (35, 35) (64, 64) (22, 22) (98, 98) (41, 41) (6, 6) (88, 88) (20, 20) (5, 5) (86, 86) 
(84, 84) (84, 84) (21, 21) (35, 35) (54, 54) (98, 98) (95, 95) (54, 54) (63, 63) (59, 59) (74, 74) (90, 90) (68, 68) (98, 98) (39, 39) (83, 83) (5, 5) (19, 19) (74, 74) (73, 73) 
(1, 1) (41, 41) (31, 31) (10, 10) (99, 99) (94, 94) (9, 9) (69, 69) (55, 55) (92, 92) (17, 17) (89, 89) (73, 73) (10, 10) (98, 98) (38, 38) (13, 13) (52, 52) (48, 48) (87, 87) 
(70, 70) (40, 40) (18, 18) (41, 41) (26, 26) (65, 65) (7, 7) (56, 56) (32, 32) (37, 37) (32, 32) (48, 48) (77, 77) (26, 26) (91, 91) (5, 5) (33, 33) (74, 74) (90, 90) (97, 97) 
(1, 1) (55, 55) (80, 80) (27, 27) (58, 58) (92, 92) (18, 18) (91, 91) (23, 23) (96, 96) (86, 86) (40, 40) (17, 17) (39, 39) (49, 49) (31, 31) (60, 60) (53, 53) (74, 74) (23, 23) 
(73, 73) (19, 19) (89, 89) (90, 90) (27, 27) (84, 84) (73, 73) (30, 30) (51, 51) (33, 33) (84, 84) (21, 21) (38, 38) (29, 29) (34, 34) (12, 12) (57, 57) (46, 46) (9, 9) (8, 8) 
(65, 65) (39, 39) (15, 15) (72, 72) (65, 65) (6, 6) (99, 99) (83, 83) (65, 65) (84, 84) (85, 85) (90, 90) (23, 23) (45, 45) (74, 74) (88, 88) (26, 26) (41, 41) (61, 61) (28, 28) 
(86, 86) (60, 60) (48, 48) (8, 8) (18, 18) (14, 14) (71, 71) (41, 41) (76, 76) (57, 57) (72, 72) (23, 23) (81, 81) (50, 50) (60, 60) (15, 15) (33, 33) (54, 54) (67, 67) (80, 80) 
(25, 25) (19, 19) (88, 88) (68, 68) (40, 40) (42, 42) (60, 60) (29, 29) (87, 87) (57, 57) (77, 77) (23, 23) (91, 91) (34, 34) (96, 96) (22, 22) (84, 84) (26, 26) (66, 66) (76, 76) 
(41, 41) (23, 23) (34, 34) (31, 31) (65, 65) (43, 43) (51, 51) (35, 35) (42, 42) (56, 56) (29, 29) (79, 79) (22, 22) (66, 66) (68, 68) (32, 32) (21, 21) (82, 82) (42, 42) (66, 66) 
(29, 29) (24, 24) (48, 48) (13, 13) (93, 93) (68, 68) (17, 17) (51, 51) (49, 49) (76, 76) (40, 40) (88, 88) (85, 85) (43, 43) (56, 56) (31, 31) (77, 77) (88, 88) (53, 53) (53, 53) 
(17, 17) (18, 18) (36, 36) (1, 1) (54, 54) (20, 20) (95, 95) (20, 20) (57, 57) (42, 42) (3, 3) (55, 55) (18, 18) (39, 39) (85, 85) (28, 28) (21, 21) (49, 49) (7, 7) (98, 98) 
(89, 89) (97, 97) (66, 66) (17, 17) (2, 2) (32, 32) (94, 94) (71, 71) (87, 87) (45, 45) (45, 45) (21, 21) (91, 91) (30, 30) (33, 33) (20, 20) (97, 97) (34, 34) (15, 15) (24, 24) 
(57, 57) (89, 89) (78, 78) (21, 21) (58, 58) (78, 78) (25, 25) (51, 51) (7, 7) (1, 1) (61, 61) (92, 92) (13, 13) (73, 73) (35, 35) (46, 46) (61, 61) (4, 4) (68, 68) (3, 3) 
(77, 77) (79, 79) (61, 61) (52, 52) (74, 74) (31, 31) (71, 71) (98, 98) (4, 4) (62, 62) (44, 44) (38, 38) (25, 25) (29, 29) (40, 40) (30, 30) (65, 65) (79, 79) (57, 57) (10, 10) 
(50, 50) (95, 95) (33, 33) (34, 34) (49, 49) (25, 25) (22, 22) (87, 87) (46, 46) (13, 13) (96, 96) (98, 98) (43, 43) (80, 80) (70, 70) (7, 7) (97, 97) (19, 19) (74, 74) (47, 47) 
(83, 83) (93, 93) (90, 90) (96, 96) (75, 75) (41, 41) (68, 68) (43, 43) (77, 77) (32, 32) (75, 75) (1, 1) (28, 28) (11, 11) (90, 90) (5, 5) (4, 4) (63, 63) (79, 79) (92, 92) 
(61, 61) (65, 65) (48, 48) (2, 2) (98, 98) (44, 44) (4, 4) (50, 50) (66, 66) (97, 97) (26, 26) (85, 85) (71, 71) (52, 52) (32, 32) (98, 98) (60, 60) (88, 88) (75, 75) (43, 43) 
(97, 97) (42, 42) (77, 77) (4, 4) (80, 80) (95, 95) (17, 17) (50, 50) (32, 32) (44, 44) (93, 93) (2, 2) (5, 5) (68, 68) (78, 78) (21, 21) (70, 70) (18, 18) (49, 49) (5, 5) 
(86, 86) (18, 18) (71, 71) (19, 19) (13, 13) (72, 72) (12, 12) (64, 64) (78, 78) (37, 37) (69, 69) (13, 13) (78, 78) (60, 60) (71, 71) (63, 63) (77, 77) (41, 41) (84, 84) (71, 71) 
(17, 17) (80, 80) (96, 96) (44, 44) (2, 2) (92, 92) (32, 32) (57, 57) (74, 74) (32, 32) (48, 48) (61, 61) (47, 47) (78, 78) (81, 81) (86, 86) (29, 29) (64, 64) (48, 48) (34, 34) 
(8, 8) (79, 79) (71, 71) (87, 87) (1, 1) (61, 61) (82, 82) (7, 7) (53, 53) (70, 70) (54, 54) (62, 62) (75, 75) (13, 13) (53, 53) (53, 53) (78, 78) (97, 97) (18, 18) (39, 39) 
(70, 70) (55, 55) (92, 92) (59, 59) (62, 62) (16, 16) (4, 4) (29, 29) (18, 18) (20, 20) (56, 56) (82, 82) (33, 33) (77, 77) (64, 64) (25, 25) (75, 75) (46, 46) (54, 54) (55, 55) 
(71, 71) (69, 69) (9, 9) (92, 92) (69, 69) (91, 91) (63, 63) (3, 3) (96, 96) (9, 9) (48, 48) (29, 29) (14, 14) (15, 15) (11, 11) (2, 2) (43, 43) (52, 52) (54, 54) (96, 96) 
(72, 72) (65, 65) (18, 18) (80, 80) (55, 55) (45, 45) (34, 34) (67, 67) (59, 59) (5, 5) (38, 38) (99, 99) (91, 91) (15, 15) (42, 42) (74, 74) (24, 24) (23, 23) (10, 10) (53, 53) 
(3, 3) (17, 17) (78, 78) (72, 72) (63, 63) (92, 92) (35, 35) (62, 62) (86, 86) (5, 5) (55, 55) (77, 77) (95, 95) (49, 49) (6, 6) (58, 58) (16, 16) (78, 78) (62, 62) (73, 73) 
(38, 38) (51, 51) (28, 28) (76, 76) (38, 38) (96, 96) (91, 91) (32, 32) (90, 90) (73, 73) (56, 56) (67, 67) (4, 4) (55, 55) (77, 77) (20, 20) (43, 43) (62, 62) (79, 79) (49, 49) 
(37, 37) (71, 71) (80, 80) (33, 33) (95, 95) (41, 41) (15, 15) (67, 67) (10, 10) (94, 94) (63, 63) (97, 97) (56, 56) (42, 42) (35, 35) (63, 63) (16, 16) (92, 92) (13, 13) (88, 88) 
(14, 14) (41, 41) (82, 82) (47, 47) (49, 49) (52, 52) (64, 64) (25, 25) (12, 12) (56, 56) (47, 47) (42, 42) (77, 77) (89, 89) (92, 92) (41, 41) (75, 75) (23, 23) (40, 40) (91, 91) 
(99, 99) (52, 52) (30, 30) (27, 27) (86, 86) (29, 29) (80, 80) (78, 78) (76, 76) (13, 13) (12, 12) (23, 23) (66, 66) (30, 30) (66, 66) (52, 52) (67, 67) (42, 42) (91, 91) (84, 84) 
(94, 94) (7, 7) (40, 40) (29, 29) (87, 87) (18, 18) (82, 82) (75, 75) (32, 32) (45, 45) (19, 19) (23, 23) (69, 69) (1, 1) (92, 92) (9, 9) (29, 29) (37, 37) (8, 8) (78, 78) 
(79, 79) (39, 39) (46, 46) (95, 95) (4, 4) (55, 55) (80, 80) (79, 79) (35, 35) (11, 11) (4, 4) (24, 24) (63, 63) (14, 14) (34, 34) (14, 14) (57, 57) (58, 58) (14, 14) (60, 60) 
