NUMERO DE TRABAJOS
100
NUMERO DE RECURSOS
20
SECUENCIA DE MAQUINAS
3 10 16 19 7 1 12 2 15 5 0 17 9 13 14 18 6 8 11 4 
2 18 9 16 14 0 3 6 5 4 15 12 8 1 10 17 11 19 7 13 
7 2 11 14 0 12 13 3 8 1 18 16 5 17 15 9 4 10 19 6 
1 18 12 6 8 5 19 11 9 3 2 13 17 4 10 0 15 14 7 16 
6 12 8 10 11 19 2 3 4 18 16 5 0 15 13 17 7 9 1 14 
4 7 17 5 16 15 12 11 0 6 19 2 3 18 1 9 14 10 13 8 
3 16 19 6 10 17 4 15 1 0 9 8 2 12 5 18 7 14 11 13 
12 19 5 4 8 15 9 2 16 10 1 13 7 11 17 14 18 3 6 0 
3 4 13 8 19 18 14 5 12 15 10 1 9 6 11 0 17 16 7 2 
13 18 19 17 16 9 6 14 8 0 12 1 11 10 15 3 4 2 5 7 
19 4 17 3 15 18 11 0 10 7 6 14 12 5 8 16 2 13 9 1 
2 10 13 8 11 12 9 4 16 6 15 1 14 19 0 5 3 7 17 18 
7 17 11 4 2 12 15 9 18 16 8 14 10 5 19 0 6 1 13 3 
11 1 6 2 7 17 10 5 16 4 13 19 3 8 0 15 18 12 14 9 
18 7 11 3 9 1 12 4 13 5 14 17 8 2 15 6 0 16 10 19 
4 1 6 18 0 13 3 7 15 5 8 11 12 10 2 19 17 9 16 14 
11 4 10 5 14 8 6 0 9 2 15 19 13 3 1 17 7 18 16 12 
17 3 1 15 13 6 12 19 7 16 11 10 0 4 2 18 5 14 8 9 
14 15 12 19 17 18 10 1 6 13 3 9 4 0 11 16 7 2 8 5 
5 2 4 10 19 0 3 18 1 7 16 12 11 14 9 15 17 13 8 6 
18 1 14 11 19 16 9 17 3 15 0 13 10 7 12 5 6 4 2 8 
10 2 19 6 0 15 18 5 13 14 12 17 7 11 1 16 4 9 8 3 
4 14 17 16 15 3 5 7 11 19 18 9 13 12 2 0 6 8 10 1 
12 8 3 14 18 19 15 6 11 13 16 0 1 10 5 2 17 7 9 4 
8 16 17 12 1 14 2 6 7 3 10 18 13 0 5 19 15 11 9 4 
8 13 9 0 10 19 4 18 17 7 2 15 12 11 3 1 5 14 6 16 
2 1 19 15 8 11 5 16 7 12 0 18 17 13 10 9 14 3 6 4 
13 4 18 11 12 15 3 14 5 8 10 9 0 16 6 1 17 19 2 7 
19 16 17 18 12 3 6 8 15 9 7 4 1 13 5 2 11 14 0 10 
7 5 13 12 9 19 1 0 14 10 17 8 6 15 2 3 11 16 4 18 
18 1 8 5 13 12 7 11 19 4 10 2 16 3 14 0 6 17 9 15 
8 12 17 7 11 14 10 1 5 18 0 9 15 13 3 6 19 16 2 4 
15 13 14 2 10 9 12 19 0 5 8 17 1 16 18 3 11 4 7 6 
18 7 5 15 12 6 4 0 13 11 17 9 8 16 3 10 19 1 2 14 
19 4 7 17 14 3 12 8 6 18 9 10 2 11 1 16 0 13 5 15 
11 4 7 2 15 3 0 8 12 10 5 16 19 6 13 18 17 1 14 9 
17 5 11 10 3 18 6 0 15 13 16 14 19 9 12 7 4 8 2 1 
4 8 18 13 3 7 15 6 0 16 19 12 9 11 17 10 5 2 1 14 
3 8 6 11 12 15 4 17 13 0 16 1 10 14 19 7 18 9 5 2 
10 8 12 3 1 7 15 13 16 18 2 11 17 0 6 4 14 19 5 9 
0 17 18 7 10 2 1 16 13 6 5 11 14 8 4 19 3 9 15 12 
3 2 4 11 16 8 12 9 15 13 14 19 5 7 6 1 17 10 0 18 
6 8 7 5 10 17 12 1 9 14 13 16 15 19 4 11 3 0 18 2 
2 12 16 11 0 14 4 18 8 7 5 13 10 3 9 6 19 1 17 15 
17 18 6 7 0 3 15 8 1 10 9 11 14 2 5 19 16 12 4 13 
12 9 8 17 2 5 14 13 10 19 18 1 3 4 11 0 6 15 16 7 
6 2 13 7 16 9 4 11 12 14 15 8 19 10 18 17 5 1 0 3 
0 10 12 13 6 3 15 4 16 14 9 11 2 18 1 5 7 8 17 19 
3 17 15 13 19 7 12 11 6 18 8 4 0 5 16 9 14 1 2 10 
16 18 10 5 4 8 15 14 3 19 0 6 9 17 12 7 2 11 1 13 
10 7 13 8 6 5 16 2 18 9 3 0 1 15 12 11 19 17 4 14 
1 10 7 4 19 3 5 9 13 6 15 11 17 14 2 18 16 0 8 12 
14 8 5 16 0 19 9 15 18 10 4 1 17 3 11 7 12 2 6 13 
15 2 8 18 13 0 6 9 17 4 3 12 10 19 14 16 11 5 1 7 
0 12 15 1 10 3 4 7 9 6 19 14 17 13 2 18 5 8 16 11 
9 13 15 6 17 10 8 16 1 2 4 0 19 3 5 7 11 14 12 18 
4 1 2 5 18 0 7 8 14 16 13 6 11 12 3 9 15 17 10 19 
4 13 17 5 10 3 2 6 14 0 16 12 9 8 15 19 7 11 1 18 
4 1 3 15 6 18 9 7 19 5 10 14 2 16 13 0 8 11 17 12 
13 0 19 2 5 3 6 16 12 11 17 10 9 15 8 7 14 18 1 4 
0 5 14 11 1 4 12 10 15 19 8 16 2 3 18 17 13 9 6 7 
8 11 6 12 18 4 16 13 0 1 19 17 3 5 2 7 9 10 15 14 
6 2 0 4 14 1 18 3 9 5 11 13 12 19 7 16 15 8 10 17 
1 13 19 2 18 5 7 3 8 12 15 6 4 14 16 9 11 0 10 17 
2 0 1 12 7 3 8 16 14 11 19 9 4 5 6 10 15 17 18 13 
0 15 3 11 17 9 16 10 12 4 7 8 18 1 14 2 13 5 19 6 
10 13 6 14 2 17 15 5 18 8 9 3 4 16 11 7 1 19 12 0 
14 10 17 12 5 4 7 11 13 8 0 2 16 15 18 9 19 3 6 1 
17 6 12 0 16 5 9 4 7 13 11 15 18 8 1 2 3 10 19 14 
9 0 6 14 2 3 12 7 5 16 19 1 10 8 18 11 13 17 4 15 
19 15 12 17 18 14 13 4 1 0 6 2 9 8 11 7 16 3 5 10 
11 13 10 9 2 8 5 4 6 18 17 14 7 12 16 19 3 15 0 1 
8 0 12 10 9 13 1 3 4 17 19 18 15 11 6 5 14 7 2 16 
19 8 5 18 2 14 3 15 12 4 16 0 11 13 7 1 9 6 10 17 
11 16 7 14 15 19 1 13 2 17 9 3 6 4 10 0 5 8 18 12 
11 3 14 0 17 4 15 13 2 8 18 1 12 19 5 10 16 9 6 7 
13 4 18 11 15 0 16 3 19 17 1 8 14 5 12 6 9 2 10 7 
7 13 4 19 0 8 15 5 1 18 16 3 11 9 12 10 17 14 2 6 
8 11 7 18 4 0 6 9 5 13 17 10 15 12 16 2 14 19 3 1 
15 3 8 11 17 16 9 14 6 10 1 4 18 12 13 0 7 19 2 5 
5 7 11 18 10 1 16 13 4 9 6 14 8 19 0 12 2 3 15 17 
11 9 6 8 18 7 1 4 17 10 3 15 12 19 16 2 13 5 14 0 
10 3 4 15 16 1 2 14 7 11 19 13 0 12 6 17 18 8 5 9 
17 5 11 2 13 0 7 12 6 9 4 8 14 16 1 18 19 15 10 3 
4 5 0 18 9 16 19 3 1 2 17 6 8 13 10 11 12 14 7 15 
10 13 5 0 7 16 4 19 9 2 11 17 14 15 18 3 8 1 6 12 
0 4 6 3 15 5 2 10 11 14 13 17 16 8 9 18 19 1 7 12 
15 12 19 13 11 18 4 16 5 17 2 8 7 14 0 9 10 6 1 3 
6 5 15 2 9 4 1 19 17 10 0 11 12 14 7 8 16 3 18 13 
18 7 4 17 16 9 8 3 12 14 6 19 2 15 10 0 1 5 13 11 
10 9 5 1 14 19 0 18 3 7 16 6 4 2 12 13 15 8 11 17 
17 15 16 4 13 1 9 10 11 19 0 5 14 8 12 7 2 3 18 6 
19 11 13 6 4 18 1 12 17 9 3 14 0 8 10 7 5 16 15 2 
7 8 1 15 14 5 3 11 2 19 4 6 18 12 16 17 9 10 13 0 
5 7 4 16 2 19 18 10 0 1 11 8 17 13 14 12 9 3 6 15 
9 5 18 16 7 15 8 0 3 6 12 1 10 14 13 19 17 4 11 2 
15 8 9 17 1 14 3 12 5 16 6 11 10 4 13 18 7 2 0 19 
12 0 10 11 2 9 7 5 16 13 6 15 3 8 14 19 18 1 17 4 
14 15 8 16 5 11 12 0 9 3 18 17 13 6 4 19 1 10 7 2 
7 18 0 14 12 17 8 10 16 4 19 13 2 15 6 3 1 9 11 5 
DURACIONES
(1, 1) (32, 32) (15, 15) (15, 15) (72, 72) (41, 41) (49, 49) (17, 17) (12, 12) (39, 39) (66, 66) (64, 64) (10, 10) (24, 24) (60, 60) (76, 76) (72, 72) (47, 47) (99, 99) (92, 92) 
(28, 28) (62, 62) (64, 64) (95, 95) (94, 94) (86, 86) (87, 87) (11, 11) (46, 46) (64, 64) (86, 86) (76, 76) (11, 11) (32, 32) (44, 44) (31, 31) (77, 77) (99, 99) (16, 16) (97, 97) 
(78, 78) (28, 28) (2, 2) (3, 3) (88, 88) (69, 69) (34, 34) (99, 99) (33, 33) (70, 70) (18, 18) (22, 22) (41, 41) (20, 20) (21, 21) (44, 44) (66, 66) (18, 18) (73, 73) (80, 80) 
(20, 20) (22, 22) (76, 76) (43, 43) (60, 60) (91, 91) (88, 88) (26, 26) (12, 12) (8, 8) (65, 65) (39, 39) (49, 49) (83, 83) (30, 30) (78, 78) (21, 21) (96, 96) (6, 6) (56, 56) 
(56, 56) (52, 52) (73, 73) (20, 20) (76, 76) (73, 73) (21, 21) (21, 21) (40, 40) (69, 69) (19, 19) (93, 93) (92, 92) (74, 74) (88, 88) (74, 74) (95, 95) (43, 43) (50, 50) (77, 77) 
(79, 79) (57, 57) (70, 70) (34, 34) (28, 28) (28, 28) (84, 84) (40, 40) (6, 6) (53, 53) (42, 42) (99, 99) (7, 7) (18, 18) (23, 23) (12, 12) (87, 87) (86, 86) (13, 13) (66, 66) 
(67, 67) (2, 2) (69, 69) (87, 87) (56, 56) (22, 22) (24, 24) (67, 67) (60, 60) (7, 7) (2, 2) (71, 71) (63, 63) (63, 63) (99, 99) (79, 79) (84, 84) (7, 7) (97, 97) (84, 84) 
(19, 19) (98, 98) (65, 65) (56, 56) (21, 21) (81, 81) (91, 91) (52, 52) (86, 86) (64, 64) (2, 2) (6, 6) (81, 81) (81, 81) (5, 5) (84, 84) (88, 88) (70, 70) (76, 76) (72, 72) 
(73, 73) (73, 73) (24, 24) (26, 26) (22, 22) (53, 53) (94, 94) (81, 81) (25, 25) (57, 57) (47, 47) (86, 86) (79, 79) (92, 92) (45, 45) (17, 17) (3, 3) (12, 12) (60, 60) (60, 60) 
(66, 66) (71, 71) (69, 69) (77, 77) (95, 95) (30, 30) (45, 45) (46, 46) (35, 35) (33, 33) (95, 95) (20, 20) (30, 30) (50, 50) (92, 92) (97, 97) (99, 99) (2, 2) (2, 2) (24, 24) 
(91, 91) (85, 85) (16, 16) (91, 91) (40, 40) (59, 59) (64, 64) (30, 30) (62, 62) (94, 94) (67, 67) (75, 75) (22, 22) (46, 46) (97, 97) (40, 40) (9, 9) (38, 38) (7, 7) (94, 94) 
(99, 99) (82, 82) (94, 94) (20, 20) (41, 41) (85, 85) (21, 21) (80, 80) (53, 53) (50, 50) (73, 73) (37, 37) (89, 89) (60, 60) (30, 30) (5, 5) (10, 10) (12, 12) (40, 40) (29, 29) 
(34, 34) (27, 27) (75, 75) (74, 74) (82, 82) (9, 9) (75, 75) (87, 87) (81, 81) (12, 12) (12, 12) (26, 26) (18, 18) (89, 89) (84, 84) (87, 87) (14, 14) (93, 93) (20, 20) (81, 81) 
(93, 93) (48, 48) (61, 61) (57, 57) (89, 89) (62, 62) (51, 51) (89, 89) (43, 43) (9, 9) (73, 73) (24, 24) (17, 17) (73, 73) (12, 12) (76, 76) (72, 72) (11, 11) (34, 34) (75, 75) 
(7, 7) (62, 62) (2, 2) (28, 28) (73, 73) (57, 57) (51, 51) (75, 75) (86, 86) (25, 25) (98, 98) (63, 63) (41, 41) (64, 64) (24, 24) (62, 62) (40, 40) (21, 21) (34, 34) (44, 44) 
(71, 71) (44, 44) (66, 66) (93, 93) (61, 61) (66, 66) (42, 42) (51, 51) (32, 32) (52, 52) (31, 31) (30, 30) (63, 63) (29, 29) (90, 90) (75, 75) (94, 94) (9, 9) (40, 40) (22, 22) 
(14, 14) (46, 46) (10, 10) (52, 52) (7, 7) (1, 1) (13, 13) (77, 77) (37, 37) (63, 63) (37, 37) (59, 59) (33, 33) (30, 30) (78, 78) (38, 38) (77, 77) (12, 12) (46, 46) (33, 33) 
(72, 72) (71, 71) (84, 84) (10, 10) (95, 95) (24, 24) (18, 18) (56, 56) (3, 3) (49, 49) (77, 77) (19, 19) (70, 70) (24, 24) (50, 50) (19, 19) (60, 60) (45, 45) (77, 77) (6, 6) 
(11, 11) (20, 20) (12, 12) (61, 61) (99, 99) (29, 29) (38, 38) (76, 76) (48, 48) (56, 56) (98, 98) (80, 80) (52, 52) (30, 30) (23, 23) (59, 59) (66, 66) (4, 4) (43, 43) (26, 26) 
(80, 80) (71, 71) (50, 50) (69, 69) (27, 27) (54, 54) (4, 4) (60, 60) (93, 93) (1, 1) (76, 76) (11, 11) (88, 88) (87, 87) (42, 42) (73, 73) (87, 87) (40, 40) (15, 15) (72, 72) 
(79, 79) (4, 4) (8, 8) (65, 65) (72, 72) (70, 70) (69, 69) (99, 99) (1, 1) (73, 73) (57, 57) (52, 52) (80, 80) (85, 85) (58, 58) (8, 8) (31, 31) (91, 91) (89, 89) (60, 60) 
(88, 88) (39, 39) (70, 70) (65, 65) (78, 78) (9, 9) (65, 65) (54, 54) (96, 96) (14, 14) (46, 46) (51, 51) (64, 64) (55, 55) (56, 56) (6, 6) (2, 2) (15, 15) (53, 53) (20, 20) 
(57, 57) (39, 39) (78, 78) (71, 71) (91, 91) (57, 57) (73, 73) (36, 36) (81, 81) (92, 92) (59, 59) (8, 8) (24, 24) (48, 48) (88, 88) (69, 69) (49, 49) (55, 55) (7, 7) (82, 82) 
(31, 31) (56, 56) (97, 97) (98, 98) (18, 18) (55, 55) (69, 69) (33, 33) (73, 73) (4, 4) (44, 44) (97, 97) (76, 76) (21, 21) (39, 39) (73, 73) (85, 85) (30, 30) (65, 65) (15, 15) 
(2, 2) (76, 76) (94, 94) (62, 62) (28, 28) (91, 91) (37, 37) (62, 62) (49, 49) (34, 34) (71, 71) (65, 65) (56, 56) (78, 78) (10, 10) (52, 52) (43, 43) (92, 92) (34, 34) (58, 58) 
(28, 28) (79, 79) (40, 40) (44, 44) (33, 33) (2, 2) (85, 85) (53, 53) (19, 19) (71, 71) (16, 16) (8, 8) (38, 38) (52, 52) (98, 98) (30, 30) (15, 15) (5, 5) (16, 16) (88, 88) 
(89, 89) (36, 36) (2, 2) (42, 42) (74, 74) (89, 89) (69, 69) (13, 13) (14, 14) (83, 83) (46, 46) (78, 78) (69, 69) (48, 48) (64, 64) (64, 64) (2, 2) (34, 34) (38, 38) (40, 40) 
(30, 30) (92, 92) (48, 48) (93, 93) (74, 74) (71, 71) (85, 85) (25, 25) (98, 98) (71, 71) (1, 1) (83, 83) (8, 8) (73, 73) (44, 44) (26, 26) (38, 38) (68, 68) (9, 9) (63, 63) 
(45, 45) (77, 77) (11, 11) (49, 49) (54, 54) (93, 93) (42, 42) (43, 43) (57, 57) (17, 17) (61, 61) (9, 9) (65, 65) (32, 32) (28, 28) (53, 53) (63, 63) (17, 17) (66, 66) (66, 66) 
(57, 57) (4, 4) (30, 30) (33, 33) (99, 99) (4, 4) (51, 51) (42, 42) (76, 76) (44, 44) (16, 16) (90, 90) (89, 89) (91, 91) (61, 61) (81, 81) (86, 86) (92, 92) (7, 7) (7, 7) 
(33, 33) (58, 58) (22, 22) (22, 22) (63, 63) (7, 7) (22, 22) (78, 78) (84, 84) (95, 95) (83, 83) (7, 7) (66, 66) (35, 35) (9, 9) (29, 29) (43, 43) (88, 88) (95, 95) (7, 7) 
(88, 88) (52, 52) (18, 18) (46, 46) (8, 8) (5, 5) (76, 76) (20, 20) (19, 19) (71, 71) (30, 30) (22, 22) (57, 57) (53, 53) (91, 91) (68, 68) (8, 8) (47, 47) (81, 81) (33, 33) 
(48, 48) (53, 53) (34, 34) (61, 61) (23, 23) (11, 11) (5, 5) (81, 81) (30, 30) (25, 25) (13, 13) (68, 68) (9, 9) (38, 38) (6, 6) (99, 99) (18, 18) (19, 19) (53, 53) (81, 81) 
(50, 50) (3, 3) (61, 61) (88, 88) (98, 98) (56, 56) (92, 92) (87, 87) (34, 34) (29, 29) (89, 89) (80, 80) (96, 96) (26, 26) (41, 41) (97, 97) (66, 66) (49, 49) (19, 19) (33, 33) 
(59, 59) (66, 66) (26, 26) (8, 8) (41, 41) (63, 63) (69, 69) (64, 64) (58, 58) (2, 2) (92, 92) (26, 26) (13, 13) (40, 40) (88, 88) (34, 34) (8, 8) (45, 45) (94, 94) (72, 72) 
(46, 46) (95, 95) (36, 36) (26, 26) (79, 79) (76, 76) (37, 37) (73, 73) (41, 41) (94, 94) (82, 82) (36, 36) (48, 48) (96, 96) (73, 73) (79, 79) (30, 30) (15, 15) (87, 87) (34, 34) 
(30, 30) (17, 17) (94, 94) (82, 82) (44, 44) (78, 78) (97, 97) (99, 99) (82, 82) (87, 87) (56, 56) (87, 87) (42, 42) (52, 52) (87, 87) (15, 15) (1, 1) (2, 2) (90, 90) (71, 71) 
(40, 40) (13, 13) (6, 6) (43, 43) (46, 46) (84, 84) (66, 66) (14, 14) (66, 66) (16, 16) (94, 94) (63, 63) (16, 16) (36, 36) (40, 40) (49, 49) (53, 53) (34, 34) (60, 60) (8, 8) 
(1, 1) (40, 40) (59, 59) (83, 83) (69, 69) (76, 76) (38, 38) (46, 46) (65, 65) (65, 65) (61, 61) (73, 73) (2, 2) (63, 63) (20, 20) (74, 74) (45, 45) (40, 40) (76, 76) (70, 70) 
(37, 37) (4, 4) (33, 33) (80, 80) (41, 41) (74, 74) (67, 67) (27, 27) (83, 83) (2, 2) (52, 52) (53, 53) (59, 59) (27, 27) (15, 15) (44, 44) (45, 45) (17, 17) (55, 55) (59, 59) 
(10, 10) (9, 9) (19, 19) (60, 60) (88, 88) (88, 88) (29, 29) (60, 60) (48, 48) (85, 85) (89, 89) (47, 47) (98, 98) (16, 16) (9, 9) (98, 98) (52, 52) (95, 95) (49, 49) (96, 96) 
(77, 77) (96, 96) (70, 70) (19, 19) (40, 40) (97, 97) (12, 12) (63, 63) (82, 82) (7, 7) (76, 76) (93, 93) (86, 86) (82, 82) (46, 46) (19, 19) (47, 47) (90, 90) (45, 45) (11, 11) 
(67, 67) (42, 42) (17, 17) (55, 55) (59, 59) (50, 50) (58, 58) (89, 89) (90, 90) (49, 49) (86, 86) (20, 20) (41, 41) (19, 19) (53, 53) (94, 94) (87, 87) (63, 63) (53, 53) (21, 21) 
(20, 20) (70, 70) (20, 20) (71, 71) (39, 39) (35, 35) (19, 19) (90, 90) (60, 60) (24, 24) (77, 77) (59, 59) (55, 55) (17, 17) (35, 35) (77, 77) (93, 93) (33, 33) (60, 60) (16, 16) 
(53, 53) (46, 46) (12, 12) (21, 21) (20, 20) (22, 22) (27, 27) (38, 38) (43, 43) (66, 66) (38, 38) (98, 98) (55, 55) (41, 41) (99, 99) (17, 17) (91, 91) (73, 73) (24, 24) (59, 59) 
(5, 5) (82, 82) (32, 32) (28, 28) (43, 43) (50, 50) (85, 85) (58, 58) (13, 13) (50, 50) (20, 20) (51, 51) (17, 17) (54, 54) (16, 16) (20, 20) (98, 98) (45, 45) (87, 87) (56, 56) 
(74, 74) (8, 8) (20, 20) (63, 63) (93, 93) (22, 22) (87, 87) (66, 66) (9, 9) (4, 4) (7, 7) (30, 30) (92, 92) (36, 36) (68, 68) (78, 78) (6, 6) (48, 48) (85, 85) (26, 26) 
(44, 44) (4, 4) (16, 16) (72, 72) (70, 70) (52, 52) (85, 85) (79, 79) (79, 79) (76, 76) (64, 64) (71, 71) (83, 83) (37, 37) (84, 84) (11, 11) (22, 22) (28, 28) (2, 2) (57, 57) 
(86, 86) (45, 45) (13, 13) (3, 3) (24, 24) (47, 47) (30, 30) (19, 19) (17, 17) (25, 25) (92, 92) (75, 75) (96, 96) (24, 24) (16, 16) (74, 74) (67, 67) (70, 70) (42, 42) (90, 90) 
(47, 47) (6, 6) (19, 19) (38, 38) (12, 12) (93, 93) (55, 55) (63, 63) (41, 41) (14, 14) (3, 3) (11, 11) (76, 76) (32, 32) (83, 83) (33, 33) (2, 2) (76, 76) (73, 73) (27, 27) 
(58, 58) (2, 2) (77, 77) (72, 72) (98, 98) (60, 60) (38, 38) (44, 44) (67, 67) (1, 1) (57, 57) (48, 48) (37, 37) (89, 89) (81, 81) (79, 79) (81, 81) (33, 33) (22, 22) (33, 33) 
(26, 26) (15, 15) (17, 17) (9, 9) (91, 91) (40, 40) (18, 18) (6, 6) (49, 49) (90, 90) (11, 11) (68, 68) (26, 26) (67, 67) (14, 14) (94, 94) (85, 85) (96, 96) (11, 11) (97, 97) 
(15, 15) (3, 3) (51, 51) (15, 15) (69, 69) (12, 12) (23, 23) (33, 33) (66, 66) (24, 24) (44, 44) (78, 78) (48, 48) (50, 50) (89, 89) (6, 6) (58, 58) (20, 20) (5, 5) (69, 69) 
(62, 62) (52, 52) (19, 19) (92, 92) (40, 40) (1, 1) (97, 97) (56, 56) (74, 74) (46, 46) (33, 33) (33, 33) (28, 28) (84, 84) (51, 51) (25, 25) (59, 59) (90, 90) (38, 38) (59, 59) 
(64, 64) (37, 37) (2, 2) (9, 9) (6, 6) (34, 34) (1, 1) (42, 42) (92, 92) (61, 61) (48, 48) (61, 61) (62, 62) (11, 11) (78, 78) (29, 29) (40, 40) (15, 15) (61, 61) (39, 39) 
(81, 81) (9, 9) (4, 4) (67, 67) (35, 35) (89, 89) (7, 7) (1, 1) (55, 55) (3, 3) (11, 11) (35, 35) (66, 66) (19, 19) (28, 28) (69, 69) (22, 22) (3, 3) (42, 42) (56, 56) 
(91, 91) (26, 26) (5, 5) (98, 98) (10, 10) (72, 72) (78, 78) (81, 81) (11, 11) (51, 51) (63, 63) (80, 80) (29, 29) (63, 63) (66, 66) (80, 80) (3, 3) (68, 68) (50, 50) (16, 16) 
(95, 95) (43, 43) (70, 70) (12, 12) (73, 73) (10, 10) (88, 88) (85, 85) (43, 43) (57, 57) (70, 70) (15, 15) (13, 13) (54, 54) (96, 96) (99, 99) (18, 18) (64, 64) (85, 85) (53, 53) 
(48, 48) (16, 16) (56, 56) (9, 9) (66, 66) (83, 83) (26, 26) (40, 40) (28, 28) (73, 73) (79, 79) (47, 47) (82, 82) (59, 59) (64, 64) (37, 37) (79, 79) (27, 27) (6, 6) (99, 99) 
(99, 99) (33, 33) (85, 85) (27, 27) (93, 93) (3, 3) (56, 56) (11, 11) (81, 81) (42, 42) (10, 10) (73, 73) (27, 27) (59, 59) (18, 18) (1, 1) (62, 62) (55, 55) (59, 59) (60, 60) 
(6, 6) (67, 67) (42, 42) (39, 39) (14, 14) (39, 39) (49, 49) (12, 12) (91, 91) (67, 67) (91, 91) (69, 69) (38, 38) (13, 13) (40, 40) (39, 39) (4, 4) (55, 55) (2, 2) (85, 85) 
(83, 83) (15, 15) (18, 18) (9, 9) (87, 87) (66, 66) (24, 24) (2, 2) (90, 90) (54, 54) (28, 28) (87, 87) (50, 50) (76, 76) (59, 59) (28, 28) (53, 53) (79, 79) (9, 9) (31, 31) 
(71, 71) (92, 92) (38, 38) (6, 6) (86, 86) (17, 17) (22, 22) (88, 88) (80, 80) (4, 4) (13, 13) (82, 82) (44, 44) (71, 71) (7, 7) (36, 36) (43, 43) (10, 10) (65, 65) (21, 21) 
(49, 49) (50, 50) (60, 60) (63, 63) (51, 51) (62, 62) (4, 4) (86, 86) (27, 27) (32, 32) (32, 32) (66, 66) (4, 4) (4, 4) (23, 23) (99, 99) (99, 99) (78, 78) (2, 2) (38, 38) 
(47, 47) (76, 76) (7, 7) (62, 62) (32, 32) (64, 64) (28, 28) (45, 45) (65, 65) (91, 91) (36, 36) (44, 44) (80, 80) (5, 5) (7, 7) (20, 20) (54, 54) (87, 87) (85, 85) (5, 5) 
(2, 2) (78, 78) (78, 78) (39, 39) (94, 94) (94, 94) (83, 83) (46, 46) (97, 97) (19, 19) (64, 64) (96, 96) (22, 22) (47, 47) (32, 32) (71, 71) (93, 93) (92, 92) (13, 13) (9, 9) 
(51, 51) (48, 48) (60, 60) (99, 99) (53, 53) (35, 35) (19, 19) (78, 78) (65, 65) (72, 72) (72, 72) (60, 60) (92, 92) (15, 15) (61, 61) (29, 29) (99, 99) (74, 74) (53, 53) (11, 11) 
(41, 41) (54, 54) (17, 17) (91, 91) (48, 48) (80, 80) (95, 95) (84, 84) (13, 13) (91, 91) (44, 44) (81, 81) (74, 74) (44, 44) (32, 32) (9, 9) (4, 4) (13, 13) (60, 60) (83, 83) 
(13, 13) (4, 4) (23, 23) (84, 84) (41, 41) (73, 73) (77, 77) (23, 23) (16, 16) (56, 56) (19, 19) (63, 63) (72, 72) (35, 35) (62, 62) (45, 45) (50, 50) (89, 89) (38, 38) (76, 76) 
(17, 17) (98, 98) (22, 22) (86, 86) (32, 32) (92, 92) (2, 2) (27, 27) (52, 52) (41, 41) (11, 11) (46, 46) (97, 97) (45, 45) (92, 92) (55, 55) (58, 58) (95, 95) (58, 58) (20, 20) 
(52, 52) (90, 90) (37, 37) (63, 63) (25, 25) (2, 2) (50, 50) (53, 53) (67, 67) (21, 21) (86, 86) (90, 90) (31, 31) (59, 59) (45, 45) (5, 5) (75, 75) (93, 93) (28, 28) (8, 8) 
(17, 17) (90, 90) (80, 80) (90, 90) (72, 72) (31, 31) (6, 6) (85, 85) (30, 30) (60, 60) (69, 69) (91, 91) (27, 27) (29, 29) (21, 21) (36, 36) (13, 13) (74, 74) (60, 60) (11, 11) 
(74, 74) (80, 80) (93, 93) (91, 91) (60, 60) (8, 8) (96, 96) (61, 61) (73, 73) (27, 27) (62, 62) (78, 78) (45, 45) (77, 77) (62, 62) (83, 83) (25, 25) (71, 71) (11, 11) (58, 58) 
(98, 98) (32, 32) (97, 97) (26, 26) (16, 16) (65, 65) (16, 16) (97, 97) (5, 5) (4, 4) (95, 95) (10, 10) (88, 88) (35, 35) (77, 77) (36, 36) (44, 44) (76, 76) (75, 75) (14, 14) 
(4, 4) (47, 47) (71, 71) (32, 32) (20, 20) (54, 54) (87, 87) (59, 59) (5, 5) (10, 10) (43, 43) (13, 13) (24, 24) (8, 8) (27, 27) (33, 33) (56, 56) (13, 13) (33, 33) (35, 35) 
(17, 17) (19, 19) (71, 71) (91, 91) (23, 23) (25, 25) (45, 45) (69, 69) (86, 86) (91, 91) (95, 95) (36, 36) (9, 9) (25, 25) (48, 48) (99, 99) (87, 87) (52, 52) (19, 19) (67, 67) 
(72, 72) (18, 18) (91, 91) (69, 69) (13, 13) (43, 43) (80, 80) (63, 63) (41, 41) (82, 82) (20, 20) (31, 31) (83, 83) (55, 55) (89, 89) (5, 5) (68, 68) (38, 38) (81, 81) (41, 41) 
(53, 53) (63, 63) (35, 35) (69, 69) (31, 31) (39, 39) (21, 21) (97, 97) (31, 31) (11, 11) (76, 76) (29, 29) (88, 88) (68, 68) (96, 96) (79, 79) (37, 37) (9, 9) (80, 80) (88, 88) 
(99, 99) (8, 8) (84, 84) (70, 70) (45, 45) (91, 91) (10, 10) (97, 97) (94, 94) (73, 73) (33, 33) (20, 20) (78, 78) (43, 43) (34, 34) (92, 92) (39, 39) (36, 36) (49, 49) (73, 73) 
(19, 19) (16, 16) (69, 69) (96, 96) (43, 43) (8, 8) (70, 70) (9, 9) (18, 18) (41, 41) (89, 89) (40, 40) (88, 88) (89, 89) (67, 67) (58, 58) (39, 39) (44, 44) (33, 33) (17, 17) 
(35, 35) (76, 76) (19, 19) (57, 57) (82, 82) (99, 99) (11, 11) (39, 39) (31, 31) (25, 25) (65, 65) (2, 2) (77, 77) (70, 70) (68, 68) (25, 25) (74, 74) (46, 46) (31, 31) (31, 31) 
(45, 45) (61, 61) (54, 54) (72, 72) (35, 35) (68, 68) (89, 89) (19, 19) (69, 69) (10, 10) (74, 74) (56, 56) (64, 64) (11, 11) (12, 12) (42, 42) (92, 92) (82, 82) (60, 60) (19, 19) 
(23, 23) (73, 73) (26, 26) (4, 4) (25, 25) (6, 6) (33, 33) (29, 29) (11, 11) (82, 82) (29, 29) (53, 53) (83, 83) (61, 61) (26, 26) (79, 79) (97, 97) (93, 93) (32, 32) (61, 61) 
(69, 69) (86, 86) (43, 43) (11, 11) (25, 25) (76, 76) (57, 57) (34, 34) (64, 64) (33, 33) (68, 68) (90, 90) (63, 63) (38, 38) (44, 44) (52, 52) (9, 9) (53, 53) (7, 7) (77, 77) 
(54, 54) (62, 62) (42, 42) (63, 63) (87, 87) (98, 98) (94, 94) (70, 70) (26, 26) (14, 14) (4, 4) (85, 85) (44, 44) (71, 71) (21, 21) (37, 37) (30, 30) (46, 46) (2, 2) (76, 76) 
(13, 13) (7, 7) (19, 19) (4, 4) (39, 39) (57, 57) (52, 52) (98, 98) (27, 27) (54, 54) (77, 77) (82, 82) (66, 66) (96, 96) (43, 43) (78, 78) (3, 3) (12, 12) (61, 61) (67, 67) 
(51, 51) (49, 49) (76, 76) (30, 30) (21, 21) (98, 98) (22, 22) (64, 64) (45, 45) (14, 14) (1, 1) (79, 79) (69, 69) (14, 14) (71, 71) (77, 77) (74, 74) (65, 65) (57, 57) (63, 63) 
(16, 16) (9, 9) (30, 30) (62, 62) (23, 23) (47, 47) (31, 31) (22, 22) (55, 55) (99, 99) (50, 50) (42, 42) (18, 18) (49, 49) (72, 72) (56, 56) (54, 54) (95, 95) (69, 69) (93, 93) 
(34, 34) (90, 90) (86, 86) (45, 45) (5, 5) (99, 99) (79, 79) (95, 95) (95, 95) (82, 82) (95, 95) (43, 43) (34, 34) (95, 95) (52, 52) (46, 46) (66, 66) (13, 13) (43, 43) (47, 47) 
(72, 72) (3, 3) (75, 75) (32, 32) (51, 51) (57, 57) (62, 62) (51, 51) (2, 2) (98, 98) (63, 63) (60, 60) (93, 93) (56, 56) (53, 53) (90, 90) (93, 93) (47, 47) (78, 78) (31, 31) 
(13, 13) (87, 87) (26, 26) (73, 73) (37, 37) (65, 65) (34, 34) (77, 77) (46, 46) (33, 33) (78, 78) (51, 51) (5, 5) (73, 73) (41, 41) (71, 71) (74, 74) (44, 44) (48, 48) (52, 52) 
(20, 20) (40, 40) (28, 28) (58, 58) (32, 32) (73, 73) (76, 76) (84, 84) (31, 31) (38, 38) (92, 92) (13, 13) (42, 42) (76, 76) (54, 54) (4, 4) (76, 76) (7, 7) (40, 40) (28, 28) 
(37, 37) (79, 79) (70, 70) (49, 49) (40, 40) (25, 25) (51, 51) (66, 66) (27, 27) (94, 94) (37, 37) (35, 35) (28, 28) (85, 85) (84, 84) (37, 37) (47, 47) (53, 53) (82, 82) (86, 86) 
(88, 88) (97, 97) (99, 99) (81, 81) (48, 48) (3, 3) (67, 67) (62, 62) (41, 41) (53, 53) (68, 68) (70, 70) (48, 48) (98, 98) (36, 36) (29, 29) (38, 38) (1, 1) (13, 13) (83, 83) 
(26, 26) (82, 82) (58, 58) (13, 13) (92, 92) (35, 35) (55, 55) (88, 88) (32, 32) (75, 75) (85, 85) (98, 98) (11, 11) (39, 39) (74, 74) (61, 61) (57, 57) (59, 59) (63, 63) (53, 53) 
(70, 70) (28, 28) (97, 97) (81, 81) (54, 54) (60, 60) (71, 71) (15, 15) (87, 87) (25, 25) (94, 94) (39, 39) (20, 20) (74, 74) (49, 49) (82, 82) (47, 47) (62, 62) (5, 5) (24, 24) 
(6, 6) (8, 8) (52, 52) (41, 41) (33, 33) (52, 52) (28, 28) (61, 61) (86, 86) (88, 88) (66, 66) (13, 13) (64, 64) (94, 94) (10, 10) (9, 9) (79, 79) (56, 56) (12, 12) (74, 74) 
(70, 70) (99, 99) (99, 99) (25, 25) (7, 7) (43, 43) (88, 88) (75, 75) (74, 74) (44, 44) (44, 44) (80, 80) (41, 41) (74, 74) (57, 57) (84, 84) (19, 19) (27, 27) (25, 25) (78, 78) 
(64, 64) (88, 88) (45, 45) (54, 54) (46, 46) (53, 53) (7, 7) (96, 96) (37, 37) (92, 92) (11, 11) (38, 38) (69, 69) (93, 93) (90, 90) (28, 28) (49, 49) (78, 78) (96, 96) (45, 45) 
(43, 43) (86, 86) (15, 15) (1, 1) (51, 51) (7, 7) (95, 95) (80, 80) (97, 97) (3, 3) (74, 74) (97, 97) (70, 70) (89, 89) (64, 64) (97, 97) (40, 40) (32, 32) (52, 52) (64, 64) 
