NUMERO DE TRABAJOS
100
NUMERO DE RECURSOS
20
SECUENCIA DE MAQUINAS
10 17 18 2 0 19 15 5 4 9 14 1 13 3 7 16 8 11 12 6 
6 10 0 3 17 9 19 5 4 12 14 18 7 8 15 11 13 2 16 1 
5 1 15 4 13 11 9 6 19 8 0 12 10 17 16 2 18 3 14 7 
10 19 14 0 2 12 13 4 11 5 8 15 7 16 1 6 9 3 18 17 
12 14 16 1 11 4 7 13 15 8 18 17 9 10 2 6 19 5 0 3 
13 14 10 11 1 2 15 4 3 6 17 19 18 12 16 0 8 5 9 7 
1 10 16 7 3 2 12 17 5 6 18 9 15 0 11 13 8 4 14 19 
9 13 10 14 4 12 2 18 0 11 7 3 19 1 17 8 16 5 6 15 
2 3 6 15 13 5 11 18 4 7 0 10 9 17 12 1 14 19 8 16 
0 5 15 3 18 7 14 9 16 19 2 6 11 12 13 4 1 8 10 17 
14 18 13 2 8 10 19 15 9 3 1 17 5 4 16 12 6 11 7 0 
11 16 15 4 9 10 7 5 2 8 13 14 12 6 19 1 0 18 3 17 
8 19 5 12 10 15 3 4 13 9 17 1 16 2 14 0 6 11 18 7 
5 10 14 7 3 13 16 11 15 6 17 12 4 8 1 0 9 18 19 2 
2 3 15 14 19 7 11 4 16 10 17 9 12 1 5 8 0 6 18 13 
18 12 9 17 14 2 3 16 15 7 13 4 0 8 11 19 1 6 5 10 
16 12 4 18 3 17 7 2 13 5 9 19 14 10 0 8 11 1 6 15 
6 7 8 15 2 3 11 18 0 4 9 17 19 13 12 10 16 1 14 5 
8 6 17 12 15 5 0 3 16 7 9 13 10 4 14 11 1 18 19 2 
9 5 0 6 3 11 13 15 1 7 14 2 17 8 16 18 12 19 4 10 
15 7 6 9 18 3 0 19 16 10 12 11 4 2 8 14 17 1 13 5 
9 11 10 3 13 17 2 0 12 8 1 6 4 7 19 15 16 14 18 5 
9 18 14 19 0 8 11 10 12 3 7 16 17 5 15 1 6 4 2 13 
0 11 2 1 12 5 14 4 16 10 17 9 3 8 13 7 15 6 19 18 
9 7 0 2 1 11 3 14 19 12 13 4 17 18 10 6 5 15 8 16 
16 15 18 9 8 4 13 6 12 10 11 3 5 0 1 17 19 2 14 7 
19 10 5 3 2 0 13 18 8 4 6 7 15 9 17 14 16 1 11 12 
3 19 16 8 4 17 11 2 10 13 7 15 1 6 0 18 5 14 9 12 
4 7 16 11 9 6 14 3 18 10 19 0 13 1 2 8 15 12 5 17 
10 15 14 4 8 18 3 13 17 5 12 7 6 2 9 11 19 16 1 0 
15 7 4 14 1 17 0 9 18 2 10 16 8 19 11 5 12 6 13 3 
17 13 8 9 10 5 19 0 14 6 2 12 11 18 16 3 15 7 1 4 
9 8 7 15 1 2 18 5 4 3 19 0 6 17 14 13 11 10 12 16 
10 19 1 6 4 13 12 0 11 14 5 9 2 7 3 8 18 15 17 16 
8 19 4 18 12 11 14 2 10 0 16 9 1 6 5 17 7 13 15 3 
19 4 11 0 16 12 18 3 15 1 14 2 6 9 10 5 7 17 13 8 
19 13 4 0 9 10 3 8 14 18 1 2 15 17 12 6 5 16 7 11 
5 1 12 3 0 14 7 9 18 2 19 4 6 13 17 15 8 16 11 10 
10 12 0 17 16 5 9 14 19 8 6 13 4 1 15 2 7 3 11 18 
8 2 18 9 6 4 11 0 5 10 17 16 3 19 7 14 13 12 1 15 
5 12 19 7 9 14 15 10 0 16 13 18 3 8 17 4 6 1 11 2 
4 18 7 12 17 13 19 0 9 8 3 5 2 10 6 14 15 11 1 16 
19 13 6 7 9 18 15 5 16 11 0 17 1 12 3 8 2 4 10 14 
0 19 14 2 13 12 3 15 17 7 4 11 9 10 1 8 6 18 16 5 
2 7 10 0 12 16 1 13 9 8 19 15 14 17 4 3 6 18 11 5 
7 15 11 6 18 13 2 12 10 19 17 5 16 14 4 3 9 1 8 0 
11 7 19 5 1 15 13 17 2 0 9 8 6 12 3 10 16 4 18 14 
12 13 2 3 15 7 11 8 0 19 5 18 1 6 16 17 4 14 9 10 
15 0 2 19 13 9 14 11 4 10 7 16 8 17 5 3 18 12 1 6 
4 10 9 0 5 11 14 3 13 8 17 1 18 15 12 7 6 2 19 16 
3 6 5 0 15 2 13 1 11 4 19 9 18 17 16 8 10 7 12 14 
7 14 16 19 11 12 15 6 8 18 5 0 4 13 17 9 10 2 1 3 
7 15 8 18 13 17 14 10 19 9 1 5 2 0 4 12 6 11 16 3 
7 13 4 3 0 10 12 1 16 19 6 14 2 15 8 17 5 18 11 9 
18 2 14 11 6 9 5 12 1 10 13 0 4 17 3 8 7 16 19 15 
10 4 9 1 19 17 18 7 12 6 15 3 2 13 16 5 0 11 14 8 
9 2 5 15 12 17 18 1 8 10 11 0 4 14 19 3 6 13 16 7 
3 15 9 19 11 17 10 6 8 16 4 13 2 12 14 1 5 0 7 18 
19 15 18 5 17 14 16 1 9 0 6 12 3 10 13 11 7 4 8 2 
11 5 12 7 4 1 17 18 8 15 10 2 9 3 14 6 0 19 16 13 
15 17 18 1 3 6 19 14 16 13 9 11 0 5 4 2 12 10 7 8 
5 17 2 13 4 19 18 1 12 16 10 11 8 6 7 3 0 14 9 15 
12 7 16 9 6 8 18 14 5 17 4 13 19 11 10 0 2 1 15 3 
19 2 7 3 8 16 9 18 1 10 11 5 12 0 6 14 13 17 4 15 
5 7 3 12 14 8 1 19 17 11 9 18 2 0 10 16 4 6 13 15 
12 3 0 9 15 6 8 16 17 19 7 14 10 18 11 13 5 2 1 4 
16 8 18 3 13 9 10 6 4 11 5 12 17 14 7 19 0 2 15 1 
13 0 3 14 6 5 8 11 4 9 12 7 18 16 17 1 10 19 2 15 
14 13 18 1 11 8 2 6 15 12 5 19 17 3 16 4 9 10 7 0 
19 15 5 10 12 13 0 3 6 11 16 9 17 8 1 14 2 7 4 18 
15 11 12 19 1 7 13 6 17 18 10 14 0 9 16 5 8 2 3 4 
4 16 9 6 13 0 7 18 10 17 8 15 19 3 2 14 5 12 11 1 
3 12 4 0 10 2 7 1 17 15 6 11 19 8 5 9 13 16 14 18 
8 0 16 2 19 4 5 6 15 9 7 1 12 13 17 11 3 14 10 18 
10 17 18 7 3 14 5 2 0 1 6 4 19 9 8 16 15 12 11 13 
5 3 2 9 1 8 11 13 0 14 10 12 16 7 4 6 18 17 15 19 
13 0 14 6 11 12 5 7 18 10 9 19 17 4 16 3 1 2 15 8 
8 2 6 7 19 11 9 13 10 4 14 18 3 5 15 12 1 0 17 16 
5 18 14 3 0 15 11 9 6 2 1 4 8 12 17 13 10 19 7 16 
6 18 15 16 9 13 1 14 3 17 19 0 12 5 8 2 4 11 10 7 
0 17 6 12 11 16 18 5 9 8 13 2 3 7 15 4 14 10 1 19 
16 9 2 14 1 15 17 7 3 5 4 11 6 18 8 19 10 13 12 0 
4 10 0 14 2 11 1 3 12 9 18 6 15 13 7 8 19 5 17 16 
17 14 10 4 9 2 3 15 11 0 16 1 5 7 13 8 6 18 19 12 
17 11 0 7 13 10 4 16 15 9 1 3 5 6 12 19 18 2 8 14 
3 11 10 19 7 15 6 9 17 13 16 8 2 14 4 18 1 12 5 0 
15 12 18 7 13 11 2 14 5 16 3 17 9 1 6 4 0 19 10 8 
13 17 14 18 5 8 16 11 3 7 15 2 9 1 12 4 0 10 19 6 
7 4 3 1 18 12 2 13 9 14 8 5 6 16 11 19 0 15 17 10 
2 19 11 6 17 15 0 13 7 8 10 3 12 16 4 9 5 14 1 18 
8 3 17 16 1 14 2 0 4 9 7 18 13 12 10 5 6 15 19 11 
17 13 7 12 18 8 14 6 3 2 16 9 11 5 10 0 19 15 1 4 
15 12 5 19 11 8 6 0 16 9 14 2 10 1 3 4 17 18 7 13 
11 2 6 5 19 3 18 8 0 7 10 12 15 14 1 16 4 17 13 9 
1 4 16 14 13 7 9 2 8 5 3 6 15 10 11 0 12 17 18 19 
5 0 3 9 2 17 19 6 14 18 10 15 4 13 8 1 7 11 12 16 
12 6 3 8 16 13 0 1 18 9 11 15 5 2 4 17 10 19 14 7 
9 4 10 8 14 0 12 17 18 19 11 7 13 1 16 2 5 6 15 3 
2 7 15 5 9 6 8 4 12 0 3 16 11 14 19 13 18 1 10 17 
1 3 12 15 8 6 13 7 5 14 18 4 9 19 11 10 2 17 16 0 
DURACIONES
(63, 63) (84, 84) (3, 3) (53, 53) (1, 1) (35, 35) (20, 20) (43, 43) (43, 43) (85, 85) (23, 23) (21, 21) (10, 10) (77, 77) (83, 83) (27, 27) (35, 35) (18, 18) (44, 44) (39, 39) 
(97, 97) (48, 48) (63, 63) (76, 76) (18, 18) (9, 9) (75, 75) (36, 36) (72, 72) (79, 79) (99, 99) (94, 94) (46, 46) (16, 16) (33, 33) (42, 42) (65, 65) (98, 98) (30, 30) (50, 50) 
(64, 64) (48, 48) (93, 93) (47, 47) (81, 81) (31, 31) (54, 54) (89, 89) (22, 22) (63, 63) (58, 58) (25, 25) (64, 64) (82, 82) (61, 61) (64, 64) (38, 38) (17, 17) (27, 27) (70, 70) 
(32, 32) (72, 72) (42, 42) (83, 83) (2, 2) (33, 33) (29, 29) (90, 90) (35, 35) (91, 91) (26, 26) (85, 85) (72, 72) (19, 19) (95, 95) (5, 5) (39, 39) (75, 75) (83, 83) (70, 70) 
(90, 90) (76, 76) (27, 27) (88, 88) (59, 59) (95, 95) (51, 51) (22, 22) (79, 79) (30, 30) (10, 10) (91, 91) (74, 74) (4, 4) (36, 36) (98, 98) (54, 54) (33, 33) (2, 2) (22, 22) 
(71, 71) (99, 99) (22, 22) (64, 64) (30, 30) (11, 11) (94, 94) (14, 14) (83, 83) (47, 47) (48, 48) (45, 45) (39, 39) (7, 7) (32, 32) (2, 2) (93, 93) (40, 40) (14, 14) (48, 48) 
(80, 80) (46, 46) (4, 4) (45, 45) (64, 64) (19, 19) (85, 85) (39, 39) (78, 78) (62, 62) (69, 69) (65, 65) (82, 82) (75, 75) (40, 40) (15, 15) (68, 68) (11, 11) (44, 44) (3, 3) 
(95, 95) (89, 89) (98, 98) (75, 75) (27, 27) (74, 74) (20, 20) (57, 57) (53, 53) (94, 94) (17, 17) (78, 78) (21, 21) (99, 99) (31, 31) (99, 99) (86, 86) (20, 20) (80, 80) (86, 86) 
(21, 21) (52, 52) (56, 56) (22, 22) (19, 19) (84, 84) (96, 96) (57, 57) (31, 31) (39, 39) (13, 13) (6, 6) (58, 58) (32, 32) (41, 41) (47, 47) (13, 13) (30, 30) (44, 44) (80, 80) 
(71, 71) (31, 31) (17, 17) (53, 53) (85, 85) (48, 48) (52, 52) (34, 34) (39, 39) (84, 84) (2, 2) (31, 31) (57, 57) (63, 63) (1, 1) (57, 57) (30, 30) (61, 61) (72, 72) (17, 17) 
(14, 14) (98, 98) (44, 44) (10, 10) (53, 53) (72, 72) (65, 65) (49, 49) (21, 21) (84, 84) (94, 94) (99, 99) (61, 61) (64, 64) (29, 29) (98, 98) (55, 55) (71, 71) (43, 43) (64, 64) 
(14, 14) (74, 74) (57, 57) (81, 81) (40, 40) (7, 7) (85, 85) (32, 32) (35, 35) (34, 34) (41, 41) (79, 79) (80, 80) (1, 1) (95, 95) (25, 25) (43, 43) (19, 19) (98, 98) (48, 48) 
(42, 42) (71, 71) (9, 9) (26, 26) (3, 3) (3, 3) (31, 31) (3, 3) (40, 40) (21, 21) (69, 69) (89, 89) (94, 94) (94, 94) (59, 59) (9, 9) (71, 71) (53, 53) (45, 45) (75, 75) 
(72, 72) (86, 86) (22, 22) (71, 71) (22, 22) (8, 8) (73, 73) (15, 15) (90, 90) (40, 40) (1, 1) (4, 4) (81, 81) (10, 10) (83, 83) (32, 32) (89, 89) (4, 4) (53, 53) (38, 38) 
(52, 52) (45, 45) (43, 43) (9, 9) (90, 90) (40, 40) (26, 26) (52, 52) (22, 22) (9, 9) (34, 34) (94, 94) (69, 69) (28, 28) (29, 29) (62, 62) (63, 63) (99, 99) (97, 97) (14, 14) 
(81, 81) (50, 50) (9, 9) (27, 27) (91, 91) (53, 53) (93, 93) (64, 64) (23, 23) (42, 42) (77, 77) (50, 50) (84, 84) (13, 13) (90, 90) (84, 84) (81, 81) (60, 60) (92, 92) (72, 72) 
(87, 87) (4, 4) (56, 56) (40, 40) (55, 55) (29, 29) (31, 31) (29, 29) (39, 39) (38, 38) (94, 94) (40, 40) (88, 88) (1, 1) (3, 3) (46, 46) (36, 36) (44, 44) (92, 92) (34, 34) 
(62, 62) (95, 95) (69, 69) (29, 29) (45, 45) (77, 77) (34, 34) (59, 59) (90, 90) (83, 83) (83, 83) (72, 72) (98, 98) (53, 53) (84, 84) (94, 94) (71, 71) (49, 49) (17, 17) (28, 28) 
(66, 66) (24, 24) (74, 74) (73, 73) (77, 77) (75, 75) (66, 66) (14, 14) (21, 21) (8, 8) (1, 1) (39, 39) (76, 76) (14, 14) (70, 70) (20, 20) (20, 20) (66, 66) (23, 23) (74, 74) 
(54, 54) (35, 35) (58, 58) (72, 72) (98, 98) (62, 62) (68, 68) (87, 87) (21, 21) (67, 67) (9, 9) (12, 12) (45, 45) (36, 36) (43, 43) (3, 3) (28, 28) (24, 24) (70, 70) (45, 45) 
(78, 78) (28, 28) (60, 60) (69, 69) (87, 87) (34, 34) (70, 70) (2, 2) (83, 83) (94, 94) (22, 22) (62, 62) (37, 37) (48, 48) (20, 20) (5, 5) (13, 13) (75, 75) (40, 40) (27, 27) 
(92, 92) (78, 78) (84, 84) (97, 97) (77, 77) (84, 84) (58, 58) (85, 85) (40, 40) (56, 56) (55, 55) (63, 63) (43, 43) (36, 36) (52, 52) (43, 43) (2, 2) (9, 9) (74, 74) (80, 80) 
(53, 53) (85, 85) (79, 79) (79, 79) (26, 26) (4, 4) (19, 19) (11, 11) (11, 11) (71, 71) (6, 6) (67, 67) (26, 26) (3, 3) (10, 10) (74, 74) (60, 60) (77, 77) (34, 34) (40, 40) 
(23, 23) (34, 34) (1, 1) (83, 83) (95, 95) (19, 19) (44, 44) (40, 40) (22, 22) (58, 58) (72, 72) (18, 18) (23, 23) (16, 16) (91, 91) (37, 37) (25, 25) (4, 4) (92, 92) (90, 90) 
(93, 93) (28, 28) (48, 48) (30, 30) (90, 90) (23, 23) (73, 73) (21, 21) (29, 29) (23, 23) (44, 44) (94, 94) (28, 28) (81, 81) (53, 53) (87, 87) (68, 68) (1, 1) (39, 39) (46, 46) 
(90, 90) (58, 58) (7, 7) (86, 86) (88, 88) (64, 64) (9, 9) (78, 78) (74, 74) (42, 42) (93, 93) (15, 15) (32, 32) (77, 77) (42, 42) (27, 27) (9, 9) (3, 3) (69, 69) (16, 16) 
(44, 44) (60, 60) (21, 21) (87, 87) (65, 65) (8, 8) (65, 65) (42, 42) (31, 31) (43, 43) (50, 50) (54, 54) (41, 41) (79, 79) (80, 80) (89, 89) (18, 18) (45, 45) (57, 57) (17, 17) 
(53, 53) (89, 89) (59, 59) (68, 68) (58, 58) (58, 58) (74, 74) (46, 46) (54, 54) (76, 76) (66, 66) (3, 3) (79, 79) (75, 75) (13, 13) (85, 85) (52, 52) (27, 27) (61, 61) (2, 2) 
(74, 74) (28, 28) (29, 29) (82, 82) (3, 3) (31, 31) (73, 73) (47, 47) (16, 16) (54, 54) (63, 63) (27, 27) (11, 11) (79, 79) (41, 41) (65, 65) (76, 76) (61, 61) (43, 43) (28, 28) 
(3, 3) (18, 18) (48, 48) (20, 20) (65, 65) (42, 42) (55, 55) (40, 40) (17, 17) (12, 12) (9, 9) (32, 32) (70, 70) (26, 26) (44, 44) (33, 33) (82, 82) (6, 6) (37, 37) (3, 3) 
(78, 78) (33, 33) (61, 61) (81, 81) (18, 18) (75, 75) (16, 16) (31, 31) (24, 24) (1, 1) (36, 36) (88, 88) (57, 57) (37, 37) (7, 7) (76, 76) (40, 40) (79, 79) (67, 67) (19, 19) 
(20, 20) (36, 36) (67, 67) (64, 64) (51, 51) (56, 56) (29, 29) (15, 15) (49, 49) (72, 72) (87, 87) (77, 77) (5, 5) (78, 78) (32, 32) (18, 18) (83, 83) (53, 53) (84, 84) (15, 15) 
(55, 55) (94, 94) (78, 78) (85, 85) (21, 21) (5, 5) (17, 17) (96, 96) (19, 19) (72, 72) (2, 2) (62, 62) (18, 18) (23, 23) (64, 64) (63, 63) (90, 90) (52, 52) (9, 9) (16, 16) 
(82, 82) (20, 20) (50, 50) (21, 21) (57, 57) (9, 9) (49, 49) (5, 5) (14, 14) (71, 71) (47, 47) (35, 35) (8, 8) (92, 92) (73, 73) (67, 67) (66, 66) (93, 93) (48, 48) (65, 65) 
(82, 82) (40, 40) (14, 14) (51, 51) (86, 86) (8, 8) (25, 25) (76, 76) (41, 41) (10, 10) (60, 60) (96, 96) (68, 68) (8, 8) (79, 79) (18, 18) (75, 75) (35, 35) (31, 31) (14, 14) 
(45, 45) (2, 2) (94, 94) (4, 4) (27, 27) (72, 72) (76, 76) (62, 62) (9, 9) (14, 14) (7, 7) (69, 69) (48, 48) (79, 79) (52, 52) (4, 4) (55, 55) (75, 75) (62, 62) (93, 93) 
(13, 13) (63, 63) (75, 75) (67, 67) (26, 26) (59, 59) (81, 81) (55, 55) (66, 66) (28, 28) (49, 49) (16, 16) (69, 69) (3, 3) (13, 13) (72, 72) (76, 76) (96, 96) (63, 63) (38, 38) 
(36, 36) (83, 83) (3, 3) (10, 10) (47, 47) (65, 65) (26, 26) (62, 62) (45, 45) (55, 55) (73, 73) (30, 30) (86, 86) (53, 53) (60, 60) (41, 41) (54, 54) (33, 33) (40, 40) (20, 20) 
(61, 61) (28, 28) (53, 53) (79, 79) (62, 62) (87, 87) (44, 44) (21, 21) (22, 22) (67, 67) (8, 8) (52, 52) (43, 43) (8, 8) (84, 84) (26, 26) (86, 86) (62, 62) (11, 11) (74, 74) 
(14, 14) (1, 1) (30, 30) (74, 74) (2, 2) (87, 87) (31, 31) (84, 84) (42, 42) (11, 11) (90, 90) (42, 42) (34, 34) (14, 14) (13, 13) (75, 75) (50, 50) (61, 61) (10, 10) (76, 76) 
(22, 22) (58, 58) (38, 38) (14, 14) (96, 96) (76, 76) (27, 27) (16, 16) (69, 69) (49, 49) (35, 35) (93, 93) (48, 48) (43, 43) (62, 62) (34, 34) (44, 44) (51, 51) (86, 86) (50, 50) 
(37, 37) (48, 48) (87, 87) (78, 78) (6, 6) (77, 77) (98, 98) (66, 66) (33, 33) (73, 73) (67, 67) (29, 29) (77, 77) (95, 95) (40, 40) (23, 23) (69, 69) (1, 1) (27, 27) (8, 8) 
(64, 64) (87, 87) (50, 50) (60, 60) (50, 50) (12, 12) (33, 33) (45, 45) (16, 16) (55, 55) (88, 88) (88, 88) (25, 25) (33, 33) (15, 15) (2, 2) (44, 44) (75, 75) (61, 61) (67, 67) 
(20, 20) (95, 95) (27, 27) (69, 69) (11, 11) (23, 23) (34, 34) (8, 8) (64, 64) (63, 63) (73, 73) (58, 58) (33, 33) (26, 26) (84, 84) (4, 4) (82, 82) (35, 35) (30, 30) (51, 51) 
(42, 42) (63, 63) (68, 68) (93, 93) (46, 46) (60, 60) (40, 40) (3, 3) (73, 73) (87, 87) (52, 52) (70, 70) (35, 35) (92, 92) (19, 19) (40, 40) (48, 48) (41, 41) (70, 70) (13, 13) 
(53, 53) (55, 55) (32, 32) (60, 60) (40, 40) (16, 16) (5, 5) (53, 53) (68, 68) (43, 43) (67, 67) (60, 60) (38, 38) (23, 23) (2, 2) (67, 67) (42, 42) (25, 25) (80, 80) (1, 1) 
(84, 84) (99, 99) (77, 77) (51, 51) (23, 23) (77, 77) (73, 73) (1, 1) (65, 65) (36, 36) (88, 88) (11, 11) (80, 80) (85, 85) (51, 51) (26, 26) (5, 5) (83, 83) (20, 20) (60, 60) 
(21, 21) (12, 12) (94, 94) (8, 8) (14, 14) (34, 34) (4, 4) (58, 58) (60, 60) (51, 51) (45, 45) (95, 95) (21, 21) (92, 92) (90, 90) (77, 77) (13, 13) (51, 51) (94, 94) (33, 33) 
(75, 75) (85, 85) (81, 81) (81, 81) (92, 92) (96, 96) (86, 86) (91, 91) (97, 97) (12, 12) (15, 15) (11, 11) (84, 84) (27, 27) (33, 33) (1, 1) (87, 87) (55, 55) (32, 32) (8, 8) 
(20, 20) (71, 71) (64, 64) (85, 85) (49, 49) (6, 6) (52, 52) (85, 85) (15, 15) (47, 47) (5, 5) (23, 23) (40, 40) (46, 46) (48, 48) (87, 87) (92, 92) (54, 54) (83, 83) (2, 2) 
(74, 74) (32, 32) (15, 15) (93, 93) (14, 14) (41, 41) (97, 97) (83, 83) (29, 29) (93, 93) (30, 30) (98, 98) (15, 15) (48, 48) (31, 31) (40, 40) (36, 36) (53, 53) (26, 26) (99, 99) 
(59, 59) (66, 66) (28, 28) (26, 26) (65, 65) (95, 95) (54, 54) (23, 23) (25, 25) (3, 3) (84, 84) (72, 72) (56, 56) (94, 94) (92, 92) (15, 15) (41, 41) (27, 27) (46, 46) (52, 52) 
(99, 99) (7, 7) (33, 33) (90, 90) (82, 82) (16, 16) (81, 81) (80, 80) (75, 75) (92, 92) (93, 93) (49, 49) (14, 14) (16, 16) (49, 49) (88, 88) (51, 51) (50, 50) (11, 11) (34, 34) 
(43, 43) (35, 35) (91, 91) (90, 90) (34, 34) (70, 70) (22, 22) (26, 26) (55, 55) (34, 34) (55, 55) (34, 34) (68, 68) (99, 99) (24, 24) (40, 40) (25, 25) (60, 60) (13, 13) (82, 82) 
(68, 68) (48, 48) (64, 64) (76, 76) (15, 15) (23, 23) (62, 62) (26, 26) (39, 39) (52, 52) (6, 6) (47, 47) (39, 39) (81, 81) (47, 47) (98, 98) (25, 25) (58, 58) (67, 67) (46, 46) 
(17, 17) (35, 35) (85, 85) (15, 15) (85, 85) (46, 46) (5, 5) (73, 73) (63, 63) (97, 97) (21, 21) (34, 34) (59, 59) (2, 2) (64, 64) (88, 88) (22, 22) (17, 17) (47, 47) (77, 77) 
(81, 81) (60, 60) (17, 17) (25, 25) (46, 46) (80, 80) (15, 15) (31, 31) (60, 60) (28, 28) (41, 41) (35, 35) (20, 20) (81, 81) (40, 40) (51, 51) (14, 14) (36, 36) (30, 30) (75, 75) 
(21, 21) (93, 93) (89, 89) (15, 15) (8, 8) (92, 92) (19, 19) (19, 19) (45, 45) (46, 46) (97, 97) (6, 6) (42, 42) (60, 60) (10, 10) (37, 37) (97, 97) (2, 2) (51, 51) (56, 56) 
(60, 60) (82, 82) (95, 95) (92, 92) (2, 2) (78, 78) (86, 86) (66, 66) (92, 92) (93, 93) (39, 39) (58, 58) (57, 57) (6, 6) (18, 18) (98, 98) (52, 52) (83, 83) (36, 36) (60, 60) 
(55, 55) (94, 94) (93, 93) (65, 65) (33, 33) (22, 22) (38, 38) (45, 45) (18, 18) (7, 7) (49, 49) (81, 81) (16, 16) (2, 2) (67, 67) (8, 8) (34, 34) (49, 49) (69, 69) (35, 35) 
(28, 28) (2, 2) (78, 78) (54, 54) (14, 14) (47, 47) (71, 71) (72, 72) (51, 51) (83, 83) (24, 24) (13, 13) (11, 11) (21, 21) (71, 71) (78, 78) (68, 68) (84, 84) (47, 47) (7, 7) 
(17, 17) (85, 85) (94, 94) (95, 95) (11, 11) (58, 58) (75, 75) (70, 70) (64, 64) (16, 16) (73, 73) (22, 22) (17, 17) (45, 45) (74, 74) (83, 83) (72, 72) (13, 13) (47, 47) (79, 79) 
(42, 42) (37, 37) (72, 72) (16, 16) (53, 53) (5, 5) (62, 62) (88, 88) (35, 35) (85, 85) (58, 58) (58, 58) (7, 7) (81, 81) (88, 88) (74, 74) (75, 75) (67, 67) (71, 71) (58, 58) 
(39, 39) (5, 5) (92, 92) (68, 68) (34, 34) (92, 92) (17, 17) (33, 33) (9, 9) (55, 55) (49, 49) (49, 49) (12, 12) (24, 24) (92, 92) (70, 70) (41, 41) (37, 37) (15, 15) (22, 22) 
(75, 75) (34, 34) (69, 69) (48, 48) (7, 7) (16, 16) (27, 27) (71, 71) (11, 11) (48, 48) (3, 3) (39, 39) (98, 98) (2, 2) (39, 39) (2, 2) (11, 11) (68, 68) (75, 75) (49, 49) 
(88, 88) (16, 16) (66, 66) (34, 34) (2, 2) (5, 5) (73, 73) (25, 25) (98, 98) (57, 57) (46, 46) (91, 91) (82, 82) (51, 51) (1, 1) (41, 41) (57, 57) (67, 67) (28, 28) (67, 67) 
(37, 37) (46, 46) (1, 1) (87, 87) (55, 55) (25, 25) (43, 43) (10, 10) (27, 27) (6, 6) (91, 91) (2, 2) (50, 50) (94, 94) (1, 1) (47, 47) (79, 79) (24, 24) (64, 64) (11, 11) 
(32, 32) (24, 24) (84, 84) (13, 13) (11, 11) (98, 98) (74, 74) (84, 84) (82, 82) (99, 99) (4, 4) (98, 98) (65, 65) (7, 7) (88, 88) (25, 25) (68, 68) (93, 93) (73, 73) (32, 32) 
(42, 42) (76, 76) (43, 43) (24, 24) (92, 92) (40, 40) (36, 36) (52, 52) (59, 59) (63, 63) (15, 15) (54, 54) (70, 70) (86, 86) (48, 48) (62, 62) (20, 20) (49, 49) (15, 15) (15, 15) 
(42, 42) (31, 31) (80, 80) (43, 43) (80, 80) (23, 23) (89, 89) (59, 59) (19, 19) (54, 54) (15, 15) (18, 18) (89, 89) (47, 47) (38, 38) (21, 21) (87, 87) (66, 66) (76, 76) (62, 62) 
(54, 54) (53, 53) (19, 19) (55, 55) (83, 83) (72, 72) (13, 13) (83, 83) (54, 54) (28, 28) (22, 22) (89, 89) (13, 13) (73, 73) (24, 24) (12, 12) (82, 82) (15, 15) (78, 78) (94, 94) 
(18, 18) (3, 3) (84, 84) (89, 89) (89, 89) (73, 73) (5, 5) (57, 57) (38, 38) (9, 9) (77, 77) (17, 17) (14, 14) (32, 32) (28, 28) (15, 15) (33, 33) (48, 48) (49, 49) (40, 40) 
(48, 48) (33, 33) (79, 79) (42, 42) (25, 25) (9, 9) (25, 25) (1, 1) (50, 50) (55, 55) (97, 97) (96, 96) (18, 18) (25, 25) (24, 24) (77, 77) (24, 24) (52, 52) (37, 37) (88, 88) 
(57, 57) (50, 50) (64, 64) (89, 89) (10, 10) (80, 80) (63, 63) (6, 6) (32, 32) (34, 34) (34, 34) (68, 68) (5, 5) (76, 76) (77, 77) (86, 86) (67, 67) (76, 76) (81, 81) (51, 51) 
(75, 75) (91, 91) (97, 97) (14, 14) (62, 62) (40, 40) (43, 43) (16, 16) (93, 93) (55, 55) (4, 4) (25, 25) (29, 29) (45, 45) (83, 83) (46, 46) (31, 31) (13, 13) (57, 57) (68, 68) 
(64, 64) (75, 75) (35, 35) (71, 71) (38, 38) (54, 54) (36, 36) (71, 71) (66, 66) (72, 72) (58, 58) (20, 20) (67, 67) (69, 69) (46, 46) (68, 68) (93, 93) (39, 39) (48, 48) (77, 77) 
(59, 59) (34, 34) (6, 6) (76, 76) (13, 13) (59, 59) (95, 95) (78, 78) (66, 66) (92, 92) (89, 89) (77, 77) (66, 66) (16, 16) (7, 7) (75, 75) (97, 97) (7, 7) (81, 81) (13, 13) 
(10, 10) (38, 38) (29, 29) (38, 38) (27, 27) (8, 8) (59, 59) (60, 60) (36, 36) (86, 86) (39, 39) (19, 19) (84, 84) (50, 50) (65, 65) (58, 58) (62, 62) (71, 71) (22, 22) (6, 6) 
(6, 6) (32, 32) (38, 38) (53, 53) (59, 59) (33, 33) (5, 5) (37, 37) (85, 85) (33, 33) (47, 47) (70, 70) (6, 6) (32, 32) (86, 86) (26, 26) (36, 36) (64, 64) (78, 78) (16, 16) 
(60, 60) (4, 4) (44, 44) (14, 14) (45, 45) (83, 83) (7, 7) (75, 75) (86, 86) (88, 88) (25, 25) (85, 85) (99, 99) (80, 80) (50, 50) (91, 91) (14, 14) (87, 87) (73, 73) (72, 72) 
(92, 92) (25, 25) (93, 93) (30, 30) (9, 9) (86, 86) (79, 79) (71, 71) (5, 5) (47, 47) (61, 61) (78, 78) (76, 76) (71, 71) (98, 98) (34, 34) (23, 23) (82, 82) (53, 53) (21, 21) 
(91, 91) (81, 81) (70, 70) (36, 36) (96, 96) (23, 23) (55, 55) (93, 93) (86, 86) (15, 15) (19, 19) (18, 18) (66, 66) (44, 44) (58, 58) (62, 62) (54, 54) (79, 79) (11, 11) (49, 49) 
(62, 62) (77, 77) (9, 9) (4, 4) (80, 80) (25, 25) (16, 16) (95, 95) (30, 30) (57, 57) (40, 40) (81, 81) (3, 3) (28, 28) (45, 45) (59, 59) (94, 94) (31, 31) (91, 91) (55, 55) 
(85, 85) (23, 23) (78, 78) (68, 68) (59, 59) (9, 9) (71, 71) (92, 92) (50, 50) (38, 38) (35, 35) (31, 31) (91, 91) (57, 57) (70, 70) (60, 60) (73, 73) (39, 39) (76, 76) (60, 60) 
(61, 61) (77, 77) (22, 22) (43, 43) (66, 66) (47, 47) (53, 53) (97, 97) (91, 91) (64, 64) (93, 93) (46, 46) (20, 20) (90, 90) (58, 58) (36, 36) (98, 98) (70, 70) (49, 49) (92, 92) 
(35, 35) (56, 56) (45, 45) (15, 15) (79, 79) (66, 66) (55, 55) (1, 1) (89, 89) (29, 29) (98, 98) (31, 31) (45, 45) (51, 51) (83, 83) (7, 7) (76, 76) (5, 5) (78, 78) (77, 77) 
(8, 8) (58, 58) (24, 24) (62, 62) (77, 77) (38, 38) (9, 9) (6, 6) (88, 88) (23, 23) (9, 9) (12, 12) (9, 9) (65, 65) (68, 68) (57, 57) (38, 38) (15, 15) (98, 98) (55, 55) 
(96, 96) (28, 28) (52, 52) (91, 91) (9, 9) (15, 15) (44, 44) (69, 69) (99, 99) (15, 15) (65, 65) (9, 9) (27, 27) (56, 56) (70, 70) (39, 39) (21, 21) (59, 59) (2, 2) (15, 15) 
(98, 98) (84, 84) (44, 44) (10, 10) (84, 84) (78, 78) (19, 19) (80, 80) (28, 28) (19, 19) (58, 58) (76, 76) (49, 49) (88, 88) (42, 42) (78, 78) (78, 78) (91, 91) (83, 83) (29, 29) 
(18, 18) (40, 40) (21, 21) (8, 8) (31, 31) (56, 56) (56, 56) (78, 78) (45, 45) (31, 31) (79, 79) (47, 47) (73, 73) (66, 66) (27, 27) (98, 98) (73, 73) (79, 79) (74, 74) (8, 8) 
(95, 95) (2, 2) (41, 41) (46, 46) (19, 19) (35, 35) (41, 41) (82, 82) (77, 77) (3, 3) (52, 52) (15, 15) (12, 12) (3, 3) (30, 30) (93, 93) (96, 96) (68, 68) (73, 73) (67, 67) 
(92, 92) (60, 60) (45, 45) (65, 65) (5, 5) (81, 81) (21, 21) (2, 2) (71, 71) (57, 57) (18, 18) (2, 2) (60, 60) (41, 41) (43, 43) (36, 36) (75, 75) (55, 55) (79, 79) (38, 38) 
(35, 35) (6, 6) (5, 5) (4, 4) (39, 39) (43, 43) (76, 76) (83, 83) (38, 38) (47, 47) (3, 3) (68, 68) (58, 58) (49, 49) (99, 99) (20, 20) (9, 9) (39, 39) (11, 11) (9, 9) 
(38, 38) (56, 56) (65, 65) (54, 54) (95, 95) (6, 6) (8, 8) (53, 53) (9, 9) (44, 44) (39, 39) (18, 18) (77, 77) (6, 6) (43, 43) (26, 26) (54, 54) (64, 64) (43, 43) (71, 71) 
(75, 75) (31, 31) (51, 51) (95, 95) (50, 50) (98, 98) (80, 80) (38, 38) (99, 99) (78, 78) (83, 83) (38, 38) (4, 4) (68, 68) (44, 44) (95, 95) (77, 77) (16, 16) (89, 89) (52, 52) 
(10, 10) (41, 41) (52, 52) (97, 97) (55, 55) (50, 50) (48, 48) (87, 87) (97, 97) (1, 1) (27, 27) (69, 69) (4, 4) (75, 75) (59, 59) (50, 50) (22, 22) (73, 73) (73, 73) (57, 57) 
(8, 8) (62, 62) (24, 24) (29, 29) (87, 87) (72, 72) (34, 34) (23, 23) (35, 35) (1, 1) (4, 4) (42, 42) (90, 90) (23, 23) (25, 25) (62, 62) (46, 46) (14, 14) (79, 79) (1, 1) 
(13, 13) (96, 96) (43, 43) (92, 92) (11, 11) (94, 94) (5, 5) (34, 34) (38, 38) (68, 68) (70, 70) (65, 65) (62, 62) (9, 9) (35, 35) (94, 94) (12, 12) (30, 30) (91, 91) (63, 63) 
(33, 33) (14, 14) (79, 79) (24, 24) (11, 11) (5, 5) (22, 22) (61, 61) (27, 27) (88, 88) (4, 4) (78, 78) (62, 62) (72, 72) (56, 56) (18, 18) (62, 62) (47, 47) (27, 27) (94, 94) 
(34, 34) (6, 6) (61, 61) (60, 60) (48, 48) (2, 2) (64, 64) (27, 27) (16, 16) (71, 71) (71, 71) (47, 47) (52, 52) (73, 73) (42, 42) (99, 99) (5, 5) (72, 72) (43, 43) (27, 27) 
