NUMERO DE TRABAJOS
100
NUMERO DE RECURSOS
20
SECUENCIA DE MAQUINAS
16 18 5 13 12 9 10 0 17 4 2 11 8 6 7 15 3 14 19 1 
6 9 17 10 1 7 11 13 0 5 14 4 8 3 12 18 19 2 15 16 
3 13 8 18 9 2 15 16 4 1 14 10 12 6 17 19 0 7 5 11 
10 4 13 18 19 12 9 17 3 7 8 6 14 2 11 1 15 16 0 5 
3 19 9 4 18 15 2 10 16 17 0 6 1 5 11 7 8 12 14 13 
1 7 13 16 17 5 8 4 12 19 6 3 18 0 11 14 2 10 15 9 
10 6 14 19 16 4 12 17 3 8 1 15 13 18 9 2 7 5 11 0 
1 14 13 12 19 7 15 16 17 0 10 11 6 2 8 4 18 3 9 5 
9 5 11 16 3 18 8 7 17 4 10 2 19 6 1 0 13 12 15 14 
10 5 6 12 1 4 7 11 13 19 2 3 17 15 14 8 9 18 16 0 
18 4 16 2 19 8 12 0 3 10 1 9 13 17 15 6 11 7 5 14 
15 11 8 17 12 2 0 5 3 19 16 14 9 10 6 1 7 4 13 18 
19 8 13 12 1 5 14 15 16 3 0 4 10 2 18 11 17 9 6 7 
4 6 9 15 1 12 0 14 10 18 17 13 2 8 16 3 11 7 5 19 
18 19 13 8 14 17 0 9 10 16 2 5 4 15 7 3 11 12 1 6 
5 16 1 18 0 13 6 12 4 15 9 14 3 17 8 10 19 11 7 2 
14 17 19 5 10 1 4 2 11 6 7 8 15 12 0 13 3 9 16 18 
1 5 6 17 12 8 19 14 9 4 11 13 15 16 10 7 18 3 0 2 
6 9 4 16 3 15 11 5 10 7 2 0 17 8 18 13 1 19 12 14 
10 12 3 6 14 2 17 11 5 9 8 7 15 4 18 0 19 1 16 13 
9 11 15 2 17 10 4 14 18 6 8 3 16 7 13 1 19 0 12 5 
3 17 19 8 12 11 1 6 14 7 0 18 2 15 10 4 16 9 13 5 
8 15 18 10 13 7 3 16 0 14 1 2 4 17 11 5 12 9 19 6 
11 0 6 1 7 9 10 14 12 15 13 8 19 5 2 4 18 17 3 16 
10 2 13 11 9 4 3 5 18 19 6 1 15 8 17 0 12 16 14 7 
18 1 9 3 12 6 10 13 17 5 0 4 11 2 15 16 7 19 8 14 
12 16 2 8 9 19 6 0 3 7 14 10 1 15 5 11 17 18 13 4 
1 4 8 15 2 14 6 18 13 12 10 16 0 9 7 3 17 19 5 11 
12 16 17 1 4 11 0 15 9 3 8 5 13 10 2 19 6 18 14 7 
6 10 2 18 5 3 13 11 4 7 17 12 19 8 9 0 1 16 14 15 
17 8 16 4 14 11 13 7 12 3 10 1 9 15 2 5 6 0 19 18 
3 5 4 1 15 16 17 12 7 14 11 13 18 10 19 6 0 9 8 2 
11 3 17 16 10 1 14 18 0 4 13 5 12 8 7 6 2 15 9 19 
11 3 8 9 2 15 0 12 7 14 13 4 10 17 6 16 18 1 5 19 
6 15 14 19 13 1 17 3 16 12 2 10 8 18 0 4 9 7 11 5 
1 14 16 8 2 3 6 18 12 5 10 7 19 4 13 0 17 11 15 9 
11 6 15 4 3 2 16 19 12 5 18 14 7 1 8 13 10 17 0 9 
16 14 9 12 6 2 5 1 11 8 3 15 13 18 19 10 4 17 7 0 
0 7 6 13 16 5 15 12 14 4 8 3 9 19 2 18 1 10 11 17 
5 3 2 0 13 4 16 6 9 10 7 15 8 19 18 12 14 11 17 1 
14 13 3 10 4 5 19 15 16 9 7 0 1 12 18 8 2 17 6 11 
14 19 5 11 7 3 9 1 4 2 15 6 12 17 0 13 18 8 10 16 
11 7 19 4 3 13 17 16 14 2 1 12 8 5 6 0 9 15 10 18 
4 15 8 19 1 13 18 2 17 0 5 11 6 3 7 14 16 9 12 10 
12 8 13 11 1 17 19 14 0 4 7 6 10 9 3 15 5 18 16 2 
18 1 19 2 5 8 17 4 11 9 14 12 7 0 16 6 13 3 15 10 
12 10 1 3 15 13 2 8 9 11 18 19 5 7 4 16 17 0 6 14 
7 6 12 10 8 14 9 1 16 5 0 11 3 4 19 17 13 18 15 2 
8 5 18 17 7 15 1 10 14 13 3 6 12 19 16 0 4 11 9 2 
5 13 4 19 7 12 10 2 9 14 17 1 11 15 6 16 18 3 0 8 
7 11 13 19 9 6 2 4 14 12 18 17 3 0 16 10 15 8 5 1 
5 2 4 18 7 14 13 16 8 19 17 15 11 9 12 3 1 10 0 6 
7 10 19 13 9 12 16 1 5 14 6 18 17 8 2 0 3 11 15 4 
0 1 3 18 14 10 5 9 4 6 12 11 15 8 7 13 17 19 16 2 
7 4 12 17 19 13 1 6 3 10 0 5 15 2 8 14 16 11 9 18 
5 16 13 8 18 3 15 12 17 14 1 7 9 10 4 6 19 11 0 2 
17 7 14 12 3 9 5 8 0 10 11 1 6 16 4 15 13 19 2 18 
5 14 7 9 10 12 15 19 18 13 8 1 0 17 6 4 2 3 16 11 
1 9 8 11 13 5 3 7 6 14 17 18 10 16 0 12 15 2 19 4 
19 16 10 17 14 13 4 3 5 6 2 8 11 15 9 1 7 0 18 12 
16 14 6 17 9 4 3 5 2 15 11 7 18 12 1 8 0 13 10 19 
7 15 3 12 9 17 13 10 11 1 14 16 6 0 2 19 5 8 4 18 
19 10 4 9 13 5 16 12 2 1 17 7 3 15 18 11 14 8 0 6 
1 10 3 17 11 0 5 6 15 9 16 2 14 18 4 7 12 8 19 13 
12 11 13 7 4 17 15 6 9 18 14 1 16 19 5 0 2 3 8 10 
19 0 16 10 13 18 4 14 17 11 15 7 2 8 9 1 12 6 5 3 
9 10 8 6 3 19 7 1 18 17 13 0 14 11 2 16 12 4 15 5 
13 4 2 19 3 9 8 12 14 18 10 0 5 11 17 16 1 7 6 15 
0 16 7 3 13 18 17 10 15 14 12 6 9 4 19 1 5 8 2 11 
19 0 5 16 6 18 13 11 2 15 12 4 3 10 1 7 14 9 8 17 
6 1 3 19 12 16 10 4 7 15 8 18 5 13 9 17 11 14 2 0 
4 9 8 14 5 0 10 1 2 6 7 19 18 12 17 15 11 3 13 16 
4 1 6 10 13 12 19 0 3 5 14 15 8 11 7 18 2 9 17 16 
6 10 5 0 18 9 19 16 8 15 11 3 14 1 2 4 13 12 17 7 
9 0 13 16 8 15 4 1 6 14 19 18 17 2 12 10 3 5 7 11 
18 14 3 8 6 0 12 9 16 11 19 10 7 4 13 15 17 2 1 5 
15 18 14 4 6 13 8 17 9 1 16 7 0 12 3 10 5 11 2 19 
1 10 0 12 9 6 13 8 2 11 19 14 4 3 15 7 18 17 16 5 
0 4 15 10 1 5 8 16 19 2 14 11 9 18 13 3 12 17 7 6 
10 5 17 3 4 7 13 16 0 19 14 2 6 1 11 9 15 12 18 8 
5 6 18 13 11 9 10 14 2 7 1 0 17 4 8 15 19 16 12 3 
18 9 6 12 10 3 13 1 7 14 17 0 11 4 19 16 8 15 2 5 
0 10 17 12 14 3 1 16 7 4 9 11 18 6 13 19 2 5 15 8 
14 12 3 11 10 16 1 2 0 5 17 8 6 19 7 15 9 4 13 18 
3 14 11 13 8 18 7 0 19 4 16 9 15 10 2 12 17 5 6 1 
8 4 17 15 0 11 13 6 12 3 2 7 5 1 9 16 18 19 14 10 
3 18 19 7 15 2 14 12 10 5 0 17 13 8 4 9 11 16 6 1 
1 3 18 7 16 0 9 13 12 6 4 11 8 14 2 19 5 17 10 15 
0 11 16 14 4 1 7 5 2 17 10 15 18 8 3 19 12 9 6 13 
16 18 11 3 17 5 4 19 15 13 7 0 14 1 8 6 12 2 9 10 
16 8 15 6 11 13 5 9 12 10 3 0 18 1 17 19 14 2 7 4 
19 0 3 14 11 10 9 4 16 8 12 7 13 2 6 18 17 5 15 1 
12 16 8 0 5 4 10 13 2 19 14 18 11 15 6 3 1 17 9 7 
4 1 16 13 10 14 12 7 8 11 15 17 9 3 0 6 19 5 2 18 
3 0 17 6 5 12 13 18 19 14 4 9 2 7 16 11 1 10 15 8 
2 19 9 14 3 1 0 16 6 7 15 17 11 13 18 12 4 5 8 10 
16 18 7 17 1 10 8 12 2 11 0 14 9 4 5 6 15 13 3 19 
13 15 9 12 7 0 16 19 2 1 8 10 11 6 18 4 14 3 17 5 
9 5 14 7 3 4 19 16 17 12 6 1 11 13 8 10 15 2 0 18 
11 4 8 12 3 2 10 13 16 18 17 0 1 9 5 15 19 6 14 7 
DURACIONES
(83, 83) (46, 46) (63, 63) (19, 19) (28, 28) (87, 87) (91, 91) (61, 61) (14, 14) (84, 84) (9, 9) (91, 91) (24, 24) (28, 28) (60, 60) (26, 26) (11, 11) (6, 6) (4, 4) (96, 96) 
(70, 70) (72, 72) (45, 45) (50, 50) (1, 1) (46, 46) (67, 67) (43, 43) (75, 75) (44, 44) (62, 62) (91, 91) (99, 99) (96, 96) (34, 34) (60, 60) (96, 96) (19, 19) (10, 10) (52, 52) 
(94, 94) (42, 42) (82, 82) (39, 39) (33, 33) (48, 48) (42, 42) (32, 32) (69, 69) (93, 93) (65, 65) (74, 74) (47, 47) (3, 3) (31, 31) (55, 55) (81, 81) (91, 91) (71, 71) (66, 66) 
(49, 49) (20, 20) (37, 37) (95, 95) (24, 24) (6, 6) (65, 65) (34, 34) (63, 63) (50, 50) (12, 12) (64, 64) (56, 56) (31, 31) (37, 37) (93, 93) (89, 89) (32, 32) (96, 96) (47, 47) 
(35, 35) (15, 15) (66, 66) (89, 89) (72, 72) (47, 47) (58, 58) (34, 34) (61, 61) (50, 50) (17, 17) (31, 31) (80, 80) (84, 84) (13, 13) (43, 43) (96, 96) (73, 73) (37, 37) (97, 97) 
(56, 56) (64, 64) (15, 15) (78, 78) (35, 35) (71, 71) (85, 85) (63, 63) (36, 36) (91, 91) (48, 48) (26, 26) (14, 14) (55, 55) (5, 5) (62, 62) (57, 57) (94, 94) (53, 53) (6, 6) 
(97, 97) (18, 18) (12, 12) (65, 65) (77, 77) (69, 69) (27, 27) (78, 78) (34, 34) (59, 59) (2, 2) (22, 22) (77, 77) (51, 51) (6, 6) (25, 25) (6, 6) (49, 49) (7, 7) (97, 97) 
(83, 83) (27, 27) (34, 34) (98, 98) (41, 41) (43, 43) (22, 22) (4, 4) (45, 45) (19, 19) (44, 44) (62, 62) (79, 79) (12, 12) (31, 31) (60, 60) (34, 34) (93, 93) (95, 95) (1, 1) 
(39, 39) (74, 74) (94, 94) (68, 68) (77, 77) (10, 10) (29, 29) (60, 60) (13, 13) (38, 38) (44, 44) (64, 64) (61, 61) (95, 95) (73, 73) (37, 37) (37, 37) (2, 2) (13, 13) (32, 32) 
(12, 12) (60, 60) (43, 43) (12, 12) (40, 40) (78, 78) (66, 66) (25, 25) (76, 76) (28, 28) (68, 68) (59, 59) (10, 10) (77, 77) (87, 87) (93, 93) (45, 45) (44, 44) (95, 95) (23, 23) 
(55, 55) (61, 61) (62, 62) (49, 49) (62, 62) (94, 94) (2, 2) (93, 93) (35, 35) (82, 82) (63, 63) (25, 25) (84, 84) (61, 61) (60, 60) (95, 95) (42, 42) (19, 19) (1, 1) (99, 99) 
(13, 13) (55, 55) (31, 31) (34, 34) (70, 70) (95, 95) (86, 86) (33, 33) (64, 64) (10, 10) (97, 97) (11, 11) (79, 79) (53, 53) (87, 87) (5, 5) (97, 97) (78, 78) (82, 82) (58, 58) 
(68, 68) (25, 25) (8, 8) (48, 48) (86, 86) (26, 26) (66, 66) (96, 96) (27, 27) (77, 77) (20, 20) (5, 5) (10, 10) (64, 64) (66, 66) (57, 57) (74, 74) (96, 96) (11, 11) (83, 83) 
(33, 33) (44, 44) (21, 21) (31, 31) (12, 12) (19, 19) (85, 85) (16, 16) (79, 79) (98, 98) (20, 20) (18, 18) (21, 21) (77, 77) (18, 18) (45, 45) (58, 58) (49, 49) (94, 94) (88, 88) 
(71, 71) (36, 36) (83, 83) (48, 48) (23, 23) (84, 84) (18, 18) (95, 95) (26, 26) (94, 94) (60, 60) (28, 28) (81, 81) (71, 71) (75, 75) (63, 63) (40, 40) (65, 65) (34, 34) (97, 97) 
(13, 13) (50, 50) (15, 15) (85, 85) (23, 23) (57, 57) (93, 93) (84, 84) (74, 74) (55, 55) (94, 94) (13, 13) (99, 99) (10, 10) (59, 59) (60, 60) (95, 95) (76, 76) (69, 69) (14, 14) 
(44, 44) (64, 64) (29, 29) (69, 69) (96, 96) (23, 23) (27, 27) (4, 4) (13, 13) (8, 8) (59, 59) (29, 29) (3, 3) (79, 79) (14, 14) (45, 45) (59, 59) (85, 85) (2, 2) (75, 75) 
(40, 40) (33, 33) (11, 11) (61, 61) (16, 16) (85, 85) (95, 95) (83, 83) (82, 82) (94, 94) (37, 37) (50, 50) (61, 61) (82, 82) (36, 36) (6, 6) (14, 14) (2, 2) (99, 99) (78, 78) 
(73, 73) (48, 48) (8, 8) (34, 34) (80, 80) (67, 67) (47, 47) (13, 13) (99, 99) (10, 10) (31, 31) (65, 65) (65, 65) (26, 26) (3, 3) (47, 47) (68, 68) (11, 11) (12, 12) (43, 43) 
(64, 64) (45, 45) (18, 18) (24, 24) (9, 9) (39, 39) (98, 98) (51, 51) (28, 28) (18, 18) (34, 34) (2, 2) (18, 18) (24, 24) (82, 82) (36, 36) (48, 48) (51, 51) (2, 2) (86, 86) 
(68, 68) (72, 72) (54, 54) (29, 29) (85, 85) (11, 11) (36, 36) (35, 35) (8, 8) (47, 47) (70, 70) (56, 56) (32, 32) (97, 97) (27, 27) (32, 32) (77, 77) (50, 50) (15, 15) (64, 64) 
(57, 57) (4, 4) (87, 87) (45, 45) (72, 72) (84, 84) (64, 64) (13, 13) (33, 33) (93, 93) (20, 20) (31, 31) (69, 69) (96, 96) (59, 59) (87, 87) (82, 82) (91, 91) (91, 91) (15, 15) 
(40, 40) (98, 98) (95, 95) (96, 96) (28, 28) (91, 91) (65, 65) (31, 31) (12, 12) (25, 25) (11, 11) (11, 11) (69, 69) (77, 77) (52, 52) (17, 17) (44, 44) (42, 42) (76, 76) (89, 89) 
(86, 86) (26, 26) (77, 77) (59, 59) (54, 54) (17, 17) (9, 9) (37, 37) (29, 29) (37, 37) (42, 42) (26, 26) (84, 84) (98, 98) (53, 53) (50, 50) (75, 75) (37, 37) (93, 93) (60, 60) 
(49, 49) (67, 67) (35, 35) (64, 64) (10, 10) (17, 17) (1, 1) (6, 6) (82, 82) (75, 75) (32, 32) (41, 41) (26, 26) (93, 93) (74, 74) (90, 90) (33, 33) (35, 35) (99, 99) (50, 50) 
(35, 35) (71, 71) (57, 57) (46, 46) (11, 11) (44, 44) (86, 86) (53, 53) (4, 4) (1, 1) (22, 22) (2, 2) (40, 40) (82, 82) (60, 60) (91, 91) (3, 3) (45, 45) (79, 79) (72, 72) 
(55, 55) (56, 56) (96, 96) (29, 29) (28, 28) (8, 8) (29, 29) (26, 26) (78, 78) (27, 27) (29, 29) (82, 82) (31, 31) (58, 58) (1, 1) (83, 83) (55, 55) (81, 81) (28, 28) (99, 99) 
(71, 71) (42, 42) (23, 23) (55, 55) (59, 59) (97, 97) (86, 86) (20, 20) (86, 86) (32, 32) (57, 57) (63, 63) (18, 18) (95, 95) (39, 39) (90, 90) (3, 3) (37, 37) (87, 87) (85, 85) 
(60, 60) (44, 44) (77, 77) (22, 22) (75, 75) (4, 4) (6, 6) (68, 68) (6, 6) (19, 19) (82, 82) (95, 95) (36, 36) (48, 48) (7, 7) (88, 88) (54, 54) (2, 2) (75, 75) (13, 13) 
(7, 7) (77, 77) (77, 77) (13, 13) (97, 97) (22, 22) (21, 21) (88, 88) (90, 90) (95, 95) (11, 11) (30, 30) (61, 61) (11, 11) (39, 39) (48, 48) (88, 88) (58, 58) (23, 23) (89, 89) 
(56, 56) (65, 65) (5, 5) (89, 89) (99, 99) (60, 60) (73, 73) (56, 56) (68, 68) (63, 63) (48, 48) (70, 70) (51, 51) (7, 7) (8, 8) (7, 7) (43, 43) (18, 18) (18, 18) (81, 81) 
(52, 52) (15, 15) (75, 75) (66, 66) (92, 92) (66, 66) (16, 16) (96, 96) (72, 72) (35, 35) (26, 26) (21, 21) (69, 69) (86, 86) (15, 15) (60, 60) (6, 6) (61, 61) (2, 2) (8, 8) 
(92, 92) (84, 84) (16, 16) (27, 27) (77, 77) (82, 82) (67, 67) (74, 74) (81, 81) (92, 92) (75, 75) (92, 92) (50, 50) (83, 83) (43, 43) (42, 42) (49, 49) (51, 51) (36, 36) (89, 89) 
(42, 42) (97, 97) (2, 2) (70, 70) (59, 59) (57, 57) (30, 30) (23, 23) (49, 49) (20, 20) (68, 68) (10, 10) (61, 61) (84, 84) (15, 15) (58, 58) (28, 28) (61, 61) (67, 67) (10, 10) 
(29, 29) (57, 57) (26, 26) (79, 79) (71, 71) (15, 15) (46, 46) (74, 74) (6, 6) (97, 97) (51, 51) (3, 3) (63, 63) (79, 79) (85, 85) (86, 86) (43, 43) (22, 22) (1, 1) (39, 39) 
(82, 82) (35, 35) (20, 20) (49, 49) (97, 97) (15, 15) (34, 34) (92, 92) (23, 23) (60, 60) (13, 13) (52, 52) (38, 38) (34, 34) (68, 68) (97, 97) (1, 1) (18, 18) (73, 73) (72, 72) 
(4, 4) (86, 86) (2, 2) (24, 24) (42, 42) (70, 70) (55, 55) (45, 45) (49, 49) (96, 96) (78, 78) (73, 73) (1, 1) (48, 48) (17, 17) (53, 53) (15, 15) (48, 48) (86, 86) (4, 4) 
(87, 87) (40, 40) (55, 55) (7, 7) (33, 33) (44, 44) (78, 78) (21, 21) (48, 48) (92, 92) (60, 60) (69, 69) (32, 32) (75, 75) (89, 89) (72, 72) (62, 62) (7, 7) (50, 50) (22, 22) 
(74, 74) (52, 52) (82, 82) (25, 25) (24, 24) (93, 93) (74, 74) (58, 58) (83, 83) (2, 2) (12, 12) (76, 76) (97, 97) (1, 1) (11, 11) (29, 29) (57, 57) (41, 41) (29, 29) (78, 78) 
(32, 32) (83, 83) (80, 80) (89, 89) (99, 99) (25, 25) (5, 5) (29, 29) (77, 77) (41, 41) (6, 6) (77, 77) (71, 71) (21, 21) (14, 14) (73, 73) (61, 61) (26, 26) (54, 54) (99, 99) 
(19, 19) (40, 40) (68, 68) (4, 4) (99, 99) (72, 72) (18, 18) (45, 45) (33, 33) (41, 41) (38, 38) (75, 75) (61, 61) (8, 8) (73, 73) (80, 80) (73, 73) (64, 64) (33, 33) (14, 14) 
(77, 77) (61, 61) (21, 21) (82, 82) (77, 77) (24, 24) (96, 96) (35, 35) (11, 11) (23, 23) (77, 77) (86, 86) (8, 8) (5, 5) (43, 43) (12, 12) (34, 34) (31, 31) (44, 44) (15, 15) 
(51, 51) (63, 63) (19, 19) (14, 14) (5, 5) (50, 50) (18, 18) (4, 4) (84, 84) (50, 50) (41, 41) (39, 39) (98, 98) (67, 67) (31, 31) (59, 59) (69, 69) (91, 91) (67, 67) (34, 34) 
(92, 92) (57, 57) (73, 73) (80, 80) (57, 57) (77, 77) (83, 83) (97, 97) (47, 47) (95, 95) (84, 84) (9, 9) (56, 56) (51, 51) (32, 32) (11, 11) (67, 67) (46, 46) (50, 50) (69, 69) 
(40, 40) (1, 1) (51, 51) (33, 33) (75, 75) (63, 63) (62, 62) (54, 54) (36, 36) (17, 17) (59, 59) (96, 96) (68, 68) (44, 44) (57, 57) (89, 89) (50, 50) (9, 9) (11, 11) (10, 10) 
(45, 45) (99, 99) (92, 92) (8, 8) (77, 77) (15, 15) (80, 80) (13, 13) (50, 50) (30, 30) (66, 66) (9, 9) (77, 77) (72, 72) (26, 26) (96, 96) (85, 85) (58, 58) (43, 43) (42, 42) 
(56, 56) (28, 28) (81, 81) (20, 20) (12, 12) (14, 14) (47, 47) (83, 83) (64, 64) (44, 44) (42, 42) (68, 68) (95, 95) (17, 17) (55, 55) (62, 62) (69, 69) (71, 71) (93, 93) (12, 12) 
(17, 17) (26, 26) (98, 98) (49, 49) (78, 78) (36, 36) (87, 87) (96, 96) (32, 32) (23, 23) (56, 56) (84, 84) (21, 21) (69, 69) (98, 98) (9, 9) (75, 75) (78, 78) (32, 32) (57, 57) 
(33, 33) (82, 82) (69, 69) (32, 32) (61, 61) (49, 49) (61, 61) (98, 98) (81, 81) (61, 61) (19, 19) (63, 63) (46, 46) (81, 81) (22, 22) (80, 80) (43, 43) (20, 20) (57, 57) (31, 31) 
(97, 97) (65, 65) (83, 83) (61, 61) (35, 35) (85, 85) (98, 98) (56, 56) (21, 21) (96, 96) (20, 20) (79, 79) (70, 70) (38, 38) (31, 31) (57, 57) (33, 33) (83, 83) (58, 58) (29, 29) 
(37, 37) (23, 23) (32, 32) (94, 94) (86, 86) (44, 44) (6, 6) (61, 61) (22, 22) (15, 15) (42, 42) (67, 67) (36, 36) (83, 83) (52, 52) (49, 49) (5, 5) (85, 85) (63, 63) (60, 60) 
(99, 99) (95, 95) (66, 66) (61, 61) (5, 5) (6, 6) (57, 57) (3, 3) (37, 37) (87, 87) (27, 27) (11, 11) (28, 28) (61, 61) (93, 93) (74, 74) (5, 5) (42, 42) (45, 45) (51, 51) 
(18, 18) (44, 44) (4, 4) (65, 65) (82, 82) (97, 97) (28, 28) (62, 62) (36, 36) (96, 96) (76, 76) (59, 59) (51, 51) (16, 16) (89, 89) (39, 39) (55, 55) (10, 10) (24, 24) (62, 62) 
(78, 78) (8, 8) (9, 9) (4, 4) (48, 48) (48, 48) (77, 77) (65, 65) (71, 71) (4, 4) (18, 18) (93, 93) (70, 70) (41, 41) (27, 27) (85, 85) (62, 62) (20, 20) (27, 27) (90, 90) 
(57, 57) (1, 1) (14, 14) (11, 11) (38, 38) (74, 74) (6, 6) (72, 72) (16, 16) (11, 11) (25, 25) (5, 5) (86, 86) (83, 83) (5, 5) (41, 41) (52, 52) (39, 39) (80, 80) (74, 74) 
(76, 76) (47, 47) (33, 33) (31, 31) (61, 61) (78, 78) (27, 27) (68, 68) (34, 34) (99, 99) (44, 44) (64, 64) (13, 13) (45, 45) (55, 55) (19, 19) (99, 99) (34, 34) (84, 84) (74, 74) 
(38, 38) (79, 79) (6, 6) (8, 8) (12, 12) (72, 72) (4, 4) (4, 4) (8, 8) (55, 55) (23, 23) (77, 77) (52, 52) (55, 55) (54, 54) (30, 30) (84, 84) (79, 79) (66, 66) (21, 21) 
(59, 59) (31, 31) (83, 83) (57, 57) (67, 67) (17, 17) (70, 70) (23, 23) (14, 14) (54, 54) (10, 10) (24, 24) (79, 79) (67, 67) (77, 77) (90, 90) (7, 7) (94, 94) (34, 34) (69, 69) 
(36, 36) (7, 7) (27, 27) (16, 16) (16, 16) (10, 10) (60, 60) (78, 78) (80, 80) (7, 7) (37, 37) (76, 76) (31, 31) (36, 36) (26, 26) (63, 63) (78, 78) (78, 78) (92, 92) (46, 46) 
(71, 71) (60, 60) (74, 74) (29, 29) (27, 27) (57, 57) (83, 83) (5, 5) (12, 12) (68, 68) (96, 96) (25, 25) (50, 50) (85, 85) (23, 23) (1, 1) (77, 77) (74, 74) (21, 21) (33, 33) 
(24, 24) (21, 21) (94, 94) (4, 4) (3, 3) (4, 4) (56, 56) (23, 23) (70, 70) (42, 42) (68, 68) (98, 98) (48, 48) (48, 48) (9, 9) (98, 98) (64, 64) (69, 69) (56, 56) (84, 84) 
(99, 99) (52, 52) (52, 52) (72, 72) (95, 95) (10, 10) (94, 94) (51, 51) (77, 77) (13, 13) (82, 82) (61, 61) (68, 68) (39, 39) (60, 60) (43, 43) (94, 94) (28, 28) (36, 36) (77, 77) 
(4, 4) (45, 45) (11, 11) (16, 16) (98, 98) (94, 94) (20, 20) (99, 99) (89, 89) (63, 63) (35, 35) (72, 72) (88, 88) (22, 22) (72, 72) (71, 71) (69, 69) (50, 50) (77, 77) (40, 40) 
(67, 67) (90, 90) (46, 46) (10, 10) (19, 19) (24, 24) (36, 36) (38, 38) (73, 73) (74, 74) (33, 33) (17, 17) (9, 9) (15, 15) (95, 95) (33, 33) (46, 46) (85, 85) (34, 34) (51, 51) 
(9, 9) (8, 8) (97, 97) (64, 64) (64, 64) (96, 96) (33, 33) (26, 26) (88, 88) (67, 67) (20, 20) (18, 18) (67, 67) (51, 51) (77, 77) (43, 43) (77, 77) (83, 83) (9, 9) (20, 20) 
(43, 43) (21, 21) (51, 51) (35, 35) (11, 11) (30, 30) (89, 89) (48, 48) (70, 70) (62, 62) (56, 56) (94, 94) (12, 12) (25, 25) (83, 83) (21, 21) (91, 91) (80, 80) (43, 43) (75, 75) 
(13, 13) (35, 35) (43, 43) (80, 80) (53, 53) (11, 11) (97, 97) (29, 29) (83, 83) (6, 6) (73, 73) (10, 10) (55, 55) (32, 32) (49, 49) (50, 50) (22, 22) (86, 86) (20, 20) (81, 81) 
(55, 55) (22, 22) (91, 91) (63, 63) (15, 15) (5, 5) (96, 96) (53, 53) (68, 68) (5, 5) (59, 59) (18, 18) (87, 87) (76, 76) (19, 19) (92, 92) (18, 18) (17, 17) (20, 20) (29, 29) 
(8, 8) (2, 2) (32, 32) (12, 12) (55, 55) (27, 27) (9, 9) (60, 60) (44, 44) (86, 86) (66, 66) (52, 52) (35, 35) (21, 21) (76, 76) (50, 50) (58, 58) (25, 25) (26, 26) (22, 22) 
(18, 18) (94, 94) (83, 83) (51, 51) (91, 91) (74, 74) (9, 9) (29, 29) (93, 93) (75, 75) (62, 62) (46, 46) (68, 68) (77, 77) (34, 34) (65, 65) (73, 73) (73, 73) (40, 40) (44, 44) 
(53, 53) (17, 17) (56, 56) (38, 38) (63, 63) (65, 65) (38, 38) (65, 65) (48, 48) (59, 59) (40, 40) (33, 33) (15, 15) (86, 86) (66, 66) (38, 38) (95, 95) (80, 80) (47, 47) (10, 10) 
(40, 40) (68, 68) (53, 53) (69, 69) (22, 22) (97, 97) (49, 49) (71, 71) (82, 82) (78, 78) (3, 3) (17, 17) (20, 20) (52, 52) (8, 8) (5, 5) (99, 99) (64, 64) (85, 85) (61, 61) 
(94, 94) (12, 12) (38, 38) (68, 68) (48, 48) (33, 33) (8, 8) (42, 42) (81, 81) (54, 54) (67, 67) (63, 63) (45, 45) (44, 44) (11, 11) (48, 48) (25, 25) (26, 26) (56, 56) (48, 48) 
(59, 59) (38, 38) (83, 83) (43, 43) (8, 8) (29, 29) (56, 56) (54, 54) (34, 34) (41, 41) (51, 51) (89, 89) (83, 83) (13, 13) (61, 61) (13, 13) (33, 33) (5, 5) (36, 36) (10, 10) 
(94, 94) (42, 42) (54, 54) (41, 41) (78, 78) (80, 80) (53, 53) (98, 98) (10, 10) (86, 86) (19, 19) (72, 72) (24, 24) (96, 96) (6, 6) (14, 14) (27, 27) (19, 19) (19, 19) (88, 88) 
(63, 63) (34, 34) (66, 66) (80, 80) (61, 61) (12, 12) (30, 30) (31, 31) (40, 40) (94, 94) (92, 92) (89, 89) (58, 58) (49, 49) (29, 29) (93, 93) (1, 1) (56, 56) (50, 50) (99, 99) 
(97, 97) (72, 72) (27, 27) (38, 38) (72, 72) (90, 90) (91, 91) (51, 51) (9, 9) (14, 14) (67, 67) (65, 65) (4, 4) (13, 13) (84, 84) (1, 1) (20, 20) (73, 73) (12, 12) (62, 62) 
(82, 82) (84, 84) (45, 45) (46, 46) (5, 5) (25, 25) (31, 31) (60, 60) (12, 12) (32, 32) (21, 21) (50, 50) (77, 77) (36, 36) (86, 86) (34, 34) (11, 11) (12, 12) (60, 60) (1, 1) 
(41, 41) (22, 22) (20, 20) (76, 76) (45, 45) (60, 60) (97, 97) (82, 82) (33, 33) (59, 59) (48, 48) (58, 58) (95, 95) (45, 45) (21, 21) (85, 85) (82, 82) (50, 50) (18, 18) (21, 21) 
(21, 21) (66, 66) (31, 31) (15, 15) (92, 92) (11, 11) (34, 34) (46, 46) (28, 28) (96, 96) (72, 72) (79, 79) (85, 85) (78, 78) (31, 31) (76, 76) (25, 25) (2, 2) (20, 20) (67, 67) 
(77, 77) (39, 39) (71, 71) (83, 83) (70, 70) (47, 47) (32, 32) (11, 11) (26, 26) (1, 1) (75, 75) (17, 17) (77, 77) (98, 98) (5, 5) (10, 10) (11, 11) (33, 33) (73, 73) (67, 67) 
(16, 16) (39, 39) (29, 29) (27, 27) (70, 70) (52, 52) (11, 11) (26, 26) (62, 62) (19, 19) (99, 99) (38, 38) (95, 95) (13, 13) (3, 3) (44, 44) (30, 30) (46, 46) (72, 72) (89, 89) 
(65, 65) (97, 97) (23, 23) (38, 38) (57, 57) (73, 73) (33, 33) (11, 11) (9, 9) (96, 96) (4, 4) (78, 78) (38, 38) (54, 54) (63, 63) (98, 98) (86, 86) (58, 58) (49, 49) (96, 96) 
(95, 95) (86, 86) (58, 58) (46, 46) (51, 51) (99, 99) (59, 59) (4, 4) (33, 33) (6, 6) (50, 50) (49, 49) (62, 62) (69, 69) (37, 37) (65, 65) (12, 12) (56, 56) (88, 88) (82, 82) 
(61, 61) (53, 53) (33, 33) (5, 5) (38, 38) (63, 63) (35, 35) (74, 74) (56, 56) (54, 54) (73, 73) (17, 17) (61, 61) (49, 49) (4, 4) (76, 76) (11, 11) (64, 64) (70, 70) (50, 50) 
(17, 17) (35, 35) (73, 73) (28, 28) (81, 81) (18, 18) (95, 95) (26, 26) (93, 93) (32, 32) (3, 3) (39, 39) (13, 13) (97, 97) (94, 94) (53, 53) (11, 11) (80, 80) (30, 30) (28, 28) 
(1, 1) (98, 98) (32, 32) (56, 56) (39, 39) (29, 29) (33, 33) (82, 82) (57, 57) (17, 17) (39, 39) (77, 77) (73, 73) (12, 12) (91, 91) (67, 67) (72, 72) (94, 94) (14, 14) (73, 73) 
(36, 36) (48, 48) (66, 66) (23, 23) (52, 52) (92, 92) (90, 90) (1, 1) (1, 1) (39, 39) (49, 49) (25, 25) (4, 4) (16, 16) (74, 74) (36, 36) (51, 51) (61, 61) (16, 16) (56, 56) 
(90, 90) (21, 21) (99, 99) (29, 29) (49, 49) (13, 13) (94, 94) (26, 26) (20, 20) (73, 73) (21, 21) (28, 28) (54, 54) (3, 3) (97, 97) (43, 43) (48, 48) (55, 55) (20, 20) (70, 70) 
(64, 64) (6, 6) (72, 72) (74, 74) (25, 25) (43, 43) (8, 8) (20, 20) (80, 80) (89, 89) (6, 6) (44, 44) (2, 2) (6, 6) (54, 54) (51, 51) (41, 41) (98, 98) (90, 90) (94, 94) 
(91, 91) (59, 59) (27, 27) (65, 65) (45, 45) (22, 22) (97, 97) (53, 53) (72, 72) (47, 47) (98, 98) (49, 49) (76, 76) (86, 86) (82, 82) (52, 52) (62, 62) (48, 48) (37, 37) (25, 25) 
(97, 97) (28, 28) (87, 87) (56, 56) (96, 96) (14, 14) (78, 78) (5, 5) (29, 29) (14, 14) (73, 73) (52, 52) (2, 2) (34, 34) (19, 19) (16, 16) (21, 21) (79, 79) (71, 71) (6, 6) 
(93, 93) (14, 14) (82, 82) (81, 81) (55, 55) (54, 54) (51, 51) (61, 61) (22, 22) (28, 28) (3, 3) (35, 35) (22, 22) (46, 46) (80, 80) (66, 66) (92, 92) (2, 2) (17, 17) (61, 61) 
(53, 53) (2, 2) (51, 51) (65, 65) (75, 75) (14, 14) (13, 13) (51, 51) (18, 18) (79, 79) (25, 25) (52, 52) (49, 49) (43, 43) (49, 49) (83, 83) (36, 36) (54, 54) (43, 43) (72, 72) 
(1, 1) (32, 32) (66, 66) (52, 52) (90, 90) (8, 8) (33, 33) (72, 72) (80, 80) (40, 40) (38, 38) (98, 98) (71, 71) (98, 98) (14, 14) (35, 35) (23, 23) (22, 22) (23, 23) (93, 93) 
(49, 49) (16, 16) (85, 85) (9, 9) (61, 61) (21, 21) (86, 86) (14, 14) (81, 81) (59, 59) (34, 34) (59, 59) (19, 19) (85, 85) (29, 29) (67, 67) (46, 46) (90, 90) (42, 42) (23, 23) 
(25, 25) (84, 84) (4, 4) (53, 53) (91, 91) (1, 1) (26, 26) (19, 19) (98, 98) (97, 97) (5, 5) (24, 24) (76, 76) (28, 28) (18, 18) (81, 81) (70, 70) (84, 84) (11, 11) (66, 66) 
(5, 5) (6, 6) (81, 81) (49, 49) (30, 30) (77, 77) (44, 44) (2, 2) (73, 73) (78, 78) (15, 15) (38, 38) (39, 39) (88, 88) (72, 72) (69, 69) (30, 30) (6, 6) (46, 46) (7, 7) 
(41, 41) (14, 14) (85, 85) (1, 1) (69, 69) (9, 9) (43, 43) (88, 88) (44, 44) (85, 85) (80, 80) (50, 50) (3, 3) (31, 31) (74, 74) (88, 88) (85, 85) (3, 3) (72, 72) (85, 85) 
(78, 78) (50, 50) (76, 76) (48, 48) (38, 38) (84, 84) (21, 21) (57, 57) (72, 72) (8, 8) (55, 55) (56, 56) (23, 23) (4, 4) (57, 57) (56, 56) (58, 58) (27, 27) (66, 66) (11, 11) 
