NUMERO DE TRABAJOS
100
NUMERO DE RECURSOS
20
SECUENCIA DE MAQUINAS
9 12 4 7 16 0 1 18 17 5 14 11 8 10 3 15 13 2 19 6 
17 13 19 6 10 11 1 7 16 18 14 15 5 3 9 2 0 4 8 12 
17 10 3 4 19 7 15 0 16 12 14 18 8 11 6 2 5 1 9 13 
9 19 3 10 1 5 16 14 7 17 18 13 4 0 11 15 8 12 2 6 
13 16 4 15 9 10 0 2 3 11 17 5 19 7 18 6 1 12 14 8 
16 7 9 6 13 5 18 11 17 19 14 15 10 0 4 12 2 1 3 8 
14 5 1 10 9 13 16 17 2 18 19 12 15 6 0 3 7 4 11 8 
1 11 10 3 17 9 14 18 0 4 15 16 6 12 7 5 13 8 19 2 
2 17 8 19 10 13 15 12 16 1 18 6 11 0 14 3 9 7 5 4 
3 17 11 0 5 15 13 12 16 10 2 6 4 9 19 8 1 7 18 14 
2 8 14 5 15 13 10 19 12 9 4 0 6 3 18 7 16 11 1 17 
1 13 8 3 7 14 9 6 10 15 19 11 4 16 2 0 18 17 5 12 
5 0 7 1 4 8 10 3 13 9 11 17 12 14 15 6 2 19 16 18 
7 19 5 6 9 14 8 4 3 15 1 10 11 12 2 16 0 13 17 18 
2 18 0 13 6 16 5 19 14 9 7 3 1 10 17 8 4 11 12 15 
12 11 1 17 4 13 16 18 6 7 8 10 2 14 5 3 9 19 0 15 
11 8 10 17 3 14 1 9 13 5 19 4 18 6 16 12 7 0 2 15 
2 7 15 0 17 18 10 3 16 11 19 13 9 14 12 5 8 1 4 6 
16 12 15 11 5 3 2 8 0 6 10 7 9 18 17 19 4 14 13 1 
1 14 19 0 10 16 15 7 17 18 3 4 13 8 5 9 6 11 2 12 
12 9 2 15 14 8 17 6 1 11 10 5 16 13 4 3 0 7 18 19 
11 17 18 12 19 14 8 10 15 7 2 1 4 16 13 9 0 6 3 5 
18 12 17 8 5 10 6 9 13 0 2 15 7 4 16 1 14 11 3 19 
9 12 8 18 5 2 15 11 0 6 1 4 17 3 13 7 14 19 10 16 
18 16 17 11 6 8 1 7 12 10 3 9 14 0 19 2 5 4 15 13 
17 15 6 4 7 1 0 13 9 19 18 5 3 10 2 16 11 8 14 12 
3 15 7 8 10 9 2 17 19 14 16 5 1 18 12 11 0 4 13 6 
3 17 12 9 4 10 15 13 0 11 8 2 1 5 19 7 16 18 6 14 
19 16 18 13 5 11 8 9 0 2 14 17 10 4 6 1 3 12 7 15 
18 8 2 6 12 17 19 10 9 15 5 1 3 7 14 13 11 4 0 16 
12 13 1 3 18 17 15 6 5 9 11 16 14 10 0 8 4 7 2 19 
7 8 13 0 16 12 15 17 6 4 11 18 10 9 2 14 5 19 1 3 
11 17 19 7 6 12 16 9 13 0 2 15 10 5 4 1 18 14 3 8 
6 8 9 17 16 4 10 14 18 2 7 19 5 0 3 11 13 1 15 12 
16 8 3 4 13 1 2 9 10 7 12 6 17 5 0 18 11 19 15 14 
7 11 2 15 16 4 18 0 17 13 19 10 9 12 1 6 14 8 3 5 
12 6 0 17 5 10 13 8 1 16 4 7 11 19 18 2 9 14 3 15 
2 8 7 10 17 6 13 3 19 18 9 12 11 14 1 16 5 4 15 0 
10 3 1 15 14 11 13 2 16 4 8 18 12 9 5 7 19 0 17 6 
8 14 19 2 18 17 16 5 6 13 10 3 7 0 4 12 9 1 15 11 
9 1 19 6 4 17 13 7 15 8 0 2 10 16 14 18 5 3 12 11 
8 7 4 14 18 16 19 15 2 10 6 12 9 5 0 1 13 3 17 11 
2 9 18 7 16 13 14 15 10 17 11 3 5 0 8 12 4 19 1 6 
6 2 16 10 18 0 17 19 3 5 7 14 9 12 15 8 4 13 1 11 
10 0 12 1 6 14 18 11 7 16 9 8 4 15 13 19 5 3 2 17 
14 5 4 19 9 8 3 12 1 0 15 18 17 13 10 6 11 7 16 2 
2 13 17 11 4 9 15 1 7 0 5 12 16 14 8 10 3 6 19 18 
2 5 14 10 1 7 3 18 19 6 4 8 17 12 15 0 11 13 16 9 
4 13 10 15 14 12 18 11 1 5 17 9 2 16 0 8 19 6 3 7 
3 17 4 13 8 15 19 7 6 11 12 14 1 10 9 0 5 18 16 2 
11 8 0 13 5 7 10 9 2 4 1 12 17 6 18 15 14 19 3 16 
3 11 15 8 10 6 5 18 2 9 19 16 14 17 12 4 7 1 13 0 
10 18 3 8 2 12 11 13 6 14 19 1 16 17 0 7 4 15 9 5 
3 14 0 4 5 7 13 6 15 17 12 10 1 9 11 2 18 8 16 19 
2 8 7 9 19 16 17 15 6 3 4 13 10 12 0 5 14 18 1 11 
18 12 11 7 17 8 13 15 9 14 16 5 2 10 19 3 1 0 6 4 
0 7 2 16 17 4 13 1 9 10 11 14 15 3 5 6 12 8 19 18 
3 13 18 9 17 12 14 19 7 10 0 11 5 8 2 4 16 1 6 15 
7 18 10 5 8 13 2 16 3 14 1 4 19 9 15 0 11 17 12 6 
6 12 8 0 4 16 5 19 11 2 14 13 7 18 3 10 9 1 17 15 
8 17 15 10 6 3 5 1 9 2 13 11 14 7 12 18 0 4 19 16 
2 7 17 10 5 12 13 18 0 15 4 1 9 8 6 11 19 3 14 16 
15 5 4 19 8 13 3 0 14 1 12 11 10 17 9 2 18 7 6 16 
10 16 19 6 2 5 0 1 9 4 8 12 3 17 14 7 13 15 11 18 
17 4 3 11 6 12 18 14 9 19 7 15 10 0 5 13 1 2 16 8 
19 1 4 6 14 2 3 8 16 11 18 13 10 15 7 9 5 12 0 17 
16 17 11 1 8 6 7 13 18 4 3 0 10 9 2 14 19 5 12 15 
8 3 1 14 13 7 19 10 0 17 12 2 4 16 18 6 5 9 15 11 
13 16 4 17 7 19 6 3 2 12 11 10 1 14 9 15 0 8 5 18 
6 17 7 14 5 4 3 10 1 12 8 15 2 18 11 9 16 13 19 0 
11 6 10 4 8 18 0 16 2 17 5 14 1 15 13 7 3 9 19 12 
7 17 15 1 12 9 5 14 0 2 4 11 13 18 16 3 19 6 10 8 
11 16 10 17 18 5 13 19 7 14 12 15 4 9 2 3 1 6 8 0 
2 13 19 4 6 7 10 18 14 17 12 16 11 8 15 5 9 0 1 3 
16 11 3 10 18 14 1 7 6 17 19 15 2 0 8 13 4 12 9 5 
5 13 0 1 3 6 17 19 4 2 8 9 16 7 10 11 18 12 14 15 
18 17 5 10 8 9 0 11 12 2 19 14 16 1 6 15 4 3 7 13 
8 15 1 6 2 19 16 17 0 10 12 5 9 13 4 14 3 11 18 7 
7 8 3 17 14 5 1 11 9 15 4 12 16 6 10 2 13 19 18 0 
18 15 8 16 13 6 11 4 10 2 3 1 19 7 12 9 0 14 17 5 
11 3 10 17 19 16 5 6 13 9 8 14 12 18 1 15 2 4 7 0 
11 8 5 13 18 16 1 3 7 6 9 14 10 2 4 19 15 17 0 12 
17 19 8 0 4 1 11 3 13 16 9 10 5 14 2 18 12 7 15 6 
6 5 1 18 7 0 19 16 2 12 14 17 3 10 8 4 15 13 9 11 
2 17 7 12 0 14 4 19 15 10 8 1 6 3 18 5 9 11 16 13 
16 12 0 2 14 5 6 3 17 15 18 10 11 7 9 1 8 19 4 13 
9 3 11 18 15 1 19 16 13 17 0 5 14 10 12 4 2 8 6 7 
16 14 2 11 5 13 17 19 8 15 9 10 1 12 7 4 6 3 18 0 
7 9 16 2 14 3 5 6 18 19 13 8 15 17 0 12 11 10 4 1 
5 18 13 10 8 14 9 12 4 2 7 11 19 6 1 17 0 15 3 16 
6 11 8 0 1 2 15 7 12 14 18 5 16 10 19 17 4 3 9 13 
7 10 16 9 5 15 12 6 3 2 0 19 18 8 11 4 17 1 13 14 
15 18 19 0 10 12 14 9 1 3 17 2 8 6 13 16 7 5 11 4 
13 19 7 4 6 18 12 1 17 16 2 14 3 5 15 0 11 9 10 8 
0 3 8 12 9 16 2 6 19 14 5 17 11 15 4 1 18 7 10 13 
11 9 19 3 1 7 2 4 18 6 15 17 16 14 10 0 12 8 13 5 
10 5 9 8 3 1 0 4 7 15 11 19 18 13 14 17 2 12 16 6 
6 10 4 19 2 13 12 11 8 9 17 0 1 7 14 15 3 16 5 18 
11 9 8 16 13 7 19 5 10 3 18 2 14 17 12 4 0 6 1 15 
11 12 9 7 15 18 16 8 19 4 1 17 13 5 0 14 2 6 10 3 
DURACIONES
(54, 54) (87, 87) (61, 61) (35, 35) (5, 5) (48, 48) (33, 33) (21, 21) (65, 65) (83, 83) (78, 78) (14, 14) (70, 70) (25, 25) (36, 36) (56, 56) (87, 87) (32, 32) (96, 96) (62, 62) 
(68, 68) (15, 15) (22, 22) (53, 53) (33, 33) (61, 61) (73, 73) (63, 63) (96, 96) (61, 61) (88, 88) (86, 86) (53, 53) (2, 2) (29, 29) (14, 14) (49, 49) (14, 14) (22, 22) (66, 66) 
(68, 68) (70, 70) (84, 84) (19, 19) (32, 32) (58, 58) (87, 87) (82, 82) (7, 7) (47, 47) (68, 68) (71, 71) (3, 3) (93, 93) (24, 24) (31, 31) (19, 19) (56, 56) (88, 88) (71, 71) 
(58, 58) (72, 72) (51, 51) (42, 42) (31, 31) (63, 63) (49, 49) (83, 83) (28, 28) (92, 92) (83, 83) (7, 7) (7, 7) (30, 30) (14, 14) (27, 27) (58, 58) (32, 32) (16, 16) (67, 67) 
(36, 36) (51, 51) (65, 65) (40, 40) (79, 79) (39, 39) (33, 33) (77, 77) (84, 84) (68, 68) (71, 71) (54, 54) (40, 40) (94, 94) (56, 56) (94, 94) (55, 55) (10, 10) (13, 13) (13, 13) 
(51, 51) (27, 27) (31, 31) (65, 65) (26, 26) (62, 62) (88, 88) (69, 69) (47, 47) (36, 36) (3, 3) (90, 90) (90, 90) (31, 31) (24, 24) (35, 35) (24, 24) (68, 68) (18, 18) (70, 70) 
(8, 8) (6, 6) (93, 93) (60, 60) (68, 68) (32, 32) (95, 95) (17, 17) (12, 12) (79, 79) (78, 78) (26, 26) (15, 15) (83, 83) (8, 8) (31, 31) (5, 5) (6, 6) (36, 36) (75, 75) 
(41, 41) (95, 95) (4, 4) (98, 98) (22, 22) (64, 64) (41, 41) (56, 56) (23, 23) (72, 72) (10, 10) (35, 35) (55, 55) (17, 17) (10, 10) (32, 32) (76, 76) (49, 49) (95, 95) (14, 14) 
(96, 96) (23, 23) (44, 44) (19, 19) (90, 90) (6, 6) (67, 67) (37, 37) (64, 64) (80, 80) (98, 98) (66, 66) (74, 74) (65, 65) (3, 3) (15, 15) (50, 50) (98, 98) (46, 46) (80, 80) 
(1, 1) (65, 65) (36, 36) (35, 35) (95, 95) (99, 99) (82, 82) (46, 46) (26, 26) (35, 35) (96, 96) (6, 6) (28, 28) (92, 92) (12, 12) (42, 42) (47, 47) (78, 78) (10, 10) (76, 76) 
(78, 78) (99, 99) (90, 90) (46, 46) (71, 71) (76, 76) (45, 45) (96, 96) (58, 58) (3, 3) (70, 70) (80, 80) (30, 30) (85, 85) (93, 93) (16, 16) (26, 26) (79, 79) (44, 44) (21, 21) 
(82, 82) (16, 16) (56, 56) (35, 35) (81, 81) (97, 97) (5, 5) (68, 68) (60, 60) (33, 33) (57, 57) (42, 42) (72, 72) (77, 77) (53, 53) (26, 26) (66, 66) (81, 81) (84, 84) (84, 84) 
(29, 29) (6, 6) (38, 38) (96, 96) (85, 85) (36, 36) (71, 71) (5, 5) (53, 53) (11, 11) (87, 87) (99, 99) (42, 42) (69, 69) (74, 74) (34, 34) (25, 25) (10, 10) (25, 25) (32, 32) 
(40, 40) (73, 73) (80, 80) (70, 70) (7, 7) (35, 35) (35, 35) (20, 20) (68, 68) (29, 29) (7, 7) (12, 12) (70, 70) (47, 47) (46, 46) (78, 78) (28, 28) (48, 48) (50, 50) (22, 22) 
(94, 94) (79, 79) (1, 1) (39, 39) (33, 33) (94, 94) (69, 69) (19, 19) (29, 29) (33, 33) (72, 72) (48, 48) (88, 88) (9, 9) (1, 1) (99, 99) (20, 20) (29, 29) (83, 83) (44, 44) 
(4, 4) (18, 18) (9, 9) (82, 82) (59, 59) (64, 64) (56, 56) (78, 78) (23, 23) (61, 61) (80, 80) (91, 91) (38, 38) (89, 89) (85, 85) (23, 23) (48, 48) (90, 90) (29, 29) (97, 97) 
(10, 10) (9, 9) (82, 82) (28, 28) (48, 48) (66, 66) (22, 22) (32, 32) (34, 34) (43, 43) (64, 64) (43, 43) (24, 24) (88, 88) (44, 44) (15, 15) (28, 28) (54, 54) (94, 94) (80, 80) 
(50, 50) (54, 54) (27, 27) (69, 69) (34, 34) (5, 5) (22, 22) (29, 29) (47, 47) (24, 24) (52, 52) (26, 26) (51, 51) (58, 58) (50, 50) (84, 84) (15, 15) (93, 93) (2, 2) (16, 16) 
(71, 71) (25, 25) (2, 2) (75, 75) (62, 62) (79, 79) (35, 35) (87, 87) (19, 19) (50, 50) (33, 33) (79, 79) (63, 63) (9, 9) (24, 24) (39, 39) (2, 2) (20, 20) (84, 84) (53, 53) 
(78, 78) (11, 11) (42, 42) (60, 60) (76, 76) (57, 57) (29, 29) (50, 50) (79, 79) (81, 81) (19, 19) (24, 24) (91, 91) (57, 57) (80, 80) (74, 74) (99, 99) (4, 4) (62, 62) (2, 2) 
(4, 4) (65, 65) (42, 42) (97, 97) (56, 56) (92, 92) (49, 49) (83, 83) (18, 18) (86, 86) (48, 48) (24, 24) (42, 42) (99, 99) (87, 87) (59, 59) (22, 22) (34, 34) (63, 63) (45, 45) 
(54, 54) (64, 64) (80, 80) (51, 51) (75, 75) (42, 42) (60, 60) (33, 33) (6, 6) (90, 90) (32, 32) (77, 77) (11, 11) (63, 63) (40, 40) (30, 30) (37, 37) (62, 62) (94, 94) (8, 8) 
(6, 6) (77, 77) (76, 76) (23, 23) (61, 61) (90, 90) (6, 6) (85, 85) (45, 45) (86, 86) (10, 10) (71, 71) (13, 13) (68, 68) (16, 16) (33, 33) (95, 95) (52, 52) (88, 88) (39, 39) 
(47, 47) (30, 30) (67, 67) (99, 99) (52, 52) (29, 29) (23, 23) (8, 8) (77, 77) (80, 80) (46, 46) (54, 54) (64, 64) (45, 45) (17, 17) (12, 12) (35, 35) (3, 3) (81, 81) (15, 15) 
(24, 24) (50, 50) (47, 47) (88, 88) (68, 68) (42, 42) (2, 2) (24, 24) (2, 2) (63, 63) (88, 88) (72, 72) (28, 28) (47, 47) (31, 31) (62, 62) (59, 59) (6, 6) (9, 9) (60, 60) 
(68, 68) (82, 82) (22, 22) (44, 44) (55, 55) (25, 25) (45, 45) (75, 75) (13, 13) (84, 84) (17, 17) (67, 67) (21, 21) (6, 6) (49, 49) (67, 67) (7, 7) (74, 74) (29, 29) (20, 20) 
(73, 73) (2, 2) (26, 26) (15, 15) (29, 29) (44, 44) (26, 26) (99, 99) (86, 86) (59, 59) (13, 13) (90, 90) (13, 13) (17, 17) (68, 68) (88, 88) (42, 42) (61, 61) (65, 65) (72, 72) 
(3, 3) (1, 1) (40, 40) (33, 33) (29, 29) (42, 42) (13, 13) (15, 15) (78, 78) (37, 37) (30, 30) (92, 92) (49, 49) (91, 91) (42, 42) (74, 74) (53, 53) (59, 59) (56, 56) (32, 32) 
(31, 31) (84, 84) (29, 29) (75, 75) (68, 68) (12, 12) (29, 29) (51, 51) (76, 76) (98, 98) (33, 33) (99, 99) (28, 28) (17, 17) (89, 89) (4, 4) (21, 21) (84, 84) (90, 90) (4, 4) 
(5, 5) (69, 69) (19, 19) (45, 45) (35, 35) (89, 89) (40, 40) (38, 38) (30, 30) (52, 52) (73, 73) (7, 7) (45, 45) (60, 60) (43, 43) (55, 55) (10, 10) (97, 97) (93, 93) (63, 63) 
(76, 76) (61, 61) (21, 21) (41, 41) (74, 74) (51, 51) (36, 36) (49, 49) (26, 26) (31, 31) (67, 67) (69, 69) (6, 6) (54, 54) (65, 65) (7, 7) (70, 70) (45, 45) (32, 32) (25, 25) 
(1, 1) (69, 69) (28, 28) (25, 25) (25, 25) (24, 24) (74, 74) (48, 48) (4, 4) (12, 12) (80, 80) (28, 28) (75, 75) (82, 82) (34, 34) (99, 99) (19, 19) (59, 59) (10, 10) (11, 11) 
(46, 46) (81, 81) (64, 64) (28, 28) (89, 89) (71, 71) (29, 29) (27, 27) (81, 81) (34, 34) (78, 78) (7, 7) (51, 51) (25, 25) (47, 47) (14, 14) (32, 32) (47, 47) (90, 90) (31, 31) 
(4, 4) (40, 40) (32, 32) (52, 52) (37, 37) (35, 35) (85, 85) (26, 26) (45, 45) (58, 58) (42, 42) (75, 75) (13, 13) (15, 15) (86, 86) (74, 74) (98, 98) (19, 19) (45, 45) (60, 60) 
(44, 44) (65, 65) (5, 5) (30, 30) (51, 51) (42, 42) (88, 88) (79, 79) (47, 47) (46, 46) (62, 62) (50, 50) (58, 58) (82, 82) (51, 51) (89, 89) (89, 89) (63, 63) (59, 59) (84, 84) 
(50, 50) (61, 61) (36, 36) (14, 14) (65, 65) (86, 86) (87, 87) (28, 28) (50, 50) (8, 8) (99, 99) (73, 73) (96, 96) (94, 94) (87, 87) (68, 68) (96, 96) (69, 69) (19, 19) (33, 33) 
(81, 81) (81, 81) (29, 29) (54, 54) (24, 24) (55, 55) (5, 5) (36, 36) (48, 48) (41, 41) (34, 34) (33, 33) (48, 48) (37, 37) (32, 32) (34, 34) (52, 52) (27, 27) (80, 80) (14, 14) 
(36, 36) (31, 31) (7, 7) (88, 88) (99, 99) (55, 55) (11, 11) (65, 65) (47, 47) (18, 18) (46, 46) (39, 39) (78, 78) (46, 46) (81, 81) (31, 31) (80, 80) (35, 35) (92, 92) (51, 51) 
(65, 65) (46, 46) (31, 31) (3, 3) (21, 21) (55, 55) (11, 11) (5, 5) (40, 40) (52, 52) (99, 99) (11, 11) (36, 36) (83, 83) (92, 92) (5, 5) (19, 19) (58, 58) (47, 47) (34, 34) 
(50, 50) (56, 56) (57, 57) (27, 27) (20, 20) (26, 26) (71, 71) (59, 59) (14, 14) (46, 46) (22, 22) (66, 66) (20, 20) (33, 33) (39, 39) (33, 33) (86, 86) (30, 30) (37, 37) (77, 77) 
(1, 1) (51, 51) (77, 77) (72, 72) (87, 87) (50, 50) (94, 94) (84, 84) (8, 8) (73, 73) (13, 13) (12, 12) (97, 97) (86, 86) (63, 63) (44, 44) (14, 14) (67, 67) (19, 19) (52, 52) 
(22, 22) (5, 5) (51, 51) (18, 18) (23, 23) (97, 97) (91, 91) (86, 86) (13, 13) (27, 27) (68, 68) (44, 44) (93, 93) (82, 82) (17, 17) (48, 48) (98, 98) (30, 30) (86, 86) (92, 92) 
(5, 5) (92, 92) (10, 10) (63, 63) (41, 41) (26, 26) (14, 14) (30, 30) (3, 3) (9, 9) (99, 99) (54, 54) (14, 14) (98, 98) (23, 23) (11, 11) (66, 66) (48, 48) (25, 25) (79, 79) 
(82, 82) (50, 50) (86, 86) (19, 19) (70, 70) (76, 76) (99, 99) (34, 34) (53, 53) (23, 23) (89, 89) (82, 82) (19, 19) (55, 55) (15, 15) (23, 23) (99, 99) (63, 63) (1, 1) (75, 75) 
(43, 43) (25, 25) (40, 40) (18, 18) (43, 43) (86, 86) (75, 75) (24, 24) (82, 82) (24, 24) (71, 71) (89, 89) (67, 67) (28, 28) (96, 96) (20, 20) (14, 14) (85, 85) (59, 59) (38, 38) 
(28, 28) (8, 8) (99, 99) (8, 8) (53, 53) (51, 51) (92, 92) (61, 61) (79, 79) (73, 73) (80, 80) (24, 24) (55, 55) (73, 73) (55, 55) (9, 9) (66, 66) (22, 22) (95, 95) (60, 60) 
(14, 14) (89, 89) (24, 24) (37, 37) (30, 30) (88, 88) (1, 1) (15, 15) (14, 14) (36, 36) (14, 14) (62, 62) (3, 3) (27, 27) (44, 44) (50, 50) (63, 63) (26, 26) (91, 91) (85, 85) 
(24, 24) (74, 74) (42, 42) (43, 43) (58, 58) (29, 29) (58, 58) (54, 54) (76, 76) (22, 22) (42, 42) (80, 80) (45, 45) (28, 28) (32, 32) (59, 59) (1, 1) (81, 81) (48, 48) (15, 15) 
(90, 90) (20, 20) (88, 88) (84, 84) (39, 39) (6, 6) (12, 12) (14, 14) (19, 19) (44, 44) (10, 10) (26, 26) (6, 6) (75, 75) (24, 24) (38, 38) (53, 53) (37, 37) (69, 69) (46, 46) 
(54, 54) (78, 78) (20, 20) (66, 66) (2, 2) (52, 52) (47, 47) (84, 84) (28, 28) (11, 11) (66, 66) (45, 45) (8, 8) (22, 22) (14, 14) (31, 31) (88, 88) (73, 73) (21, 21) (70, 70) 
(36, 36) (29, 29) (65, 65) (32, 32) (79, 79) (2, 2) (42, 42) (95, 95) (33, 33) (5, 5) (62, 62) (47, 47) (20, 20) (2, 2) (2, 2) (36, 36) (22, 22) (96, 96) (61, 61) (85, 85) 
(27, 27) (22, 22) (60, 60) (87, 87) (30, 30) (64, 64) (75, 75) (26, 26) (25, 25) (76, 76) (28, 28) (53, 53) (65, 65) (59, 59) (92, 92) (54, 54) (92, 92) (28, 28) (20, 20) (48, 48) 
(57, 57) (13, 13) (93, 93) (47, 47) (40, 40) (81, 81) (89, 89) (52, 52) (58, 58) (20, 20) (19, 19) (37, 37) (69, 69) (1, 1) (13, 13) (60, 60) (83, 83) (35, 35) (64, 64) (73, 73) 
(63, 63) (86, 86) (36, 36) (85, 85) (91, 91) (12, 12) (46, 46) (52, 52) (70, 70) (25, 25) (50, 50) (41, 41) (4, 4) (9, 9) (36, 36) (99, 99) (57, 57) (91, 91) (96, 96) (43, 43) 
(15, 15) (84, 84) (73, 73) (93, 93) (51, 51) (14, 14) (25, 25) (75, 75) (39, 39) (14, 14) (43, 43) (73, 73) (82, 82) (2, 2) (72, 72) (66, 66) (30, 30) (64, 64) (19, 19) (63, 63) 
(38, 38) (74, 74) (59, 59) (69, 69) (60, 60) (99, 99) (14, 14) (48, 48) (9, 9) (50, 50) (83, 83) (85, 85) (74, 74) (10, 10) (95, 95) (10, 10) (80, 80) (92, 92) (92, 92) (39, 39) 
(48, 48) (75, 75) (18, 18) (65, 65) (11, 11) (32, 32) (61, 61) (46, 46) (22, 22) (1, 1) (38, 38) (33, 33) (78, 78) (39, 39) (67, 67) (79, 79) (66, 66) (99, 99) (22, 22) (66, 66) 
(86, 86) (95, 95) (30, 30) (19, 19) (90, 90) (65, 65) (79, 79) (23, 23) (69, 69) (81, 81) (30, 30) (9, 9) (99, 99) (86, 86) (66, 66) (62, 62) (32, 32) (97, 97) (25, 25) (37, 37) 
(42, 42) (67, 67) (84, 84) (55, 55) (76, 76) (48, 48) (95, 95) (59, 59) (69, 69) (53, 53) (65, 65) (30, 30) (94, 94) (85, 85) (15, 15) (96, 96) (68, 68) (1, 1) (30, 30) (94, 94) 
(28, 28) (76, 76) (2, 2) (86, 86) (58, 58) (40, 40) (14, 14) (32, 32) (11, 11) (13, 13) (1, 1) (56, 56) (92, 92) (13, 13) (85, 85) (15, 15) (74, 74) (51, 51) (4, 4) (66, 66) 
(52, 52) (73, 73) (57, 57) (13, 13) (52, 52) (49, 49) (38, 38) (14, 14) (87, 87) (63, 63) (78, 78) (40, 40) (13, 13) (23, 23) (42, 42) (99, 99) (67, 67) (28, 28) (65, 65) (92, 92) 
(90, 90) (59, 59) (86, 86) (30, 30) (34, 34) (79, 79) (77, 77) (9, 9) (84, 84) (73, 73) (9, 9) (44, 44) (43, 43) (59, 59) (6, 6) (90, 90) (3, 3) (19, 19) (4, 4) (33, 33) 
(34, 34) (18, 18) (25, 25) (51, 51) (21, 21) (93, 93) (22, 22) (56, 56) (80, 80) (77, 77) (67, 67) (89, 89) (15, 15) (60, 60) (15, 15) (80, 80) (23, 23) (90, 90) (86, 86) (17, 17) 
(21, 21) (61, 61) (25, 25) (91, 91) (67, 67) (84, 84) (15, 15) (59, 59) (35, 35) (5, 5) (38, 38) (9, 9) (54, 54) (58, 58) (36, 36) (36, 36) (69, 69) (7, 7) (22, 22) (5, 5) 
(3, 3) (73, 73) (36, 36) (75, 75) (95, 95) (71, 71) (10, 10) (7, 7) (13, 13) (33, 33) (39, 39) (30, 30) (82, 82) (76, 76) (68, 68) (37, 37) (62, 62) (44, 44) (6, 6) (51, 51) 
(87, 87) (31, 31) (28, 28) (68, 68) (7, 7) (85, 85) (57, 57) (82, 82) (98, 98) (16, 16) (12, 12) (28, 28) (5, 5) (56, 56) (78, 78) (7, 7) (18, 18) (7, 7) (9, 9) (15, 15) 
(8, 8) (2, 2) (50, 50) (51, 51) (97, 97) (86, 86) (72, 72) (92, 92) (29, 29) (58, 58) (10, 10) (13, 13) (25, 25) (42, 42) (11, 11) (46, 46) (74, 74) (86, 86) (20, 20) (31, 31) 
(43, 43) (4, 4) (31, 31) (98, 98) (38, 38) (13, 13) (9, 9) (87, 87) (68, 68) (54, 54) (75, 75) (37, 37) (11, 11) (58, 58) (46, 46) (49, 49) (6, 6) (15, 15) (28, 28) (86, 86) 
(80, 80) (90, 90) (47, 47) (26, 26) (9, 9) (10, 10) (18, 18) (95, 95) (19, 19) (52, 52) (17, 17) (55, 55) (74, 74) (24, 24) (85, 85) (40, 40) (62, 62) (60, 60) (96, 96) (96, 96) 
(30, 30) (75, 75) (59, 59) (22, 22) (4, 4) (52, 52) (97, 97) (39, 39) (49, 49) (36, 36) (91, 91) (79, 79) (17, 17) (38, 38) (4, 4) (57, 57) (44, 44) (46, 46) (17, 17) (66, 66) 
(3, 3) (70, 70) (95, 95) (22, 22) (72, 72) (39, 39) (96, 96) (94, 94) (47, 47) (35, 35) (37, 37) (59, 59) (45, 45) (87, 87) (99, 99) (33, 33) (48, 48) (4, 4) (92, 92) (68, 68) 
(18, 18) (74, 74) (88, 88) (60, 60) (8, 8) (45, 45) (1, 1) (83, 83) (71, 71) (78, 78) (71, 71) (52, 52) (36, 36) (18, 18) (12, 12) (93, 93) (72, 72) (37, 37) (32, 32) (28, 28) 
(46, 46) (80, 80) (12, 12) (43, 43) (76, 76) (83, 83) (74, 74) (44, 44) (97, 97) (46, 46) (30, 30) (56, 56) (79, 79) (34, 34) (56, 56) (49, 49) (2, 2) (63, 63) (41, 41) (87, 87) 
(53, 53) (35, 35) (98, 98) (19, 19) (22, 22) (31, 31) (89, 89) (94, 94) (27, 27) (92, 92) (80, 80) (60, 60) (22, 22) (31, 31) (23, 23) (5, 5) (40, 40) (5, 5) (90, 90) (13, 13) 
(32, 32) (43, 43) (75, 75) (15, 15) (37, 37) (5, 5) (64, 64) (4, 4) (30, 30) (29, 29) (14, 14) (35, 35) (85, 85) (75, 75) (45, 45) (45, 45) (2, 2) (7, 7) (29, 29) (68, 68) 
(95, 95) (11, 11) (5, 5) (20, 20) (49, 49) (16, 16) (50, 50) (10, 10) (15, 15) (63, 63) (97, 97) (9, 9) (88, 88) (64, 64) (12, 12) (95, 95) (19, 19) (16, 16) (54, 54) (9, 9) 
(52, 52) (33, 33) (16, 16) (10, 10) (87, 87) (62, 62) (76, 76) (88, 88) (22, 22) (63, 63) (50, 50) (87, 87) (16, 16) (56, 56) (38, 38) (57, 57) (52, 52) (71, 71) (15, 15) (18, 18) 
(89, 89) (32, 32) (77, 77) (66, 66) (88, 88) (6, 6) (37, 37) (35, 35) (49, 49) (50, 50) (89, 89) (62, 62) (28, 28) (31, 31) (61, 61) (41, 41) (71, 71) (2, 2) (22, 22) (9, 9) 
(32, 32) (20, 20) (77, 77) (70, 70) (23, 23) (82, 82) (51, 51) (75, 75) (34, 34) (55, 55) (91, 91) (49, 49) (46, 46) (80, 80) (6, 6) (69, 69) (70, 70) (99, 99) (85, 85) (45, 45) 
(32, 32) (27, 27) (43, 43) (53, 53) (70, 70) (17, 17) (57, 57) (77, 77) (91, 91) (49, 49) (6, 6) (6, 6) (47, 47) (93, 93) (4, 4) (54, 54) (93, 93) (68, 68) (48, 48) (93, 93) 
(16, 16) (5, 5) (39, 39) (79, 79) (51, 51) (39, 39) (39, 39) (32, 32) (38, 38) (28, 28) (96, 96) (35, 35) (56, 56) (42, 42) (45, 45) (83, 83) (42, 42) (40, 40) (25, 25) (3, 3) 
(77, 77) (1, 1) (11, 11) (87, 87) (21, 21) (44, 44) (92, 92) (77, 77) (9, 9) (92, 92) (10, 10) (31, 31) (62, 62) (65, 65) (44, 44) (78, 78) (22, 22) (13, 13) (26, 26) (72, 72) 
(11, 11) (46, 46) (8, 8) (77, 77) (31, 31) (48, 48) (37, 37) (99, 99) (27, 27) (99, 99) (31, 31) (73, 73) (60, 60) (40, 40) (81, 81) (9, 9) (20, 20) (81, 81) (71, 71) (2, 2) 
(60, 60) (20, 20) (62, 62) (18, 18) (18, 18) (33, 33) (38, 38) (48, 48) (37, 37) (78, 78) (76, 76) (28, 28) (65, 65) (61, 61) (40, 40) (28, 28) (67, 67) (4, 4) (17, 17) (26, 26) 
(54, 54) (89, 89) (69, 69) (93, 93) (69, 69) (93, 93) (54, 54) (30, 30) (14, 14) (14, 14) (71, 71) (49, 49) (10, 10) (86, 86) (88, 88) (67, 67) (17, 17) (2, 2) (2, 2) (20, 20) 
(54, 54) (83, 83) (59, 59) (70, 70) (18, 18) (34, 34) (7, 7) (2, 2) (45, 45) (6, 6) (80, 80) (21, 21) (72, 72) (80, 80) (89, 89) (52, 52) (33, 33) (41, 41) (76, 76) (5, 5) 
(53, 53) (15, 15) (75, 75) (10, 10) (48, 48) (54, 54) (1, 1) (43, 43) (22, 22) (31, 31) (63, 63) (1, 1) (68, 68) (74, 74) (23, 23) (32, 32) (53, 53) (71, 71) (93, 93) (22, 22) 
(21, 21) (51, 51) (56, 56) (39, 39) (32, 32) (17, 17) (37, 37) (21, 21) (42, 42) (81, 81) (56, 56) (29, 29) (11, 11) (78, 78) (40, 40) (66, 66) (57, 57) (92, 92) (5, 5) (38, 38) 
(30, 30) (31, 31) (92, 92) (26, 26) (56, 56) (67, 67) (88, 88) (11, 11) (25, 25) (24, 24) (98, 98) (8, 8) (34, 34) (18, 18) (80, 80) (82, 82) (28, 28) (87, 87) (77, 77) (14, 14) 
(40, 40) (43, 43) (85, 85) (84, 84) (76, 76) (64, 64) (7, 7) (51, 51) (51, 51) (15, 15) (96, 96) (31, 31) (85, 85) (30, 30) (85, 85) (45, 45) (73, 73) (73, 73) (17, 17) (57, 57) 
(3, 3) (32, 32) (92, 92) (97, 97) (78, 78) (83, 83) (37, 37) (41, 41) (4, 4) (62, 62) (16, 16) (36, 36) (4, 4) (26, 26) (28, 28) (2, 2) (16, 16) (37, 37) (93, 93) (26, 26) 
(64, 64) (90, 90) (88, 88) (32, 32) (13, 13) (70, 70) (5, 5) (30, 30) (44, 44) (82, 82) (98, 98) (44, 44) (67, 67) (24, 24) (49, 49) (99, 99) (9, 9) (28, 28) (96, 96) (70, 70) 
(83, 83) (29, 29) (27, 27) (78, 78) (85, 85) (10, 10) (77, 77) (91, 91) (24, 24) (97, 97) (19, 19) (54, 54) (40, 40) (39, 39) (46, 46) (89, 89) (83, 83) (93, 93) (53, 53) (90, 90) 
(76, 76) (56, 56) (40, 40) (73, 73) (14, 14) (74, 74) (75, 75) (55, 55) (90, 90) (8, 8) (9, 9) (59, 59) (60, 60) (27, 27) (1, 1) (17, 17) (6, 6) (41, 41) (41, 41) (10, 10) 
(23, 23) (77, 77) (7, 7) (66, 66) (5, 5) (85, 85) (87, 87) (1, 1) (40, 40) (69, 69) (62, 62) (90, 90) (20, 20) (18, 18) (32, 32) (36, 36) (4, 4) (6, 6) (47, 47) (28, 28) 
(45, 45) (87, 87) (4, 4) (17, 17) (6, 6) (13, 13) (72, 72) (66, 66) (68, 68) (87, 87) (1, 1) (79, 79) (44, 44) (5, 5) (33, 33) (32, 32) (20, 20) (63, 63) (73, 73) (62, 62) 
(81, 81) (3, 3) (13, 13) (42, 42) (22, 22) (32, 32) (83, 83) (56, 56) (28, 28) (96, 96) (34, 34) (42, 42) (22, 22) (86, 86) (45, 45) (79, 79) (7, 7) (43, 43) (27, 27) (41, 41) 
(4, 4) (55, 55) (31, 31) (22, 22) (28, 28) (44, 44) (15, 15) (88, 88) (27, 27) (66, 66) (50, 50) (25, 25) (27, 27) (91, 91) (53, 53) (71, 71) (10, 10) (12, 12) (2, 2) (61, 61) 
(70, 70) (69, 69) (26, 26) (78, 78) (42, 42) (97, 97) (68, 68) (88, 88) (37, 37) (23, 23) (46, 46) (55, 55) (29, 29) (81, 81) (54, 54) (70, 70) (71, 71) (2, 2) (53, 53) (28, 28) 
(39, 39) (56, 56) (87, 87) (21, 21) (9, 9) (82, 82) (44, 44) (63, 63) (9, 9) (50, 50) (34, 34) (58, 58) (18, 18) (87, 87) (42, 42) (78, 78) (98, 98) (30, 30) (46, 46) (21, 21) 
