NUMERO DE TRABAJOS
20
NUMERO DE RECURSOS
20
SECUENCIA DE MAQUINAS
12 6 14 16 13 11 15 8 19 18 0 17 9 7 2 4 3 1 5 10 
8 10 17 15 0 18 1 19 12 7 3 9 13 16 6 14 2 11 5 4 
5 12 15 1 11 18 17 2 9 4 6 8 16 7 3 0 14 10 13 19 
2 17 8 14 6 18 0 16 3 13 15 1 4 19 11 10 12 9 5 7 
5 9 6 2 14 15 1 19 12 7 3 11 16 4 18 0 17 10 8 13 
17 9 12 2 10 4 14 11 16 6 3 0 18 13 5 15 8 7 1 19 
4 7 14 6 17 8 2 15 3 19 5 9 16 1 18 13 12 10 0 11 
3 5 1 12 8 4 9 17 7 13 14 11 0 2 15 19 16 6 10 18 
16 1 0 14 4 8 7 5 17 3 6 15 9 2 19 12 13 11 10 18 
8 19 16 0 13 3 6 15 7 17 10 11 18 1 2 14 9 12 4 5 
10 17 7 11 6 16 18 4 9 3 0 1 13 19 14 2 15 12 5 8 
9 5 3 4 10 8 12 19 15 7 6 18 14 2 17 1 16 11 13 0 
6 12 3 2 7 13 16 17 4 14 11 19 1 5 15 10 18 0 8 9 
5 19 8 1 15 11 17 16 13 2 7 3 10 4 18 12 14 9 6 0 
4 11 17 8 2 6 9 14 3 1 15 7 13 16 19 18 0 10 5 12 
14 10 17 12 16 19 4 9 1 8 6 0 7 2 18 5 13 11 3 15 
3 14 17 15 1 16 0 8 18 11 5 2 13 7 12 10 6 4 9 19 
13 15 14 18 0 9 17 10 1 5 11 19 12 7 16 6 8 2 4 3 
15 2 8 17 18 9 12 10 16 3 7 13 5 14 6 1 19 4 11 0 
18 3 13 5 0 9 15 1 14 2 7 19 10 16 6 11 4 12 17 8 
DURACIONES
(32, 32) (75, 75) (16, 16) (98, 98) (27, 27) (96, 96) (75, 75) (45, 45) (81, 81) (58, 58) (41, 41) (89, 89) (20, 20) (46, 46) (11, 11) (66, 66) (71, 71) (23, 23) (90, 90) (71, 71) 
(84, 84) (70, 70) (26, 26) (90, 90) (60, 60) (32, 32) (89, 89) (72, 72) (84, 84) (64, 64) (62, 62) (42, 42) (81, 81) (75, 75) (89, 89) (86, 86) (51, 51) (56, 56) (7, 7) (60, 60) 
(81, 81) (3, 3) (57, 57) (12, 12) (90, 90) (58, 58) (75, 75) (22, 22) (13, 13) (37, 37) (95, 95) (47, 47) (84, 84) (43, 43) (10, 10) (16, 16) (98, 98) (9, 9) (53, 53) (85, 85) 
(54, 54) (65, 65) (57, 57) (20, 20) (88, 88) (79, 79) (79, 79) (28, 28) (51, 51) (3, 3) (52, 52) (95, 95) (9, 9) (59, 59) (79, 79) (66, 66) (61, 61) (20, 20) (70, 70) (57, 57) 
(77, 77) (96, 96) (86, 86) (9, 9) (54, 54) (77, 77) (20, 20) (68, 68) (78, 78) (94, 94) (55, 55) (90, 90) (25, 25) (25, 25) (8, 8) (84, 84) (36, 36) (44, 44) (9, 9) (57, 57) 
(93, 93) (88, 88) (26, 26) (88, 88) (37, 37) (13, 13) (31, 31) (17, 17) (95, 95) (62, 62) (47, 47) (36, 36) (25, 25) (69, 69) (6, 6) (62, 62) (72, 72) (14, 14) (28, 28) (83, 83) 
(37, 37) (53, 53) (43, 43) (67, 67) (22, 22) (39, 39) (15, 15) (28, 28) (3, 3) (66, 66) (35, 35) (45, 45) (57, 57) (10, 10) (80, 80) (17, 17) (29, 29) (41, 41) (36, 36) (16, 16) 
(96, 96) (63, 63) (13, 13) (19, 19) (38, 38) (63, 63) (89, 89) (65, 65) (47, 47) (73, 73) (96, 96) (2, 2) (73, 73) (73, 73) (8, 8) (1, 1) (78, 78) (5, 5) (38, 38) (33, 33) 
(93, 93) (22, 22) (3, 3) (42, 42) (61, 61) (56, 56) (30, 30) (64, 64) (1, 1) (91, 91) (98, 98) (30, 30) (35, 35) (7, 7) (5, 5) (34, 34) (32, 32) (41, 41) (84, 84) (56, 56) 
(54, 54) (51, 51) (8, 8) (78, 78) (21, 21) (72, 72) (28, 28) (3, 3) (73, 73) (61, 61) (52, 52) (45, 45) (57, 57) (17, 17) (72, 72) (35, 35) (48, 48) (92, 92) (64, 64) (3, 3) 
(70, 70) (58, 58) (15, 15) (51, 51) (59, 59) (48, 48) (67, 67) (1, 1) (70, 70) (20, 20) (89, 89) (70, 70) (22, 22) (59, 59) (90, 90) (48, 48) (1, 1) (52, 52) (29, 29) (47, 47) 
(30, 30) (18, 18) (42, 42) (82, 82) (8, 8) (18, 18) (65, 65) (77, 77) (75, 75) (93, 93) (12, 12) (17, 17) (85, 85) (35, 35) (58, 58) (62, 62) (60, 60) (83, 83) (60, 60) (85, 85) 
(97, 97) (58, 58) (11, 11) (35, 35) (61, 61) (62, 62) (2, 2) (99, 99) (26, 26) (69, 69) (90, 90) (44, 44) (63, 63) (74, 74) (85, 85) (17, 17) (31, 31) (16, 16) (63, 63) (10, 10) 
(52, 52) (51, 51) (4, 4) (43, 43) (71, 71) (66, 66) (13, 13) (46, 46) (73, 73) (19, 19) (42, 42) (11, 11) (17, 17) (78, 78) (76, 76) (12, 12) (42, 42) (96, 96) (47, 47) (76, 76) 
(88, 88) (89, 89) (75, 75) (50, 50) (25, 25) (18, 18) (89, 89) (39, 39) (36, 36) (98, 98) (96, 96) (27, 27) (47, 47) (58, 58) (21, 21) (96, 96) (29, 29) (26, 26) (31, 31) (34, 34) 
(15, 15) (22, 22) (92, 92) (69, 69) (86, 86) (66, 66) (74, 74) (44, 44) (61, 61) (86, 86) (34, 34) (19, 19) (28, 28) (68, 68) (55, 55) (81, 81) (31, 31) (39, 39) (48, 48) (30, 30) 
(55, 55) (55, 55) (8, 8) (72, 72) (95, 95) (50, 50) (71, 71) (11, 11) (56, 56) (41, 41) (99, 99) (48, 48) (50, 50) (87, 87) (21, 21) (23, 23) (14, 14) (40, 40) (40, 40) (60, 60) 
(92, 92) (8, 8) (15, 15) (74, 74) (20, 20) (1, 1) (40, 40) (60, 60) (12, 12) (49, 49) (2, 2) (59, 59) (95, 95) (17, 17) (17, 17) (34, 34) (61, 61) (17, 17) (49, 49) (12, 12) 
(90, 90) (77, 77) (28, 28) (92, 92) (9, 9) (69, 69) (81, 81) (36, 36) (30, 30) (70, 70) (62, 62) (88, 88) (46, 46) (14, 14) (67, 67) (31, 31) (12, 12) (95, 95) (89, 89) (75, 75) 
(96, 96) (94, 94) (46, 46) (61, 61) (96, 96) (45, 45) (17, 17) (51, 51) (9, 9) (81, 81) (88, 88) (14, 14) (50, 50) (53, 53) (53, 53) (76, 76) (34, 34) (86, 86) (28, 28) (44, 44) 
