NUMERO DE TRABAJOS
20
NUMERO DE RECURSOS
15
SECUENCIA DE MAQUINAS
6 14 12 4 1 8 7 0 3 5 13 9 10 2 11 
5 1 4 6 9 3 13 14 12 11 10 8 0 7 2 
1 12 8 3 4 2 9 13 6 14 0 5 7 11 10 
8 0 4 13 5 7 10 11 9 6 14 12 3 2 1 
7 3 5 11 12 10 9 4 6 0 8 13 2 1 14 
6 1 3 13 12 9 2 11 4 0 10 14 7 5 8 
2 0 5 8 12 10 13 1 4 9 14 3 11 6 7 
5 3 4 0 12 8 11 10 13 14 6 1 7 2 9 
1 10 3 14 2 11 7 9 13 12 6 0 4 8 5 
13 9 8 10 0 14 2 4 1 6 12 11 3 7 5 
3 2 12 11 10 5 1 6 13 8 7 9 4 0 14 
10 0 1 11 13 5 4 3 6 7 14 12 8 9 2 
9 1 2 7 12 0 14 3 10 11 8 13 4 5 6 
0 2 11 8 12 4 5 9 7 13 1 3 14 6 10 
7 2 14 6 1 0 5 9 8 12 4 3 10 11 13 
7 3 11 5 14 12 8 9 0 13 4 6 1 2 10 
12 13 8 1 10 11 6 7 14 3 4 2 5 9 0 
13 5 9 14 7 10 2 12 6 4 1 11 8 0 3 
13 14 7 3 2 8 4 0 5 9 12 1 6 11 10 
14 13 6 9 7 0 11 2 5 1 4 10 12 8 3 
DURACIONES
(89, 89) (91, 91) (50, 50) (36, 36) (38, 38) (87, 87) (21, 21) (69, 69) (83, 83) (69, 69) (47, 47) (23, 23) (9, 9) (14, 14) (33, 33) 
(24, 24) (17, 17) (50, 50) (6, 6) (78, 78) (20, 20) (66, 66) (21, 21) (55, 55) (35, 35) (78, 78) (88, 88) (74, 74) (94, 94) (46, 46) 
(65, 65) (53, 53) (41, 41) (92, 92) (24, 24) (22, 22) (45, 45) (28, 28) (27, 27) (69, 69) (41, 41) (28, 28) (28, 28) (95, 95) (10, 10) 
(45, 45) (5, 5) (66, 66) (95, 95) (51, 51) (34, 34) (66, 66) (6, 6) (87, 87) (86, 86) (2, 2) (37, 37) (93, 93) (54, 54) (38, 38) 
(76, 76) (36, 36) (69, 69) (23, 23) (91, 91) (50, 50) (96, 96) (37, 37) (23, 23) (7, 7) (22, 22) (82, 82) (14, 14) (25, 25) (47, 47) 
(57, 57) (22, 22) (82, 82) (77, 77) (14, 14) (73, 73) (83, 83) (35, 35) (27, 27) (45, 45) (28, 28) (51, 51) (86, 86) (71, 71) (82, 82) 
(5, 5) (51, 51) (41, 41) (19, 19) (82, 82) (46, 46) (40, 40) (35, 35) (34, 34) (76, 76) (44, 44) (44, 44) (77, 77) (85, 85) (47, 47) 
(58, 58) (87, 87) (32, 32) (64, 64) (85, 85) (54, 54) (30, 30) (47, 47) (56, 56) (24, 24) (99, 99) (37, 37) (54, 54) (71, 71) (48, 48) 
(19, 19) (87, 87) (97, 97) (53, 53) (43, 43) (29, 29) (61, 61) (13, 13) (14, 14) (49, 49) (80, 80) (11, 11) (37, 37) (64, 64) (31, 31) 
(4, 4) (38, 38) (85, 85) (34, 34) (68, 68) (99, 99) (49, 49) (88, 88) (85, 85) (16, 16) (17, 17) (85, 85) (95, 95) (8, 8) (36, 36) 
(74, 74) (8, 8) (81, 81) (5, 5) (31, 31) (33, 33) (25, 25) (84, 84) (30, 30) (21, 21) (51, 51) (46, 46) (99, 99) (32, 32) (16, 16) 
(22, 22) (60, 60) (7, 7) (15, 15) (83, 83) (14, 14) (54, 54) (31, 31) (29, 29) (3, 3) (87, 87) (8, 8) (77, 77) (41, 41) (4, 4) 
(43, 43) (94, 94) (12, 12) (41, 41) (78, 78) (23, 23) (4, 4) (29, 29) (50, 50) (61, 61) (25, 25) (89, 89) (67, 67) (5, 5) (56, 56) 
(5, 5) (34, 34) (6, 6) (61, 61) (59, 59) (63, 63) (16, 16) (63, 63) (15, 15) (47, 47) (98, 98) (8, 8) (62, 62) (65, 65) (61, 61) 
(65, 65) (71, 71) (76, 76) (86, 86) (12, 12) (49, 49) (30, 30) (9, 9) (51, 51) (92, 92) (25, 25) (71, 71) (94, 94) (50, 50) (46, 46) 
(4, 4) (63, 63) (28, 28) (32, 32) (15, 15) (37, 37) (41, 41) (49, 49) (87, 87) (72, 72) (5, 5) (87, 87) (12, 12) (31, 31) (2, 2) 
(90, 90) (29, 29) (99, 99) (53, 53) (74, 74) (10, 10) (91, 91) (28, 28) (87, 87) (76, 76) (80, 80) (89, 89) (3, 3) (59, 59) (12, 12) 
(28, 28) (10, 10) (52, 52) (69, 69) (75, 75) (28, 28) (5, 5) (83, 83) (34, 34) (36, 36) (4, 4) (96, 96) (51, 51) (72, 72) (80, 80) 
(91, 91) (17, 17) (56, 56) (62, 62) (55, 55) (87, 87) (83, 83) (37, 37) (92, 92) (11, 11) (90, 90) (21, 21) (37, 37) (77, 77) (93, 93) 
(13, 13) (37, 37) (63, 63) (88, 88) (57, 57) (72, 72) (88, 88) (54, 54) (77, 77) (11, 11) (48, 48) (22, 22) (73, 73) (89, 89) (25, 25) 
