NUMERO DE TRABAJOS
20
NUMERO DE RECURSOS
15
SECUENCIA DE MAQUINAS
13 7 14 9 3 8 0 4 6 11 2 5 12 1 10 
12 10 3 4 9 0 6 1 7 5 11 2 14 8 13 
4 5 2 6 7 0 8 14 10 9 13 1 3 11 12 
6 4 8 12 7 14 2 13 5 10 1 3 11 9 0 
1 9 5 7 0 2 13 8 6 14 12 10 3 11 4 
8 11 7 9 1 4 5 12 10 2 14 0 13 3 6 
7 8 5 10 2 4 0 12 13 6 11 9 14 3 1 
0 9 8 11 14 10 3 7 12 4 5 1 2 6 13 
2 6 12 9 0 3 7 14 1 11 10 4 8 13 5 
14 4 6 2 9 3 12 0 8 5 1 7 10 13 11 
6 2 11 4 12 8 5 14 7 1 9 0 10 3 13 
7 10 12 11 8 4 9 5 13 6 2 14 0 3 1 
13 2 0 12 5 14 1 6 8 3 9 11 10 7 4 
3 11 2 14 13 0 9 10 1 8 12 6 5 7 4 
13 5 4 9 10 1 8 6 0 14 11 12 3 2 7 
9 8 3 14 11 13 12 0 10 1 4 7 5 6 2 
6 0 5 3 2 1 4 8 10 7 14 13 11 9 12 
7 13 5 1 14 10 9 0 6 8 4 12 2 11 3 
10 13 3 14 9 5 6 4 12 8 11 1 0 2 7 
14 2 6 9 7 1 10 5 13 12 0 3 8 4 11 
DURACIONES
(41, 41) (76, 76) (88, 88) (4, 4) (50, 50) (1, 1) (5, 5) (87, 87) (85, 85) (64, 64) (80, 80) (30, 30) (69, 69) (4, 4) (35, 35) 
(34, 34) (20, 20) (11, 11) (93, 93) (64, 64) (47, 47) (33, 33) (2, 2) (96, 96) (55, 55) (88, 88) (81, 81) (55, 55) (73, 73) (66, 66) 
(72, 72) (74, 74) (94, 94) (61, 61) (54, 54) (24, 24) (71, 71) (97, 97) (7, 7) (69, 69) (74, 74) (40, 40) (24, 24) (24, 24) (57, 57) 
(93, 93) (72, 72) (52, 52) (97, 97) (64, 64) (26, 26) (25, 25) (11, 11) (71, 71) (44, 44) (13, 13) (83, 83) (26, 26) (40, 40) (67, 67) 
(78, 78) (57, 57) (2, 2) (3, 3) (93, 93) (81, 81) (70, 70) (53, 53) (44, 44) (41, 41) (6, 6) (93, 93) (9, 9) (89, 89) (48, 48) 
(41, 41) (70, 70) (50, 50) (16, 16) (99, 99) (21, 21) (90, 90) (28, 28) (39, 39) (67, 67) (26, 26) (39, 39) (23, 23) (23, 23) (64, 64) 
(21, 21) (25, 25) (92, 92) (5, 5) (30, 30) (12, 12) (14, 14) (82, 82) (10, 10) (75, 75) (68, 68) (9, 9) (2, 2) (53, 53) (63, 63) 
(6, 6) (3, 3) (52, 52) (5, 5) (16, 16) (80, 80) (34, 34) (1, 1) (47, 47) (38, 38) (42, 42) (89, 89) (32, 32) (82, 82) (13, 13) 
(26, 26) (78, 78) (91, 91) (57, 57) (93, 93) (24, 24) (31, 31) (13, 13) (57, 57) (46, 46) (59, 59) (43, 43) (46, 46) (95, 95) (25, 25) 
(67, 67) (57, 57) (11, 11) (61, 61) (70, 70) (34, 34) (59, 59) (5, 5) (76, 76) (25, 25) (84, 84) (69, 69) (36, 36) (87, 87) (15, 15) 
(57, 57) (39, 39) (4, 4) (49, 49) (30, 30) (24, 24) (18, 18) (49, 49) (7, 7) (93, 93) (92, 92) (76, 76) (49, 49) (23, 23) (17, 17) 
(9, 9) (35, 35) (52, 52) (46, 46) (90, 90) (65, 65) (80, 80) (1, 1) (27, 27) (73, 73) (74, 74) (79, 79) (77, 77) (60, 60) (20, 20) 
(17, 17) (86, 86) (17, 17) (44, 44) (15, 15) (60, 60) (67, 67) (9, 9) (29, 29) (69, 69) (36, 36) (85, 85) (73, 73) (31, 31) (77, 77) 
(34, 34) (52, 52) (25, 25) (53, 53) (54, 54) (94, 94) (85, 85) (14, 14) (93, 93) (37, 37) (80, 80) (7, 7) (33, 33) (30, 30) (2, 2) 
(45, 45) (58, 58) (62, 62) (73, 73) (30, 30) (78, 78) (56, 56) (37, 37) (17, 17) (39, 39) (30, 30) (39, 39) (60, 60) (84, 84) (48, 48) 
(25, 25) (84, 84) (89, 89) (24, 24) (92, 92) (67, 67) (82, 82) (93, 93) (87, 87) (81, 81) (15, 15) (56, 56) (63, 63) (99, 99) (61, 61) 
(89, 89) (73, 73) (39, 39) (20, 20) (86, 86) (5, 5) (88, 88) (60, 60) (79, 79) (30, 30) (30, 30) (41, 41) (17, 17) (45, 45) (72, 72) 
(10, 10) (55, 55) (3, 3) (60, 60) (6, 6) (54, 54) (95, 95) (41, 41) (12, 12) (18, 18) (88, 88) (66, 66) (39, 39) (42, 42) (17, 17) 
(60, 60) (97, 97) (96, 96) (69, 69) (30, 30) (89, 89) (56, 56) (66, 66) (60, 60) (43, 43) (17, 17) (87, 87) (87, 87) (92, 92) (58, 58) 
(42, 42) (28, 28) (52, 52) (20, 20) (65, 65) (38, 38) (19, 19) (70, 70) (60, 60) (44, 44) (61, 61) (57, 57) (39, 39) (49, 49) (90, 90) 
