NUMERO DE TRABAJOS
20
NUMERO DE RECURSOS
15
SECUENCIA DE MAQUINAS
4 5 9 12 13 3 11 10 0 1 2 14 6 7 8 
0 13 11 10 4 2 6 7 5 9 14 12 1 3 8 
0 12 6 2 8 13 3 9 14 5 11 4 7 10 1 
12 1 6 13 7 2 4 0 11 8 10 3 5 14 9 
6 10 5 1 0 3 7 11 13 4 14 8 9 2 12 
1 5 9 6 10 0 13 4 14 3 12 7 8 2 11 
9 0 14 5 10 12 3 6 2 13 7 11 8 1 4 
5 9 1 6 11 13 14 4 0 2 12 10 3 8 7 
14 6 5 4 11 7 1 2 9 8 10 0 12 3 13 
11 0 10 3 14 1 13 2 8 5 7 4 9 6 12 
10 1 2 11 8 9 12 5 3 13 14 7 6 0 4 
2 11 12 3 10 0 4 7 8 1 6 13 5 14 9 
13 10 11 0 2 14 4 5 3 1 6 7 9 12 8 
7 8 2 14 3 0 13 4 10 1 9 11 6 12 5 
12 2 5 1 4 8 3 0 11 14 10 9 7 13 6 
4 3 7 6 14 5 11 10 8 9 0 2 1 12 13 
1 12 11 5 6 0 8 9 10 14 13 2 4 3 7 
9 8 7 3 10 1 4 11 14 0 5 12 2 13 6 
7 10 11 3 2 4 0 9 14 12 8 1 6 13 5 
8 0 4 6 2 7 9 12 3 11 14 13 10 1 5 
DURACIONES
(47, 47) (30, 30) (48, 48) (9, 9) (58, 58) (3, 3) (61, 61) (11, 11) (18, 18) (39, 39) (84, 84) (53, 53) (91, 91) (97, 97) (17, 17) 
(65, 65) (12, 12) (50, 50) (44, 44) (98, 98) (29, 29) (18, 18) (39, 39) (43, 43) (62, 62) (5, 5) (92, 92) (14, 14) (41, 41) (70, 70) 
(71, 71) (13, 13) (18, 18) (4, 4) (67, 67) (31, 31) (27, 27) (94, 94) (57, 57) (21, 21) (70, 70) (31, 31) (45, 45) (52, 52) (7, 7) 
(56, 56) (4, 4) (49, 49) (9, 9) (20, 20) (18, 18) (79, 79) (9, 9) (46, 46) (83, 83) (69, 69) (73, 73) (73, 73) (43, 43) (26, 26) 
(87, 87) (77, 77) (30, 30) (27, 27) (69, 69) (38, 38) (50, 50) (64, 64) (19, 19) (75, 75) (23, 23) (37, 37) (9, 9) (77, 77) (34, 34) 
(38, 38) (98, 98) (79, 79) (92, 92) (7, 7) (7, 7) (53, 53) (6, 6) (5, 5) (55, 55) (51, 51) (16, 16) (14, 14) (61, 61) (98, 98) 
(2, 2) (89, 89) (69, 69) (80, 80) (42, 42) (96, 96) (42, 42) (40, 40) (9, 9) (93, 93) (89, 89) (85, 85) (94, 94) (76, 76) (60, 60) 
(48, 48) (73, 73) (27, 27) (70, 70) (53, 53) (97, 97) (55, 55) (97, 97) (51, 51) (92, 92) (97, 97) (72, 72) (65, 65) (39, 39) (86, 86) 
(2, 2) (57, 57) (80, 80) (23, 23) (17, 17) (16, 16) (92, 92) (4, 4) (83, 83) (86, 86) (88, 88) (74, 74) (9, 9) (9, 9) (69, 69) 
(50, 50) (33, 33) (69, 69) (72, 72) (76, 76) (68, 68) (63, 63) (97, 97) (19, 19) (33, 33) (54, 54) (23, 23) (52, 52) (76, 76) (33, 33) 
(99, 99) (21, 21) (27, 27) (50, 50) (16, 16) (85, 85) (59, 59) (5, 5) (98, 98) (59, 59) (20, 20) (76, 76) (83, 83) (5, 5) (48, 48) 
(80, 80) (74, 74) (47, 47) (76, 76) (97, 97) (35, 35) (76, 76) (49, 49) (60, 60) (9, 9) (23, 23) (59, 59) (86, 86) (92, 92) (64, 64) 
(86, 86) (30, 30) (36, 36) (64, 64) (3, 3) (84, 84) (54, 54) (86, 86) (88, 88) (88, 88) (13, 13) (45, 45) (21, 21) (88, 88) (35, 35) 
(68, 68) (22, 22) (25, 25) (36, 36) (17, 17) (90, 90) (64, 64) (85, 85) (13, 13) (42, 42) (61, 61) (53, 53) (83, 83) (32, 32) (33, 33) 
(37, 37) (9, 9) (23, 23) (53, 53) (94, 94) (16, 16) (10, 10) (77, 77) (60, 60) (28, 28) (63, 63) (65, 65) (55, 55) (51, 51) (17, 17) 
(29, 29) (11, 11) (65, 65) (55, 55) (55, 55) (33, 33) (1, 1) (79, 79) (71, 71) (97, 97) (22, 22) (67, 67) (58, 58) (77, 77) (65, 65) 
(26, 26) (24, 24) (56, 56) (19, 19) (23, 23) (37, 37) (4, 4) (59, 59) (32, 32) (94, 94) (53, 53) (22, 22) (78, 78) (79, 79) (76, 76) 
(14, 14) (48, 48) (75, 75) (46, 46) (40, 40) (59, 59) (34, 34) (38, 38) (82, 82) (10, 10) (11, 11) (53, 53) (98, 98) (88, 88) (41, 41) 
(44, 44) (30, 30) (3, 3) (31, 31) (73, 73) (61, 61) (16, 16) (1, 1) (31, 31) (53, 53) (74, 74) (15, 15) (76, 76) (43, 43) (35, 35) 
(25, 25) (91, 91) (19, 19) (98, 98) (2, 2) (18, 18) (72, 72) (51, 51) (1, 1) (3, 3) (69, 69) (19, 19) (50, 50) (37, 37) (10, 10) 
