NUMERO DE TRABAJOS
20
NUMERO DE RECURSOS
20
SECUENCIA DE MAQUINAS
14 19 18 8 16 11 6 7 9 3 1 4 15 0 13 5 12 17 2 10 
14 2 1 19 12 18 13 10 5 6 17 8 11 0 4 9 7 15 16 3 
15 0 16 13 4 17 9 7 11 3 14 12 6 18 2 1 19 5 10 8 
19 16 12 2 9 14 11 5 10 1 18 17 3 0 7 8 4 15 13 6 
0 5 6 15 19 13 3 9 12 17 8 2 18 4 10 14 11 1 16 7 
14 17 10 4 18 12 9 6 8 1 13 0 16 3 5 2 19 7 15 11 
1 8 4 17 5 12 9 14 15 2 11 6 19 0 3 18 13 16 10 7 
3 5 6 11 16 9 14 18 2 7 15 4 17 12 13 8 0 19 10 1 
8 2 5 14 1 17 0 18 3 15 19 11 7 9 10 12 4 16 13 6 
1 19 6 5 17 16 15 10 18 13 9 2 8 11 12 14 7 0 3 4 
19 15 16 18 10 8 0 12 2 5 17 4 13 7 11 3 9 1 6 14 
11 8 19 1 14 15 3 17 6 16 4 12 0 7 9 10 13 5 2 18 
7 16 17 3 11 2 14 0 5 12 6 15 18 4 9 1 10 19 13 8 
11 17 4 2 5 3 12 16 13 8 14 9 18 15 1 19 0 10 6 7 
2 0 17 13 12 7 18 8 19 6 4 5 10 14 1 16 11 15 3 9 
1 4 5 11 15 9 6 2 17 7 16 18 19 10 0 14 12 3 13 8 
3 13 5 17 10 1 4 11 8 19 12 2 9 14 16 6 15 18 0 7 
11 12 19 4 1 6 9 5 7 0 17 15 18 8 10 3 14 16 13 2 
14 19 6 15 16 2 18 4 5 1 17 13 9 8 10 11 3 12 0 7 
17 4 15 8 2 9 14 7 5 6 3 19 13 1 10 11 12 16 18 0 
DURACIONES
(98, 98) (55, 55) (15, 15) (96, 96) (96, 96) (94, 94) (34, 34) (72, 72) (75, 75) (53, 53) (96, 96) (58, 58) (54, 54) (60, 60) (66, 66) (42, 42) (98, 98) (85, 85) (86, 86) (56, 56) 
(3, 3) (99, 99) (6, 6) (20, 20) (79, 79) (2, 2) (47, 47) (87, 87) (85, 85) (84, 84) (83, 83) (42, 42) (20, 20) (45, 45) (9, 9) (97, 97) (28, 28) (54, 54) (54, 54) (18, 18) 
(78, 78) (16, 16) (5, 5) (16, 16) (89, 89) (80, 80) (26, 26) (61, 61) (12, 12) (27, 27) (86, 86) (30, 30) (78, 78) (51, 51) (82, 82) (30, 30) (69, 69) (34, 34) (79, 79) (33, 33) 
(46, 46) (12, 12) (63, 63) (18, 18) (48, 48) (27, 27) (71, 71) (25, 25) (77, 77) (29, 29) (45, 45) (3, 3) (9, 9) (93, 93) (21, 21) (56, 56) (13, 13) (50, 50) (29, 29) (23, 23) 
(75, 75) (67, 67) (68, 68) (59, 59) (70, 70) (44, 44) (3, 3) (40, 40) (59, 59) (55, 55) (11, 11) (53, 53) (94, 94) (81, 81) (27, 27) (5, 5) (20, 20) (73, 73) (76, 76) (88, 88) 
(90, 90) (73, 73) (66, 66) (40, 40) (66, 66) (50, 50) (99, 99) (40, 40) (8, 8) (40, 40) (56, 56) (3, 3) (99, 99) (67, 67) (96, 96) (8, 8) (71, 71) (46, 46) (79, 79) (66, 66) 
(94, 94) (53, 53) (40, 40) (40, 40) (85, 85) (92, 92) (15, 15) (70, 70) (51, 51) (73, 73) (21, 21) (38, 38) (41, 41) (3, 3) (42, 42) (3, 3) (94, 94) (21, 21) (21, 21) (55, 55) 
(19, 19) (39, 39) (68, 68) (91, 91) (25, 25) (16, 16) (31, 31) (21, 21) (56, 56) (61, 61) (6, 6) (20, 20) (38, 38) (48, 48) (6, 6) (94, 94) (28, 28) (15, 15) (7, 7) (34, 34) 
(46, 46) (95, 95) (52, 52) (23, 23) (1, 1) (60, 60) (16, 16) (98, 98) (98, 98) (15, 15) (27, 27) (53, 53) (40, 40) (83, 83) (63, 63) (96, 96) (83, 83) (62, 62) (18, 18) (77, 77) 
(2, 2) (39, 39) (15, 15) (28, 28) (71, 71) (71, 71) (1, 1) (11, 11) (49, 49) (61, 61) (98, 98) (68, 68) (57, 57) (15, 15) (62, 62) (87, 87) (38, 38) (23, 23) (90, 90) (77, 77) 
(22, 22) (36, 36) (33, 33) (52, 52) (52, 52) (6, 6) (84, 84) (37, 37) (39, 39) (59, 59) (97, 97) (65, 65) (23, 23) (74, 74) (31, 31) (76, 76) (13, 13) (95, 95) (55, 55) (58, 58) 
(7, 7) (28, 28) (53, 53) (86, 86) (15, 15) (84, 84) (31, 31) (58, 58) (29, 29) (92, 92) (95, 95) (57, 57) (34, 34) (14, 14) (70, 70) (91, 91) (67, 67) (37, 37) (41, 41) (12, 12) 
(26, 26) (87, 87) (45, 45) (21, 21) (7, 7) (95, 95) (26, 26) (23, 23) (79, 79) (26, 26) (35, 35) (45, 45) (87, 87) (50, 50) (67, 67) (15, 15) (98, 98) (60, 60) (50, 50) (25, 25) 
(43, 43) (47, 47) (2, 2) (91, 91) (44, 44) (20, 20) (25, 25) (58, 58) (53, 53) (76, 76) (32, 32) (47, 47) (86, 86) (86, 86) (40, 40) (71, 71) (92, 92) (27, 27) (6, 6) (51, 51) 
(68, 68) (93, 93) (62, 62) (91, 91) (28, 28) (72, 72) (20, 20) (83, 83) (80, 80) (61, 61) (90, 90) (49, 49) (92, 92) (22, 22) (99, 99) (21, 21) (51, 51) (77, 77) (67, 67) (12, 12) 
(36, 36) (93, 93) (7, 7) (90, 90) (81, 81) (94, 94) (9, 9) (48, 48) (26, 26) (93, 93) (26, 26) (43, 43) (49, 49) (56, 56) (19, 19) (85, 85) (79, 79) (82, 82) (95, 95) (74, 74) 
(56, 56) (76, 76) (37, 37) (23, 23) (52, 52) (70, 70) (98, 98) (83, 83) (35, 35) (35, 35) (1, 1) (48, 48) (69, 69) (63, 63) (65, 65) (23, 23) (76, 76) (91, 91) (90, 90) (22, 22) 
(20, 20) (11, 11) (82, 82) (20, 20) (38, 38) (58, 58) (23, 23) (28, 28) (47, 47) (57, 57) (49, 49) (4, 4) (74, 74) (75, 75) (71, 71) (52, 52) (68, 68) (97, 97) (39, 39) (71, 71) 
(34, 34) (3, 3) (4, 4) (30, 30) (53, 53) (18, 18) (98, 98) (75, 75) (88, 88) (87, 87) (64, 64) (96, 96) (22, 22) (7, 7) (30, 30) (82, 82) (81, 81) (67, 67) (54, 54) (11, 11) 
(35, 35) (34, 34) (82, 82) (83, 83) (35, 35) (27, 27) (70, 70) (64, 64) (97, 97) (62, 62) (53, 53) (77, 77) (80, 80) (67, 67) (39, 39) (99, 99) (49, 49) (13, 13) (81, 81) (39, 39) 
