NUMERO DE TRABAJOS
20
NUMERO DE RECURSOS
15
SECUENCIA DE MAQUINAS
7 2 14 5 0 13 10 12 9 6 8 4 11 3 1 
4 1 0 11 6 5 7 2 14 12 8 9 13 3 10 
8 3 6 10 13 1 5 12 9 7 11 14 2 0 4 
13 8 4 14 1 10 11 6 12 2 9 0 5 3 7 
8 7 9 6 10 2 11 3 5 0 13 12 14 4 1 
8 14 11 12 9 1 2 7 0 3 13 5 10 4 6 
1 7 11 12 14 6 5 2 9 10 8 13 3 4 0 
10 3 0 6 8 1 12 11 13 9 2 7 4 14 5 
10 0 13 6 2 11 14 12 8 4 7 1 9 3 5 
1 4 3 11 6 10 14 9 2 13 8 12 5 0 7 
12 4 8 9 3 6 5 2 11 14 13 0 10 1 7 
12 9 0 8 10 11 3 5 7 6 14 2 1 4 13 
9 11 5 13 0 6 4 2 14 3 12 10 8 1 7 
6 12 7 9 11 5 13 3 0 14 8 2 1 4 10 
11 6 5 8 7 2 10 1 9 13 3 12 0 14 4 
1 2 4 7 12 13 14 11 10 8 3 6 5 0 9 
8 1 5 12 2 6 13 10 9 3 14 0 11 4 7 
5 10 3 6 13 0 2 9 12 1 4 11 7 14 8 
10 11 14 8 3 7 6 9 13 12 4 1 5 0 2 
13 3 10 12 1 14 2 8 5 4 0 6 7 9 11 
DURACIONES
(71, 71) (98, 98) (77, 77) (85, 85) (76, 76) (97, 97) (70, 70) (62, 62) (49, 49) (80, 80) (9, 9) (45, 45) (63, 63) (89, 89) (35, 35) 
(2, 2) (94, 94) (73, 73) (47, 47) (12, 12) (69, 69) (43, 43) (21, 21) (93, 93) (1, 1) (28, 28) (16, 16) (51, 51) (38, 38) (51, 51) 
(82, 82) (8, 8) (92, 92) (73, 73) (42, 42) (77, 77) (26, 26) (18, 18) (92, 92) (19, 19) (57, 57) (23, 23) (76, 76) (6, 6) (67, 67) 
(2, 2) (36, 36) (86, 86) (59, 59) (98, 98) (73, 73) (20, 20) (41, 41) (9, 9) (5, 5) (76, 76) (21, 21) (37, 37) (63, 63) (24, 24) 
(52, 52) (2, 2) (30, 30) (29, 29) (21, 21) (46, 46) (34, 34) (16, 16) (22, 22) (50, 50) (69, 69) (62, 62) (41, 41) (5, 5) (65, 65) 
(59, 59) (85, 85) (43, 43) (86, 86) (95, 95) (98, 98) (95, 95) (28, 28) (78, 78) (23, 23) (78, 78) (78, 78) (40, 40) (79, 79) (45, 45) 
(38, 38) (26, 26) (5, 5) (51, 51) (39, 39) (83, 83) (16, 16) (32, 32) (64, 64) (4, 4) (12, 12) (25, 25) (27, 27) (77, 77) (84, 84) 
(34, 34) (67, 67) (84, 84) (85, 85) (43, 43) (87, 87) (2, 2) (27, 27) (57, 57) (78, 78) (82, 82) (66, 66) (75, 75) (99, 99) (21, 21) 
(84, 84) (16, 16) (60, 60) (90, 90) (56, 56) (58, 58) (16, 16) (79, 79) (42, 42) (35, 35) (54, 54) (32, 32) (12, 12) (61, 61) (88, 88) 
(20, 20) (18, 18) (10, 10) (86, 86) (19, 19) (3, 3) (60, 60) (25, 25) (59, 59) (90, 90) (13, 13) (60, 60) (16, 16) (95, 95) (91, 91) 
(4, 4) (45, 45) (9, 9) (91, 91) (89, 89) (22, 22) (87, 87) (15, 15) (99, 99) (2, 2) (68, 68) (27, 27) (81, 81) (15, 15) (27, 27) 
(73, 73) (35, 35) (93, 93) (79, 79) (67, 67) (81, 81) (31, 31) (99, 99) (60, 60) (3, 3) (27, 27) (73, 73) (20, 20) (49, 49) (44, 44) 
(63, 63) (52, 52) (25, 25) (8, 8) (75, 75) (81, 81) (13, 13) (63, 63) (88, 88) (30, 30) (84, 84) (79, 79) (48, 48) (74, 74) (90, 90) 
(4, 4) (7, 7) (61, 61) (72, 72) (96, 96) (99, 99) (8, 8) (13, 13) (85, 85) (95, 95) (77, 77) (92, 92) (51, 51) (24, 24) (57, 57) 
(51, 51) (86, 86) (69, 69) (81, 81) (77, 77) (16, 16) (71, 71) (62, 62) (52, 52) (43, 43) (24, 24) (80, 80) (85, 85) (66, 66) (39, 39) 
(72, 72) (19, 19) (77, 77) (2, 2) (70, 70) (83, 83) (50, 50) (96, 96) (61, 61) (61, 61) (74, 74) (3, 3) (87, 87) (9, 9) (46, 46) 
(39, 39) (73, 73) (34, 34) (62, 62) (27, 27) (58, 58) (94, 94) (73, 73) (83, 83) (58, 58) (75, 75) (92, 92) (84, 84) (70, 70) (97, 97) 
(97, 97) (76, 76) (14, 14) (67, 67) (79, 79) (58, 58) (12, 12) (83, 83) (80, 80) (74, 74) (38, 38) (7, 7) (64, 64) (77, 77) (41, 41) 
(97, 97) (48, 48) (2, 2) (66, 66) (46, 46) (85, 85) (11, 11) (39, 39) (42, 42) (27, 27) (75, 75) (56, 56) (58, 58) (46, 46) (68, 68) 
(71, 71) (41, 41) (1, 1) (49, 49) (10, 10) (89, 89) (80, 80) (58, 58) (42, 42) (71, 71) (36, 36) (17, 17) (81, 81) (56, 56) (50, 50) 
