NUMERO DE TRABAJOS
20
NUMERO DE RECURSOS
15
SECUENCIA DE MAQUINAS
10 6 2 1 0 4 14 11 7 8 13 12 3 5 9 
2 3 4 8 11 12 1 0 9 14 7 5 6 13 10 
6 0 14 5 12 11 10 8 4 9 1 3 7 2 13 
9 2 6 12 3 13 1 0 8 7 11 4 14 10 5 
3 7 0 13 6 10 2 1 11 9 8 12 14 4 5 
5 2 8 4 12 10 3 1 0 7 6 13 9 14 11 
11 4 7 8 5 12 2 0 14 6 3 1 9 10 13 
12 11 14 13 6 7 8 10 3 4 5 1 2 9 0 
14 3 7 6 4 9 11 10 1 8 13 12 0 2 5 
6 7 8 1 14 5 3 11 2 12 4 9 10 13 0 
1 4 11 3 12 9 5 14 7 13 8 10 6 0 2 
10 11 9 5 0 2 14 12 3 13 8 1 7 6 4 
9 14 12 4 10 13 1 11 2 0 7 8 5 3 6 
0 5 6 10 3 9 11 12 14 4 8 7 1 2 13 
3 9 0 14 11 12 13 5 2 10 8 1 4 7 6 
3 14 6 4 1 10 2 12 9 7 0 5 13 8 11 
10 5 14 7 1 13 9 11 8 0 6 3 12 4 2 
4 1 5 6 13 3 10 14 7 8 0 12 2 11 9 
8 14 13 11 3 7 4 9 0 1 2 5 10 12 6 
12 11 5 14 3 1 9 4 10 7 2 6 0 13 8 
DURACIONES
(68, 68) (25, 25) (49, 49) (47, 47) (80, 80) (92, 92) (70, 70) (46, 46) (28, 28) (75, 75) (7, 7) (17, 17) (53, 53) (5, 5) (67, 67) 
(85, 85) (21, 21) (8, 8) (28, 28) (43, 43) (68, 68) (91, 91) (26, 26) (29, 29) (38, 38) (26, 26) (45, 45) (41, 41) (29, 29) (24, 24) 
(35, 35) (70, 70) (55, 55) (58, 58) (61, 61) (37, 37) (38, 38) (46, 46) (2, 2) (44, 44) (4, 4) (46, 46) (48, 48) (37, 37) (89, 89) 
(28, 28) (16, 16) (29, 29) (83, 83) (72, 72) (51, 51) (51, 51) (46, 46) (99, 99) (92, 92) (36, 36) (5, 5) (46, 46) (76, 76) (43, 43) 
(60, 60) (52, 52) (68, 68) (37, 37) (41, 41) (95, 95) (60, 60) (53, 53) (92, 92) (92, 92) (19, 19) (5, 5) (39, 39) (80, 80) (49, 49) 
(80, 80) (20, 20) (2, 2) (22, 22) (71, 71) (80, 80) (3, 3) (6, 6) (23, 23) (53, 53) (14, 14) (73, 73) (43, 43) (46, 46) (88, 88) 
(91, 91) (79, 79) (84, 84) (31, 31) (16, 16) (89, 89) (55, 55) (2, 2) (98, 98) (63, 63) (58, 58) (23, 23) (28, 28) (51, 51) (48, 48) 
(84, 84) (29, 29) (25, 25) (92, 92) (22, 22) (13, 13) (12, 12) (33, 33) (30, 30) (73, 73) (72, 72) (54, 54) (82, 82) (21, 21) (4, 4) 
(1, 1) (44, 44) (44, 44) (66, 66) (79, 79) (61, 61) (3, 3) (24, 24) (95, 95) (28, 28) (39, 39) (55, 55) (42, 42) (50, 50) (28, 28) 
(30, 30) (2, 2) (93, 93) (60, 60) (65, 65) (99, 99) (29, 29) (50, 50) (41, 41) (92, 92) (62, 62) (18, 18) (20, 20) (61, 61) (10, 10) 
(43, 43) (21, 21) (31, 31) (98, 98) (52, 52) (59, 59) (65, 65) (56, 56) (3, 3) (19, 19) (6, 6) (84, 84) (13, 13) (58, 58) (73, 73) 
(7, 7) (36, 36) (15, 15) (24, 24) (96, 96) (23, 23) (56, 56) (30, 30) (4, 4) (68, 68) (32, 32) (62, 62) (85, 85) (42, 42) (29, 29) 
(77, 77) (3, 3) (66, 66) (46, 46) (17, 17) (14, 14) (43, 43) (67, 67) (68, 68) (74, 74) (59, 59) (74, 74) (34, 34) (4, 4) (9, 9) 
(84, 84) (46, 46) (81, 81) (12, 12) (85, 85) (13, 13) (87, 87) (92, 92) (50, 50) (50, 50) (35, 35) (18, 18) (78, 78) (99, 99) (85, 85) 
(89, 89) (69, 69) (44, 44) (82, 82) (77, 77) (96, 96) (78, 78) (72, 72) (67, 67) (70, 70) (13, 13) (43, 43) (8, 8) (56, 56) (66, 66) 
(72, 72) (80, 80) (91, 91) (71, 71) (18, 18) (73, 73) (89, 89) (65, 65) (74, 74) (63, 63) (79, 79) (68, 68) (63, 63) (50, 50) (31, 31) 
(35, 35) (27, 27) (49, 49) (38, 38) (86, 86) (85, 85) (54, 54) (39, 39) (71, 71) (73, 73) (99, 99) (89, 89) (35, 35) (94, 94) (93, 93) 
(19, 19) (12, 12) (5, 5) (92, 92) (70, 70) (53, 53) (88, 88) (5, 5) (53, 53) (96, 96) (49, 49) (44, 44) (65, 65) (93, 93) (31, 31) 
(70, 70) (14, 14) (93, 93) (49, 49) (17, 17) (50, 50) (68, 68) (47, 47) (29, 29) (49, 49) (12, 12) (74, 74) (65, 65) (31, 31) (25, 25) 
(4, 4) (36, 36) (82, 82) (21, 21) (13, 13) (46, 46) (83, 83) (80, 80) (16, 16) (69, 69) (19, 19) (37, 37) (89, 89) (24, 24) (4, 4) 
