NUMERO DE TRABAJOS
20
NUMERO DE RECURSOS
20
SECUENCIA DE MAQUINAS
5 10 19 1 8 18 0 3 12 15 6 4 7 16 11 13 2 17 9 14 
12 8 19 6 9 3 7 18 0 15 4 13 16 5 11 14 1 2 17 10 
16 1 2 18 15 4 13 5 14 8 17 7 6 0 19 9 10 3 11 12 
8 5 19 18 13 6 9 16 12 7 2 0 17 4 14 1 11 10 15 3 
7 0 12 15 16 9 17 10 14 4 6 2 19 13 18 1 8 11 3 5 
13 15 14 19 2 11 6 16 9 18 7 8 5 3 10 12 0 17 1 4 
8 17 18 12 3 2 19 5 13 14 15 16 11 0 1 9 6 10 4 7 
0 7 1 18 19 10 12 6 11 3 17 15 5 8 4 14 13 16 2 9 
10 12 9 0 1 8 17 5 11 6 14 16 3 15 2 18 19 13 4 7 
10 2 0 16 4 13 5 9 1 17 15 12 19 3 7 14 11 8 6 18 
5 13 4 9 0 11 17 15 1 6 8 3 19 14 12 10 7 2 18 16 
18 12 7 8 4 19 15 2 5 3 0 14 17 9 13 11 16 10 1 6 
13 3 11 1 5 4 19 14 6 10 16 8 7 2 18 12 17 15 0 9 
0 9 1 4 5 3 12 2 18 15 17 19 8 10 11 13 16 14 6 7 
7 17 0 12 14 16 4 15 9 8 6 13 5 19 11 1 2 18 3 10 
6 2 16 8 7 18 17 19 3 0 10 15 12 14 4 5 9 1 13 11 
15 8 12 7 6 17 4 2 11 14 10 13 3 19 18 9 16 1 0 5 
7 0 16 18 9 19 15 1 13 11 12 17 14 6 4 3 2 10 8 5 
10 13 3 4 18 8 14 17 7 19 16 11 9 15 5 1 12 6 0 2 
7 19 11 14 3 15 9 2 12 10 4 1 6 8 0 17 5 18 16 13 
DURACIONES
(78, 78) (32, 32) (24, 24) (72, 72) (20, 20) (22, 22) (58, 58) (80, 80) (64, 64) (22, 22) (65, 65) (25, 25) (60, 60) (16, 16) (63, 63) (46, 46) (3, 3) (95, 95) (29, 29) (87, 87) 
(39, 39) (35, 35) (87, 87) (61, 61) (81, 81) (96, 96) (72, 72) (3, 3) (58, 58) (69, 69) (2, 2) (58, 58) (60, 60) (49, 49) (17, 17) (83, 83) (36, 36) (65, 65) (63, 63) (62, 62) 
(81, 81) (99, 99) (7, 7) (96, 96) (23, 23) (55, 55) (73, 73) (77, 77) (51, 51) (54, 54) (25, 25) (83, 83) (72, 72) (41, 41) (26, 26) (78, 78) (98, 98) (47, 47) (92, 92) (24, 24) 
(70, 70) (87, 87) (35, 35) (93, 93) (94, 94) (59, 59) (71, 71) (5, 5) (17, 17) (87, 87) (25, 25) (96, 96) (48, 48) (34, 34) (75, 75) (37, 37) (94, 94) (19, 19) (51, 51) (11, 11) 
(7, 7) (14, 14) (7, 7) (39, 39) (34, 34) (1, 1) (41, 41) (73, 73) (50, 50) (32, 32) (7, 7) (95, 95) (2, 2) (49, 49) (36, 36) (50, 50) (13, 13) (40, 40) (96, 96) (93, 93) 
(99, 99) (77, 77) (28, 28) (72, 72) (95, 95) (47, 47) (67, 67) (6, 6) (9, 9) (21, 21) (73, 73) (83, 83) (39, 39) (21, 21) (85, 85) (38, 38) (23, 23) (35, 35) (24, 24) (50, 50) 
(57, 57) (47, 47) (40, 40) (20, 20) (80, 80) (64, 64) (16, 16) (43, 43) (85, 85) (90, 90) (30, 30) (40, 40) (68, 68) (11, 11) (62, 62) (90, 90) (29, 29) (39, 39) (19, 19) (4, 4) 
(52, 52) (72, 72) (71, 71) (29, 29) (15, 15) (91, 91) (90, 90) (5, 5) (78, 78) (89, 89) (98, 98) (5, 5) (20, 20) (36, 36) (17, 17) (35, 35) (17, 17) (41, 41) (4, 4) (67, 67) 
(29, 29) (4, 4) (94, 94) (15, 15) (3, 3) (3, 3) (35, 35) (93, 93) (16, 16) (92, 92) (65, 65) (67, 67) (85, 85) (2, 2) (22, 22) (61, 61) (77, 77) (75, 75) (94, 94) (56, 56) 
(21, 21) (39, 39) (56, 56) (26, 26) (97, 97) (37, 37) (19, 19) (58, 58) (25, 25) (92, 92) (52, 52) (70, 70) (1, 1) (14, 14) (16, 16) (50, 50) (37, 37) (9, 9) (29, 29) (46, 46) 
(12, 12) (9, 9) (54, 54) (86, 86) (96, 96) (90, 90) (94, 94) (55, 55) (5, 5) (19, 19) (89, 89) (77, 77) (90, 90) (5, 5) (38, 38) (19, 19) (43, 43) (11, 11) (21, 21) (77, 77) 
(42, 42) (10, 10) (32, 32) (33, 33) (96, 96) (40, 40) (53, 53) (21, 21) (78, 78) (86, 86) (21, 21) (12, 12) (37, 37) (85, 85) (40, 40) (5, 5) (10, 10) (44, 44) (76, 76) (80, 80) 
(16, 16) (25, 25) (99, 99) (37, 37) (23, 23) (86, 86) (14, 14) (87, 87) (85, 85) (40, 40) (58, 58) (62, 62) (57, 57) (17, 17) (19, 19) (98, 98) (14, 14) (6, 6) (77, 77) (3, 3) 
(24, 24) (24, 24) (4, 4) (16, 16) (1, 1) (7, 7) (81, 81) (59, 59) (2, 2) (52, 52) (3, 3) (48, 48) (29, 29) (64, 64) (85, 85) (22, 22) (69, 69) (68, 68) (85, 85) (8, 8) 
(54, 54) (63, 63) (79, 79) (73, 73) (88, 88) (85, 85) (48, 48) (48, 48) (35, 35) (73, 73) (27, 27) (14, 14) (62, 62) (54, 54) (17, 17) (16, 16) (65, 65) (24, 24) (19, 19) (56, 56) 
(63, 63) (81, 81) (10, 10) (22, 22) (90, 90) (76, 76) (92, 92) (75, 75) (19, 19) (9, 9) (26, 26) (89, 89) (26, 26) (42, 42) (95, 95) (32, 32) (17, 17) (17, 17) (13, 13) (77, 77) 
(81, 81) (83, 83) (14, 14) (64, 64) (76, 76) (96, 96) (11, 11) (68, 68) (56, 56) (12, 12) (75, 75) (25, 25) (75, 75) (5, 5) (3, 3) (32, 32) (36, 36) (33, 33) (5, 5) (67, 67) 
(22, 22) (50, 50) (83, 83) (34, 34) (20, 20) (73, 73) (25, 25) (28, 28) (43, 43) (36, 36) (59, 59) (11, 11) (78, 78) (1, 1) (74, 74) (68, 68) (72, 72) (47, 47) (31, 31) (24, 24) 
(80, 80) (59, 59) (74, 74) (39, 39) (32, 32) (66, 66) (7, 7) (56, 56) (32, 32) (26, 26) (81, 81) (88, 88) (93, 93) (95, 95) (41, 41) (25, 25) (71, 71) (27, 27) (55, 55) (80, 80) 
(16, 16) (99, 99) (1, 1) (81, 81) (39, 39) (68, 68) (45, 45) (64, 64) (55, 55) (89, 89) (43, 43) (12, 12) (25, 25) (10, 10) (97, 97) (92, 92) (50, 50) (48, 48) (76, 76) (14, 14) 
