NUMERO DE TRABAJOS
20
NUMERO DE RECURSOS
20
SECUENCIA DE MAQUINAS
14 15 12 16 19 3 11 5 13 8 7 10 0 9 18 4 6 17 1 2 
9 16 19 2 14 15 0 10 13 4 1 11 18 6 12 3 8 7 5 17 
11 7 12 9 8 1 6 17 4 0 13 16 18 5 2 3 19 15 10 14 
7 10 14 19 15 4 5 11 6 17 2 8 9 18 13 1 16 3 0 12 
8 11 10 17 15 14 2 19 9 16 12 7 6 4 5 13 1 3 18 0 
6 4 1 9 17 5 8 3 12 15 19 7 2 18 10 0 16 14 13 11 
16 9 3 19 0 1 15 6 4 7 12 2 14 8 17 5 13 11 18 10 
6 2 10 3 1 13 9 8 19 12 4 11 5 0 18 16 15 7 14 17 
12 13 10 0 16 2 5 6 7 11 14 4 19 8 17 3 15 1 9 18 
18 17 13 15 19 8 14 11 12 4 1 5 3 0 2 9 16 6 10 7 
4 17 2 9 1 15 8 5 14 18 0 6 10 7 16 12 11 19 13 3 
5 19 1 12 14 7 11 6 2 16 9 17 10 4 18 15 8 3 0 13 
10 5 12 2 17 3 1 6 18 19 13 8 9 11 16 0 7 4 14 15 
2 12 19 13 8 7 0 15 4 14 10 18 3 16 9 5 1 6 17 11 
19 16 0 7 4 8 13 11 6 17 2 9 18 14 15 3 10 1 12 5 
7 0 3 2 9 17 6 5 11 15 1 14 16 18 10 4 13 8 12 19 
3 15 9 10 17 4 14 5 18 7 12 19 16 2 0 6 8 11 13 1 
4 18 0 8 13 7 12 1 15 2 14 9 5 3 11 10 17 6 19 16 
7 4 6 3 19 9 10 5 15 2 13 11 14 0 17 16 18 8 12 1 
13 9 6 4 12 19 17 18 1 7 11 0 5 16 15 10 2 14 8 3 
DURACIONES
(99, 99) (90, 90) (30, 30) (45, 45) (21, 21) (9, 9) (31, 31) (80, 80) (51, 51) (91, 91) (62, 62) (16, 16) (40, 40) (35, 35) (56, 56) (54, 54) (46, 46) (77, 77) (22, 22) (2, 2) 
(73, 73) (68, 68) (21, 21) (11, 11) (33, 33) (39, 39) (37, 37) (52, 52) (94, 94) (87, 87) (45, 45) (63, 63) (91, 91) (55, 55) (17, 17) (51, 51) (54, 54) (33, 33) (56, 56) (32, 32) 
(79, 79) (97, 97) (74, 74) (95, 95) (87, 87) (91, 91) (77, 77) (48, 48) (42, 42) (41, 41) (10, 10) (98, 98) (8, 8) (62, 62) (91, 91) (39, 39) (43, 43) (4, 4) (49, 49) (45, 45) 
(61, 61) (64, 64) (94, 94) (45, 45) (58, 58) (65, 65) (68, 68) (22, 22) (70, 70) (74, 74) (59, 59) (42, 42) (74, 74) (43, 43) (66, 66) (3, 3) (15, 15) (98, 98) (77, 77) (7, 7) 
(18, 18) (15, 15) (99, 99) (37, 37) (15, 15) (9, 9) (40, 40) (48, 48) (34, 34) (84, 84) (92, 92) (14, 14) (82, 82) (9, 9) (68, 68) (53, 53) (18, 18) (67, 67) (16, 16) (39, 39) 
(71, 71) (70, 70) (38, 38) (37, 37) (21, 21) (95, 95) (9, 9) (46, 46) (39, 39) (84, 84) (66, 66) (90, 90) (98, 98) (28, 28) (32, 32) (35, 35) (56, 56) (19, 19) (17, 17) (41, 41) 
(55, 55) (87, 87) (54, 54) (22, 22) (91, 91) (43, 43) (67, 67) (11, 11) (92, 92) (30, 30) (8, 8) (73, 73) (79, 79) (57, 57) (68, 68) (38, 38) (20, 20) (86, 86) (25, 25) (76, 76) 
(15, 15) (58, 58) (84, 84) (42, 42) (4, 4) (55, 55) (66, 66) (88, 88) (21, 21) (21, 21) (53, 53) (79, 79) (57, 57) (24, 24) (60, 60) (76, 76) (5, 5) (90, 90) (61, 61) (49, 49) 
(31, 31) (80, 80) (66, 66) (56, 56) (39, 39) (96, 96) (88, 88) (56, 56) (87, 87) (43, 43) (40, 40) (35, 35) (81, 81) (8, 8) (59, 59) (24, 24) (74, 74) (1, 1) (83, 83) (63, 63) 
(51, 51) (20, 20) (3, 3) (87, 87) (34, 34) (16, 16) (99, 99) (3, 3) (19, 19) (69, 69) (53, 53) (99, 99) (73, 73) (38, 38) (55, 55) (36, 36) (52, 52) (53, 53) (53, 53) (44, 44) 
(7, 7) (63, 63) (24, 24) (93, 93) (94, 94) (45, 45) (65, 65) (37, 37) (43, 43) (37, 37) (49, 49) (74, 74) (54, 54) (96, 96) (67, 67) (83, 83) (83, 83) (79, 79) (75, 75) (33, 33) 
(2, 2) (92, 92) (14, 14) (32, 32) (86, 86) (83, 83) (70, 70) (38, 38) (30, 30) (95, 95) (29, 29) (75, 75) (33, 33) (36, 36) (68, 68) (92, 92) (18, 18) (95, 95) (94, 94) (24, 24) 
(1, 1) (67, 67) (56, 56) (23, 23) (62, 62) (97, 97) (90, 90) (8, 8) (10, 10) (47, 47) (43, 43) (79, 79) (23, 23) (25, 25) (66, 66) (41, 41) (47, 47) (85, 85) (44, 44) (19, 19) 
(29, 29) (96, 96) (53, 53) (64, 64) (35, 35) (12, 12) (82, 82) (86, 86) (18, 18) (77, 77) (74, 74) (18, 18) (1, 1) (81, 81) (11, 11) (35, 35) (60, 60) (54, 54) (79, 79) (70, 70) 
(24, 24) (23, 23) (90, 90) (56, 56) (60, 60) (21, 21) (14, 14) (46, 46) (82, 82) (27, 27) (10, 10) (52, 52) (82, 82) (63, 63) (34, 34) (74, 74) (76, 76) (46, 46) (10, 10) (40, 40) 
(7, 7) (13, 13) (43, 43) (52, 52) (56, 56) (21, 21) (18, 18) (31, 31) (39, 39) (99, 99) (12, 12) (47, 47) (69, 69) (36, 36) (24, 24) (38, 38) (68, 68) (18, 18) (86, 86) (61, 61) 
(81, 81) (20, 20) (38, 38) (20, 20) (93, 93) (55, 55) (64, 64) (48, 48) (58, 58) (5, 5) (89, 89) (41, 41) (40, 40) (69, 69) (22, 22) (40, 40) (73, 73) (75, 75) (73, 73) (7, 7) 
(1, 1) (92, 92) (87, 87) (51, 51) (80, 80) (86, 86) (40, 40) (59, 59) (85, 85) (76, 76) (79, 79) (23, 23) (54, 54) (10, 10) (65, 65) (11, 11) (18, 18) (14, 14) (23, 23) (16, 16) 
(35, 35) (14, 14) (64, 64) (63, 63) (57, 57) (71, 71) (50, 50) (34, 34) (33, 33) (27, 27) (98, 98) (78, 78) (80, 80) (19, 19) (75, 75) (6, 6) (36, 36) (15, 15) (88, 88) (70, 70) 
(83, 83) (99, 99) (64, 64) (91, 91) (22, 22) (20, 20) (80, 80) (95, 95) (32, 32) (61, 61) (67, 67) (23, 23) (64, 64) (91, 91) (23, 23) (4, 4) (14, 14) (73, 73) (62, 62) (49, 49) 
