NUMERO DE TRABAJOS
20
NUMERO DE RECURSOS
20
SECUENCIA DE MAQUINAS
1 18 10 15 2 0 8 4 13 17 3 16 6 12 5 19 9 14 7 11 
2 8 15 9 10 11 16 14 12 7 17 0 13 18 5 4 1 19 6 3 
16 2 15 7 10 13 3 4 11 9 1 6 8 12 18 0 14 19 17 5 
12 3 15 9 13 6 1 18 19 16 17 8 10 14 2 7 11 4 5 0 
6 10 5 16 13 3 11 12 4 2 18 19 0 15 7 1 9 8 14 17 
6 4 11 12 0 1 2 9 10 13 7 19 18 15 16 8 3 14 17 5 
9 14 13 5 15 7 17 3 18 4 11 0 16 12 1 19 2 6 8 10 
5 18 0 12 13 15 3 17 16 7 14 10 9 4 19 1 8 2 6 11 
19 0 11 16 7 14 12 6 13 18 8 5 15 10 3 9 2 17 4 1 
5 15 4 7 17 2 14 1 10 12 16 8 3 11 0 9 6 13 18 19 
16 11 8 3 7 14 4 9 1 17 0 13 12 10 6 5 2 19 15 18 
3 4 1 18 16 17 14 0 15 2 7 8 12 9 19 5 6 11 10 13 
7 6 1 12 10 17 11 9 3 18 16 4 13 8 15 19 2 14 0 5 
18 3 5 4 6 1 2 16 17 9 19 13 15 14 7 0 8 10 11 12 
18 16 13 7 4 8 9 19 14 15 11 17 1 6 2 0 10 12 5 3 
17 9 2 0 11 5 7 12 1 10 15 18 13 16 19 14 4 6 8 3 
9 3 10 18 17 1 19 2 14 16 0 11 8 4 13 7 5 12 6 15 
6 18 7 17 11 12 3 9 13 10 16 5 8 1 19 4 0 2 14 15 
7 13 9 0 10 18 5 8 19 2 6 12 11 14 3 1 15 17 16 4 
5 17 15 19 14 16 6 0 18 3 4 9 12 2 11 13 1 7 8 10 
DURACIONES
(96, 96) (58, 58) (26, 26) (57, 57) (2, 2) (78, 78) (65, 65) (87, 87) (74, 74) (94, 94) (28, 28) (19, 19) (29, 29) (58, 58) (39, 39) (85, 85) (81, 81) (56, 56) (45, 45) (84, 84) 
(2, 2) (75, 75) (89, 89) (5, 5) (77, 77) (53, 53) (53, 53) (48, 48) (88, 88) (24, 24) (25, 25) (84, 84) (59, 59) (81, 81) (36, 36) (47, 47) (70, 70) (18, 18) (86, 86) (13, 13) 
(82, 82) (18, 18) (35, 35) (11, 11) (91, 91) (73, 73) (21, 21) (49, 49) (75, 75) (60, 60) (67, 67) (68, 68) (3, 3) (22, 22) (4, 4) (70, 70) (95, 95) (22, 22) (71, 71) (24, 24) 
(35, 35) (74, 74) (24, 24) (61, 61) (25, 25) (32, 32) (34, 34) (34, 34) (7, 7) (6, 6) (26, 26) (98, 98) (12, 12) (54, 54) (68, 68) (32, 32) (24, 24) (77, 77) (47, 47) (71, 71) 
(60, 60) (35, 35) (25, 25) (31, 31) (58, 58) (36, 36) (30, 30) (38, 38) (31, 31) (64, 64) (37, 37) (37, 37) (46, 46) (67, 67) (77, 77) (97, 97) (23, 23) (13, 13) (62, 62) (98, 98) 
(50, 50) (38, 38) (4, 4) (23, 23) (64, 64) (36, 36) (13, 13) (50, 50) (81, 81) (22, 22) (58, 58) (46, 46) (73, 73) (24, 24) (95, 95) (23, 23) (63, 63) (49, 49) (52, 52) (77, 77) 
(41, 41) (4, 4) (24, 24) (29, 29) (75, 75) (42, 42) (43, 43) (96, 96) (19, 19) (50, 50) (4, 4) (19, 19) (78, 78) (64, 64) (61, 61) (34, 34) (45, 45) (91, 91) (70, 70) (9, 9) 
(86, 86) (3, 3) (55, 55) (10, 10) (56, 56) (77, 77) (65, 65) (46, 46) (56, 56) (69, 69) (76, 76) (5, 5) (60, 60) (74, 74) (86, 86) (45, 45) (63, 63) (94, 94) (6, 6) (5, 5) 
(3, 3) (38, 38) (75, 75) (42, 42) (75, 75) (29, 29) (79, 79) (36, 36) (51, 51) (97, 97) (16, 16) (86, 86) (72, 72) (97, 97) (18, 18) (86, 86) (30, 30) (2, 2) (75, 75) (90, 90) 
(74, 74) (16, 16) (4, 4) (36, 36) (90, 90) (15, 15) (93, 93) (5, 5) (52, 52) (10, 10) (87, 87) (64, 64) (5, 5) (40, 40) (99, 99) (47, 47) (99, 99) (13, 13) (36, 36) (99, 99) 
(7, 7) (84, 84) (26, 26) (21, 21) (62, 62) (69, 69) (39, 39) (83, 83) (91, 91) (69, 69) (80, 80) (3, 3) (31, 31) (24, 24) (14, 14) (70, 70) (12, 12) (74, 74) (35, 35) (30, 30) 
(52, 52) (94, 94) (32, 32) (87, 87) (49, 49) (52, 52) (2, 2) (58, 58) (49, 49) (59, 59) (67, 67) (70, 70) (92, 92) (74, 74) (58, 58) (46, 46) (94, 94) (98, 98) (35, 35) (26, 26) 
(74, 74) (25, 25) (1, 1) (54, 54) (22, 22) (77, 77) (81, 81) (38, 38) (58, 58) (7, 7) (35, 35) (55, 55) (28, 28) (70, 70) (34, 34) (16, 16) (41, 41) (53, 53) (23, 23) (43, 43) 
(98, 98) (78, 78) (83, 83) (90, 90) (90, 90) (6, 6) (77, 77) (14, 14) (34, 34) (30, 30) (15, 15) (95, 95) (6, 6) (46, 46) (87, 87) (79, 79) (24, 24) (68, 68) (94, 94) (67, 67) 
(66, 66) (69, 69) (19, 19) (19, 19) (44, 44) (76, 76) (4, 4) (38, 38) (8, 8) (30, 30) (84, 84) (60, 60) (84, 84) (36, 36) (65, 65) (98, 98) (18, 18) (22, 22) (93, 93) (55, 55) 
(56, 56) (19, 19) (17, 17) (48, 48) (11, 11) (16, 16) (2, 2) (66, 66) (52, 52) (12, 12) (10, 10) (17, 17) (15, 15) (96, 96) (44, 44) (51, 51) (34, 34) (57, 57) (2, 2) (89, 89) 
(51, 51) (44, 44) (13, 13) (79, 79) (53, 53) (7, 7) (47, 47) (35, 35) (84, 84) (25, 25) (52, 52) (52, 52) (52, 52) (41, 41) (18, 18) (93, 93) (37, 37) (66, 66) (40, 40) (19, 19) 
(73, 73) (43, 43) (28, 28) (39, 39) (72, 72) (43, 43) (46, 46) (60, 60) (61, 61) (27, 27) (26, 26) (10, 10) (98, 98) (52, 52) (29, 29) (63, 63) (21, 21) (31, 31) (47, 47) (61, 61) 
(36, 36) (61, 61) (68, 68) (14, 14) (56, 56) (30, 30) (70, 70) (39, 39) (69, 69) (66, 66) (13, 13) (84, 84) (82, 82) (11, 11) (74, 74) (27, 27) (80, 80) (5, 5) (76, 76) (14, 14) 
(70, 70) (80, 80) (2, 2) (80, 80) (3, 3) (54, 54) (1, 1) (40, 40) (47, 47) (35, 35) (56, 56) (9, 9) (79, 79) (60, 60) (56, 56) (26, 26) (6, 6) (25, 25) (14, 14) (92, 92) 
