NUMERO DE TRABAJOS
30
NUMERO DE RECURSOS
20
SECUENCIA DE MAQUINAS
7 16 9 1 13 5 11 12 10 8 14 3 4 6 15 17 2 18 0 19 
0 16 1 6 4 9 10 19 13 2 11 3 14 15 8 17 18 12 5 7 
2 15 11 3 6 12 10 9 17 14 19 18 4 7 8 5 16 1 0 13 
11 7 9 2 14 8 5 4 13 6 19 0 18 3 15 1 16 17 10 12 
18 15 0 14 3 7 5 4 1 12 17 16 2 19 6 8 10 9 13 11 
7 16 8 5 0 3 17 11 14 9 10 6 4 1 12 19 2 15 18 13 
2 9 18 3 5 11 14 10 0 17 16 15 7 8 13 12 1 19 4 6 
10 1 0 7 6 2 5 8 9 13 17 15 12 3 18 14 16 4 19 11 
17 14 7 16 6 15 3 11 13 10 0 4 12 18 1 19 8 9 5 2 
15 14 13 9 8 10 6 12 19 0 1 7 17 4 18 3 2 16 11 5 
19 12 13 4 6 5 18 11 7 14 9 10 0 17 8 3 1 16 15 2 
18 2 5 14 8 7 10 11 1 12 4 6 0 17 15 3 16 19 13 9 
14 16 18 1 11 7 9 6 10 2 12 19 13 3 17 5 8 0 4 15 
14 8 15 11 1 17 5 16 7 13 0 9 2 3 6 4 19 18 10 12 
8 3 16 11 2 10 0 17 18 12 14 9 6 13 19 15 1 5 7 4 
17 15 3 18 16 6 0 19 14 13 4 9 10 12 1 2 8 11 7 5 
7 10 12 19 8 13 16 11 15 14 6 1 2 9 3 4 0 18 17 5 
1 15 16 0 11 9 19 12 18 13 10 2 5 17 4 14 3 7 6 8 
0 10 12 19 17 8 3 5 4 6 2 11 18 7 16 14 15 9 13 1 
14 18 13 6 4 0 19 11 10 9 5 16 17 1 12 3 7 2 15 8 
8 17 18 11 14 6 13 15 1 0 5 19 3 4 12 16 7 2 9 10 
16 19 2 1 7 5 9 10 18 14 13 4 11 0 17 3 12 6 15 8 
14 9 16 0 1 3 17 19 11 5 12 2 6 7 10 13 15 4 8 18 
6 12 3 0 15 5 8 2 4 11 9 7 13 16 14 17 18 10 19 1 
5 17 18 16 9 13 15 7 14 2 0 8 1 11 19 12 4 3 6 10 
15 12 7 4 8 14 3 17 1 6 16 11 0 9 18 13 19 5 10 2 
1 16 12 13 19 11 17 8 10 5 0 6 15 9 2 4 3 18 14 7 
10 18 3 2 13 12 15 0 4 17 7 9 6 1 11 5 16 8 14 19 
12 19 7 9 5 13 14 6 17 8 4 11 18 1 2 15 3 16 10 0 
4 14 1 5 0 7 10 16 11 3 6 9 19 15 2 12 18 8 13 17 
DURACIONES
(83, 83) (58, 58) (73, 73) (52, 52) (61, 61) (74, 74) (96, 96) (78, 78) (21, 21) (8, 8) (50, 50) (76, 76) (10, 10) (99, 99) (48, 48) (4, 4) (70, 70) (38, 38) (57, 57) (84, 84) 
(49, 49) (7, 7) (62, 62) (21, 21) (68, 68) (94, 94) (66, 66) (19, 19) (46, 46) (11, 11) (19, 19) (70, 70) (16, 16) (83, 83) (20, 20) (28, 28) (30, 30) (41, 41) (75, 75) (75, 75) 
(22, 22) (27, 27) (96, 96) (67, 67) (25, 25) (29, 29) (7, 7) (48, 48) (14, 14) (5, 5) (92, 92) (72, 72) (44, 44) (47, 47) (27, 27) (38, 38) (83, 83) (4, 4) (29, 29) (99, 99) 
(47, 47) (58, 58) (1, 1) (93, 93) (79, 79) (48, 48) (27, 27) (59, 59) (49, 49) (78, 78) (27, 27) (7, 7) (21, 21) (71, 71) (41, 41) (37, 37) (54, 54) (56, 56) (66, 66) (96, 96) 
(63, 63) (10, 10) (69, 69) (16, 16) (83, 83) (79, 79) (24, 24) (33, 33) (17, 17) (99, 99) (47, 47) (41, 41) (96, 96) (22, 22) (6, 6) (56, 56) (13, 13) (76, 76) (16, 16) (31, 31) 
(84, 84) (81, 81) (53, 53) (3, 3) (25, 25) (8, 8) (31, 31) (46, 46) (53, 53) (94, 94) (44, 44) (89, 89) (95, 95) (75, 75) (5, 5) (56, 56) (77, 77) (94, 94) (97, 97) (51, 51) 
(59, 59) (44, 44) (25, 25) (17, 17) (53, 53) (22, 22) (25, 25) (11, 11) (46, 46) (92, 92) (3, 3) (27, 27) (35, 35) (94, 94) (19, 19) (37, 37) (20, 20) (36, 36) (22, 22) (95, 95) 
(2, 2) (31, 31) (77, 77) (75, 75) (71, 71) (20, 20) (85, 85) (40, 40) (47, 47) (30, 30) (8, 8) (89, 89) (42, 42) (66, 66) (76, 76) (54, 54) (4, 4) (25, 25) (63, 63) (29, 29) 
(96, 96) (84, 84) (29, 29) (50, 50) (39, 39) (95, 95) (46, 46) (47, 47) (23, 23) (49, 49) (56, 56) (32, 32) (51, 51) (25, 25) (6, 6) (52, 52) (64, 64) (61, 61) (13, 13) (83, 83) 
(81, 81) (54, 54) (30, 30) (35, 35) (89, 89) (88, 88) (9, 9) (99, 99) (33, 33) (17, 17) (91, 91) (95, 95) (52, 52) (25, 25) (7, 7) (35, 35) (58, 58) (38, 38) (2, 2) (11, 11) 
(13, 13) (47, 47) (99, 99) (40, 40) (85, 85) (65, 65) (93, 93) (58, 58) (66, 66) (30, 30) (3, 3) (74, 74) (58, 58) (5, 5) (15, 15) (73, 73) (12, 12) (17, 17) (32, 32) (79, 79) 
(52, 52) (29, 29) (49, 49) (49, 49) (45, 45) (70, 70) (6, 6) (67, 67) (90, 90) (48, 48) (42, 42) (60, 60) (93, 93) (39, 39) (89, 89) (5, 5) (42, 42) (20, 20) (19, 19) (34, 34) 
(20, 20) (71, 71) (3, 3) (62, 62) (69, 69) (84, 84) (23, 23) (42, 42) (89, 89) (29, 29) (65, 65) (71, 71) (33, 33) (91, 91) (99, 99) (71, 71) (2, 2) (18, 18) (73, 73) (35, 35) 
(41, 41) (6, 6) (21, 21) (69, 69) (44, 44) (79, 79) (1, 1) (47, 47) (31, 31) (56, 56) (65, 65) (36, 36) (2, 2) (79, 79) (82, 82) (82, 82) (23, 23) (82, 82) (76, 76) (43, 43) 
(46, 46) (49, 49) (88, 88) (7, 7) (3, 3) (49, 49) (22, 22) (27, 27) (82, 82) (72, 72) (63, 63) (2, 2) (2, 2) (96, 96) (85, 85) (17, 17) (13, 13) (45, 45) (45, 45) (26, 26) 
(35, 35) (31, 31) (39, 39) (27, 27) (48, 48) (45, 45) (13, 13) (72, 72) (82, 82) (24, 24) (97, 97) (92, 92) (74, 74) (94, 94) (28, 28) (17, 17) (75, 75) (8, 8) (62, 62) (3, 3) 
(45, 45) (66, 66) (5, 5) (88, 88) (82, 82) (2, 2) (33, 33) (43, 43) (41, 41) (62, 62) (64, 64) (2, 2) (73, 73) (20, 20) (76, 76) (60, 60) (85, 85) (53, 53) (46, 46) (91, 91) 
(1, 1) (79, 79) (50, 50) (26, 26) (54, 54) (25, 25) (42, 42) (90, 90) (30, 30) (13, 13) (94, 94) (65, 65) (99, 99) (7, 7) (71, 71) (47, 47) (31, 31) (46, 46) (32, 32) (18, 18) 
(56, 56) (39, 39) (36, 36) (12, 12) (93, 93) (14, 14) (91, 91) (59, 59) (35, 35) (90, 90) (25, 25) (21, 21) (5, 5) (12, 12) (46, 46) (18, 18) (49, 49) (77, 77) (93, 93) (65, 65) 
(75, 75) (98, 98) (62, 62) (31, 31) (23, 23) (29, 29) (61, 61) (56, 56) (24, 24) (39, 39) (28, 28) (51, 51) (16, 16) (66, 66) (68, 68) (72, 72) (29, 29) (60, 60) (60, 60) (67, 67) 
(67, 67) (1, 1) (74, 74) (1, 1) (93, 93) (69, 69) (74, 74) (26, 26) (62, 62) (86, 86) (81, 81) (54, 54) (2, 2) (9, 9) (93, 93) (74, 74) (51, 51) (63, 63) (44, 44) (3, 3) 
(79, 79) (37, 37) (68, 68) (95, 95) (9, 9) (17, 17) (41, 41) (58, 58) (22, 22) (7, 7) (1, 1) (52, 52) (34, 34) (31, 31) (94, 94) (7, 7) (89, 89) (34, 34) (90, 90) (56, 56) 
(17, 17) (2, 2) (66, 66) (93, 93) (91, 91) (2, 2) (68, 68) (86, 86) (52, 52) (58, 58) (79, 79) (56, 56) (52, 52) (26, 26) (64, 64) (87, 87) (97, 97) (53, 53) (57, 57) (99, 99) 
(65, 65) (54, 54) (50, 50) (70, 70) (64, 64) (18, 18) (6, 6) (34, 34) (27, 27) (27, 27) (46, 46) (64, 64) (70, 70) (72, 72) (93, 93) (6, 6) (50, 50) (27, 27) (8, 8) (47, 47) 
(29, 29) (2, 2) (88, 88) (38, 38) (66, 66) (58, 58) (40, 40) (84, 84) (69, 69) (46, 46) (77, 77) (37, 37) (39, 39) (30, 30) (4, 4) (79, 79) (62, 62) (7, 7) (38, 38) (32, 32) 
(1, 1) (29, 29) (85, 85) (98, 98) (65, 65) (25, 25) (98, 98) (67, 67) (57, 57) (45, 45) (2, 2) (59, 59) (9, 9) (26, 26) (3, 3) (57, 57) (68, 68) (2, 2) (55, 55) (55, 55) 
(27, 27) (4, 4) (20, 20) (1, 1) (63, 63) (82, 82) (29, 29) (77, 77) (55, 55) (43, 43) (2, 2) (77, 77) (23, 23) (36, 36) (27, 27) (75, 75) (96, 96) (80, 80) (5, 5) (24, 24) 
(31, 31) (29, 29) (96, 96) (34, 34) (46, 46) (91, 91) (75, 75) (17, 17) (91, 91) (43, 43) (60, 60) (41, 41) (22, 22) (52, 52) (39, 39) (41, 41) (6, 6) (27, 27) (92, 92) (66, 66) 
(17, 17) (20, 20) (78, 78) (9, 9) (10, 10) (58, 58) (52, 52) (12, 12) (32, 32) (85, 85) (88, 88) (74, 74) (20, 20) (3, 3) (14, 14) (17, 17) (92, 92) (93, 93) (69, 69) (95, 95) 
(30, 30) (55, 55) (41, 41) (96, 96) (54, 54) (55, 55) (18, 18) (83, 83) (91, 91) (32, 32) (94, 94) (98, 98) (19, 19) (36, 36) (68, 68) (20, 20) (8, 8) (88, 88) (68, 68) (80, 80) 
