NUMERO DE TRABAJOS
30
NUMERO DE RECURSOS
20
SECUENCIA DE MAQUINAS
19 11 5 12 13 14 15 2 16 18 9 3 4 7 0 6 1 8 17 10 
0 15 2 3 8 12 16 18 17 10 6 5 11 4 7 13 1 14 19 9 
7 8 19 10 1 14 18 12 17 5 16 4 0 11 2 6 13 3 15 9 
17 19 7 3 13 5 0 16 1 2 11 8 12 14 10 6 15 9 4 18 
12 14 2 18 16 3 6 7 5 17 0 4 10 19 8 9 11 1 15 13 
9 1 0 2 17 16 6 14 7 11 13 5 4 19 15 8 12 18 3 10 
11 9 14 0 6 1 10 13 15 12 2 5 7 19 3 4 18 17 8 16 
8 11 12 14 0 10 15 2 7 19 16 6 13 17 1 18 3 4 5 9 
17 9 1 18 0 12 4 7 6 15 14 8 5 2 13 16 10 19 3 11 
1 15 17 16 14 2 0 8 12 7 3 5 10 9 6 19 13 4 11 18 
13 19 4 16 10 17 15 5 0 11 8 14 1 3 12 18 7 6 2 9 
17 16 5 18 6 1 19 8 4 10 7 15 9 13 0 2 14 12 11 3 
9 19 8 3 11 4 0 13 15 16 18 14 1 2 5 6 17 12 10 7 
11 4 1 13 15 16 14 5 10 0 17 9 12 18 3 2 19 8 7 6 
17 0 19 12 16 5 18 6 2 11 1 7 3 10 13 9 14 8 4 15 
13 9 18 8 14 16 11 1 4 5 10 3 7 2 15 6 19 12 17 0 
4 19 1 14 18 6 11 7 17 3 15 0 12 9 8 16 13 5 10 2 
18 15 16 9 2 10 4 14 13 0 6 3 17 5 1 19 7 11 8 12 
2 0 8 11 13 19 7 10 4 1 12 3 6 14 5 9 16 17 18 15 
16 10 11 8 4 0 18 1 14 15 12 3 2 9 19 6 13 17 7 5 
19 16 5 17 8 18 13 15 6 12 9 1 4 10 7 3 2 0 14 11 
19 7 0 4 17 1 12 18 16 14 8 11 3 6 15 13 5 10 9 2 
10 5 7 19 9 11 18 3 13 4 6 8 17 16 12 0 15 1 14 2 
6 15 7 12 10 1 0 2 11 8 19 4 3 13 16 17 14 5 9 18 
11 9 18 17 4 1 19 6 7 13 3 5 2 14 15 0 8 16 10 12 
5 11 1 19 6 7 13 0 10 12 3 16 2 8 15 9 17 4 14 18 
8 4 16 18 2 7 17 3 15 10 0 6 5 13 19 14 9 11 1 12 
1 17 10 8 6 9 18 0 4 14 7 15 5 3 13 16 2 12 11 19 
18 17 1 16 14 3 12 10 13 6 2 4 5 19 9 0 7 8 15 11 
2 8 17 16 9 1 5 15 14 4 6 7 3 13 18 12 19 10 11 0 
DURACIONES
(41, 41) (1, 1) (33, 33) (57, 57) (3, 3) (99, 99) (29, 29) (16, 16) (73, 73) (53, 53) (83, 83) (20, 20) (24, 24) (74, 74) (29, 29) (33, 33) (74, 74) (45, 45) (69, 69) (7, 7) 
(91, 91) (73, 73) (12, 12) (73, 73) (97, 97) (88, 88) (58, 58) (75, 75) (37, 37) (3, 3) (46, 46) (71, 71) (7, 7) (70, 70) (47, 47) (40, 40) (73, 73) (59, 59) (50, 50) (84, 84) 
(20, 20) (14, 14) (6, 6) (28, 28) (66, 66) (76, 76) (31, 31) (85, 85) (20, 20) (64, 64) (94, 94) (92, 92) (32, 32) (60, 60) (17, 17) (36, 36) (74, 74) (85, 85) (36, 36) (82, 82) 
(92, 92) (83, 83) (7, 7) (36, 36) (32, 32) (18, 18) (57, 57) (21, 21) (89, 89) (14, 14) (16, 16) (70, 70) (23, 23) (17, 17) (75, 75) (73, 73) (42, 42) (56, 56) (16, 16) (92, 92) 
(25, 25) (4, 4) (76, 76) (5, 5) (31, 31) (34, 34) (57, 57) (26, 26) (84, 84) (54, 54) (70, 70) (64, 64) (13, 13) (41, 41) (16, 16) (29, 29) (11, 11) (25, 25) (74, 74) (41, 41) 
(87, 87) (62, 62) (38, 38) (88, 88) (75, 75) (46, 46) (97, 97) (2, 2) (71, 71) (67, 67) (42, 42) (87, 87) (8, 8) (35, 35) (60, 60) (52, 52) (15, 15) (36, 36) (79, 79) (22, 22) 
(54, 54) (27, 27) (34, 34) (98, 98) (84, 84) (65, 65) (47, 47) (30, 30) (76, 76) (36, 36) (43, 43) (49, 49) (34, 34) (96, 96) (91, 91) (35, 35) (26, 26) (62, 62) (25, 25) (44, 44) 
(30, 30) (3, 3) (23, 23) (78, 78) (51, 51) (5, 5) (79, 79) (48, 48) (98, 98) (6, 6) (33, 33) (57, 57) (15, 15) (92, 92) (64, 64) (95, 95) (31, 31) (53, 53) (14, 14) (49, 49) 
(79, 79) (86, 86) (40, 40) (79, 79) (67, 67) (5, 5) (70, 70) (96, 96) (43, 43) (72, 72) (57, 57) (45, 45) (19, 19) (9, 9) (95, 95) (19, 19) (31, 31) (8, 8) (68, 68) (57, 57) 
(1, 1) (62, 62) (78, 78) (97, 97) (84, 84) (72, 72) (5, 5) (17, 17) (2, 2) (77, 77) (90, 90) (16, 16) (99, 99) (4, 4) (21, 21) (74, 74) (98, 98) (49, 49) (72, 72) (70, 70) 
(22, 22) (32, 32) (14, 14) (47, 47) (20, 20) (83, 83) (29, 29) (72, 72) (10, 10) (36, 36) (68, 68) (65, 65) (37, 37) (51, 51) (87, 87) (63, 63) (32, 32) (72, 72) (16, 16) (3, 3) 
(98, 98) (2, 2) (40, 40) (7, 7) (26, 26) (4, 4) (1, 1) (52, 52) (71, 71) (63, 63) (7, 7) (8, 8) (26, 26) (6, 6) (42, 42) (40, 40) (95, 95) (18, 18) (70, 70) (9, 9) 
(29, 29) (66, 66) (29, 29) (11, 11) (7, 7) (5, 5) (33, 33) (92, 92) (98, 98) (27, 27) (19, 19) (70, 70) (15, 15) (35, 35) (52, 52) (13, 13) (32, 32) (99, 99) (83, 83) (33, 33) 
(91, 91) (71, 71) (56, 56) (94, 94) (34, 34) (49, 49) (1, 1) (64, 64) (25, 25) (36, 36) (3, 3) (83, 83) (87, 87) (39, 39) (79, 79) (27, 27) (36, 36) (87, 87) (69, 69) (84, 84) 
(44, 44) (75, 75) (36, 36) (22, 22) (61, 61) (80, 80) (78, 78) (12, 12) (38, 38) (63, 63) (79, 79) (30, 30) (19, 19) (36, 36) (58, 58) (16, 16) (13, 13) (90, 90) (52, 52) (53, 53) 
(74, 74) (45, 45) (33, 33) (17, 17) (52, 52) (19, 19) (15, 15) (72, 72) (15, 15) (61, 61) (59, 59) (38, 38) (87, 87) (87, 87) (90, 90) (99, 99) (87, 87) (55, 55) (16, 16) (67, 67) 
(43, 43) (16, 16) (61, 61) (43, 43) (5, 5) (86, 86) (48, 48) (96, 96) (31, 31) (96, 96) (31, 31) (10, 10) (22, 22) (87, 87) (24, 24) (37, 37) (98, 98) (86, 86) (90, 90) (98, 98) 
(74, 74) (20, 20) (59, 59) (30, 30) (2, 2) (87, 87) (72, 72) (56, 56) (96, 96) (90, 90) (48, 48) (72, 72) (14, 14) (32, 32) (74, 74) (48, 48) (16, 16) (12, 12) (61, 61) (70, 70) 
(97, 97) (97, 97) (13, 13) (45, 45) (29, 29) (40, 40) (17, 17) (21, 21) (45, 45) (79, 79) (15, 15) (57, 57) (20, 20) (13, 13) (40, 40) (74, 74) (41, 41) (60, 60) (45, 45) (38, 38) 
(85, 85) (57, 57) (71, 71) (14, 14) (68, 68) (3, 3) (80, 80) (25, 25) (56, 56) (4, 4) (98, 98) (32, 32) (1, 1) (13, 13) (90, 90) (40, 40) (31, 31) (68, 68) (53, 53) (14, 14) 
(18, 18) (49, 49) (81, 81) (21, 21) (75, 75) (74, 74) (79, 79) (94, 94) (40, 40) (3, 3) (17, 17) (22, 22) (68, 68) (79, 79) (54, 54) (87, 87) (61, 61) (26, 26) (81, 81) (20, 20) 
(55, 55) (83, 83) (88, 88) (89, 89) (80, 80) (3, 3) (93, 93) (64, 64) (69, 69) (56, 56) (12, 12) (38, 38) (93, 93) (34, 34) (23, 23) (45, 45) (27, 27) (71, 71) (31, 31) (3, 3) 
(77, 77) (67, 67) (88, 88) (46, 46) (29, 29) (5, 5) (43, 43) (29, 29) (59, 59) (68, 68) (88, 88) (85, 85) (72, 72) (97, 97) (42, 42) (84, 84) (44, 44) (78, 78) (19, 19) (7, 7) 
(13, 13) (35, 35) (84, 84) (80, 80) (45, 45) (48, 48) (29, 29) (15, 15) (16, 16) (38, 38) (33, 33) (80, 80) (5, 5) (30, 30) (74, 74) (64, 64) (93, 93) (85, 85) (73, 73) (31, 31) 
(43, 43) (51, 51) (99, 99) (58, 58) (34, 34) (21, 21) (4, 4) (39, 39) (72, 72) (80, 80) (26, 26) (74, 74) (21, 21) (88, 88) (79, 79) (3, 3) (4, 4) (82, 82) (79, 79) (88, 88) 
(8, 8) (85, 85) (48, 48) (55, 55) (63, 63) (30, 30) (15, 15) (6, 6) (20, 20) (37, 37) (97, 97) (49, 49) (86, 86) (65, 65) (77, 77) (71, 71) (41, 41) (33, 33) (82, 82) (85, 85) 
(96, 96) (51, 51) (65, 65) (61, 61) (53, 53) (7, 7) (76, 76) (66, 66) (13, 13) (98, 98) (10, 10) (16, 16) (36, 36) (63, 63) (75, 75) (38, 38) (29, 29) (86, 86) (39, 39) (8, 8) 
(16, 16) (77, 77) (68, 68) (47, 47) (19, 19) (2, 2) (5, 5) (22, 22) (30, 30) (3, 3) (51, 51) (66, 66) (14, 14) (37, 37) (59, 59) (39, 39) (32, 32) (70, 70) (38, 38) (71, 71) 
(73, 73) (95, 95) (33, 33) (40, 40) (57, 57) (32, 32) (30, 30) (9, 9) (91, 91) (56, 56) (84, 84) (31, 31) (78, 78) (45, 45) (76, 76) (24, 24) (25, 25) (63, 63) (44, 44) (16, 16) 
(29, 29) (66, 66) (40, 40) (34, 34) (1, 1) (95, 95) (99, 99) (55, 55) (28, 28) (12, 12) (81, 81) (49, 49) (54, 54) (32, 32) (3, 3) (22, 22) (22, 22) (97, 97) (13, 13) (17, 17) 
