NUMERO DE TRABAJOS
30
NUMERO DE RECURSOS
15
SECUENCIA DE MAQUINAS
12 10 2 0 7 6 13 8 11 9 14 3 5 1 4 
8 10 14 2 13 0 11 3 7 6 12 9 4 1 5 
7 4 2 12 1 3 9 8 14 11 13 10 6 0 5 
6 9 10 5 3 7 8 13 14 2 1 0 12 4 11 
3 2 13 8 1 0 10 5 14 7 6 4 12 11 9 
5 7 13 11 14 10 0 2 4 6 1 8 9 3 12 
6 9 11 10 0 3 7 14 1 13 8 12 2 5 4 
9 5 10 0 4 6 12 13 14 7 8 2 1 3 11 
9 4 8 11 7 2 12 1 3 10 14 6 5 13 0 
7 9 14 3 4 6 8 0 13 11 5 10 12 2 1 
14 12 4 11 5 1 3 7 6 8 10 2 0 9 13 
6 1 14 10 8 3 5 11 0 7 2 13 9 12 4 
5 3 2 7 9 0 11 1 4 8 14 10 13 6 12 
7 9 11 5 4 10 0 12 2 1 3 6 8 14 13 
4 1 6 11 8 5 3 9 2 14 12 0 13 7 10 
3 9 7 0 10 2 12 14 5 8 11 4 6 1 13 
4 14 3 10 0 5 12 2 1 9 7 11 13 6 8 
11 1 10 2 12 7 13 0 9 14 5 6 8 3 4 
10 8 2 12 0 13 4 9 11 6 7 14 3 1 5 
12 2 3 11 1 13 10 14 9 8 4 7 5 6 0 
8 1 5 2 7 12 14 9 3 4 10 6 11 0 13 
14 12 5 11 7 0 10 2 3 9 1 8 13 6 4 
6 14 13 5 8 0 4 11 7 1 3 2 12 9 10 
7 3 0 14 5 12 11 1 9 8 13 10 4 6 2 
12 6 0 9 11 14 1 2 8 4 10 3 13 5 7 
14 9 4 3 11 8 13 6 1 7 12 10 0 2 5 
5 9 2 7 3 8 4 12 0 1 14 13 11 10 6 
10 4 6 0 14 5 1 11 3 8 13 2 7 12 9 
6 10 13 4 8 12 7 0 3 14 1 5 2 11 9 
10 1 12 4 0 7 3 5 6 11 9 14 2 8 13 
DURACIONES
(66, 66) (78, 78) (88, 88) (27, 27) (19, 19) (26, 26) (48, 48) (39, 39) (69, 69) (51, 51) (97, 97) (26, 26) (13, 13) (34, 34) (27, 27) 
(86, 86) (5, 5) (77, 77) (98, 98) (33, 33) (21, 21) (69, 69) (3, 3) (49, 49) (56, 56) (53, 53) (83, 83) (30, 30) (99, 99) (38, 38) 
(85, 85) (19, 19) (41, 41) (73, 73) (56, 56) (55, 55) (27, 27) (57, 57) (93, 93) (34, 34) (60, 60) (96, 96) (40, 40) (34, 34) (49, 49) 
(98, 98) (10, 10) (23, 23) (31, 31) (25, 25) (3, 3) (13, 13) (78, 78) (68, 68) (99, 99) (6, 6) (58, 58) (98, 98) (42, 42) (60, 60) 
(17, 17) (5, 5) (1, 1) (67, 67) (43, 43) (83, 83) (66, 66) (18, 18) (36, 36) (16, 16) (31, 31) (76, 76) (53, 53) (1, 1) (51, 51) 
(68, 68) (35, 35) (81, 81) (84, 84) (87, 87) (7, 7) (48, 48) (1, 1) (90, 90) (49, 49) (36, 36) (70, 70) (41, 41) (68, 68) (36, 36) 
(3, 3) (90, 90) (58, 58) (33, 33) (97, 97) (46, 46) (53, 53) (38, 38) (83, 83) (4, 4) (9, 9) (56, 56) (22, 22) (29, 29) (80, 80) 
(66, 66) (23, 23) (40, 40) (37, 37) (7, 7) (80, 80) (26, 26) (71, 71) (46, 46) (86, 86) (91, 91) (36, 36) (61, 61) (32, 32) (82, 82) 
(10, 10) (22, 22) (96, 96) (61, 61) (33, 33) (21, 21) (54, 54) (27, 27) (96, 96) (85, 85) (74, 74) (63, 63) (42, 42) (75, 75) (62, 62) 
(17, 17) (55, 55) (87, 87) (69, 69) (90, 90) (59, 59) (19, 19) (16, 16) (33, 33) (99, 99) (15, 15) (24, 24) (77, 77) (78, 78) (97, 97) 
(89, 89) (88, 88) (89, 89) (32, 32) (85, 85) (15, 15) (75, 75) (84, 84) (75, 75) (81, 81) (64, 64) (12, 12) (60, 60) (71, 71) (72, 72) 
(44, 44) (22, 22) (15, 15) (88, 88) (19, 19) (9, 9) (22, 22) (66, 66) (7, 7) (48, 48) (14, 14) (19, 19) (68, 68) (94, 94) (58, 58) 
(60, 60) (14, 14) (62, 62) (93, 93) (81, 81) (45, 45) (8, 8) (50, 50) (67, 67) (17, 17) (5, 5) (70, 70) (38, 38) (9, 9) (46, 46) 
(24, 24) (20, 20) (61, 61) (15, 15) (3, 3) (66, 66) (10, 10) (25, 25) (92, 92) (18, 18) (86, 86) (52, 52) (2, 2) (88, 88) (37, 37) 
(11, 11) (44, 44) (17, 17) (51, 51) (87, 87) (90, 90) (1, 1) (4, 4) (71, 71) (34, 34) (97, 97) (68, 68) (78, 78) (44, 44) (74, 74) 
(83, 83) (13, 13) (98, 98) (5, 5) (27, 27) (11, 11) (88, 88) (53, 53) (8, 8) (68, 68) (6, 6) (61, 61) (98, 98) (6, 6) (96, 96) 
(77, 77) (24, 24) (59, 59) (83, 83) (94, 94) (97, 97) (50, 50) (94, 94) (56, 56) (64, 64) (26, 26) (56, 56) (65, 65) (43, 43) (61, 61) 
(94, 94) (12, 12) (60, 60) (98, 98) (7, 7) (66, 66) (90, 90) (50, 50) (55, 55) (95, 95) (7, 7) (63, 63) (69, 69) (21, 21) (41, 41) 
(77, 77) (1, 1) (73, 73) (59, 59) (15, 15) (3, 3) (12, 12) (7, 7) (80, 80) (16, 16) (46, 46) (53, 53) (98, 98) (23, 23) (15, 15) 
(32, 32) (38, 38) (95, 95) (48, 48) (13, 13) (67, 67) (75, 75) (97, 97) (15, 15) (4, 4) (16, 16) (24, 24) (82, 82) (72, 72) (36, 36) 
(68, 68) (62, 62) (72, 72) (89, 89) (95, 95) (65, 65) (68, 68) (46, 46) (27, 27) (37, 37) (5, 5) (47, 47) (41, 41) (5, 5) (9, 9) 
(10, 10) (18, 18) (48, 48) (92, 92) (76, 76) (52, 52) (24, 24) (17, 17) (63, 63) (93, 93) (69, 69) (80, 80) (42, 42) (48, 48) (83, 83) 
(36, 36) (52, 52) (58, 58) (42, 42) (5, 5) (77, 77) (99, 99) (47, 47) (66, 66) (7, 7) (92, 92) (17, 17) (12, 12) (23, 23) (54, 54) 
(68, 68) (84, 84) (57, 57) (44, 44) (12, 12) (67, 67) (35, 35) (95, 95) (67, 67) (38, 38) (41, 41) (49, 49) (79, 79) (84, 84) (10, 10) 
(42, 42) (64, 64) (63, 63) (24, 24) (47, 47) (46, 46) (76, 76) (69, 69) (54, 54) (9, 9) (99, 99) (9, 9) (45, 45) (7, 7) (21, 21) 
(47, 47) (50, 50) (44, 44) (29, 29) (78, 78) (65, 65) (41, 41) (74, 74) (19, 19) (47, 47) (47, 47) (66, 66) (3, 3) (81, 81) (65, 65) 
(96, 96) (74, 74) (10, 10) (51, 51) (69, 69) (62, 62) (34, 34) (50, 50) (99, 99) (6, 6) (57, 57) (20, 20) (19, 19) (80, 80) (88, 88) 
(30, 30) (49, 49) (99, 99) (9, 9) (42, 42) (76, 76) (56, 56) (52, 52) (56, 56) (1, 1) (11, 11) (3, 3) (21, 21) (60, 60) (51, 51) 
(20, 20) (95, 95) (86, 86) (11, 11) (80, 80) (38, 38) (4, 4) (14, 14) (28, 28) (26, 26) (49, 49) (31, 31) (32, 32) (61, 61) (51, 51) 
(31, 31) (87, 87) (25, 25) (26, 26) (47, 47) (33, 33) (67, 67) (96, 96) (81, 81) (90, 90) (5, 5) (63, 63) (41, 41) (74, 74) (62, 62) 
