NUMERO DE TRABAJOS
30
NUMERO DE RECURSOS
15
SECUENCIA DE MAQUINAS
1 13 4 3 10 11 0 9 5 2 8 7 6 12 14 
14 5 4 3 9 1 10 13 8 7 11 0 6 2 12 
10 4 9 0 11 8 7 13 12 2 6 3 5 14 1 
12 3 11 9 1 8 6 10 2 5 14 13 7 4 0 
1 3 0 7 12 13 6 14 11 4 10 8 2 5 9 
6 8 11 3 14 9 7 5 2 13 10 0 1 4 12 
12 0 5 10 14 9 1 7 13 11 4 8 2 3 6 
13 10 9 4 1 7 2 6 0 8 14 5 3 12 11 
14 5 11 8 0 6 7 3 10 9 2 4 1 13 12 
13 8 4 3 10 11 5 1 9 0 12 7 6 14 2 
9 13 12 5 11 14 10 3 4 7 1 6 8 2 0 
3 7 10 11 6 1 14 4 9 8 0 13 12 5 2 
1 11 3 5 6 7 8 10 12 2 4 0 9 13 14 
1 10 7 6 0 4 5 11 3 14 9 8 13 12 2 
11 13 4 6 8 9 2 12 3 14 10 1 5 0 7 
1 8 14 0 2 13 10 4 12 7 6 9 11 3 5 
8 4 7 10 3 13 14 12 0 2 11 5 1 9 6 
2 13 8 1 7 10 11 4 0 6 14 3 5 9 12 
9 0 10 8 4 14 12 5 6 3 13 2 7 11 1 
3 4 14 1 11 13 8 2 5 12 10 7 0 6 9 
8 11 10 5 4 3 9 1 6 13 14 0 2 12 7 
8 1 3 6 11 13 2 4 12 9 14 7 5 10 0 
2 9 3 5 0 11 10 8 7 6 4 1 13 12 14 
13 12 1 4 9 2 6 8 7 3 0 10 14 11 5 
10 11 2 8 4 1 9 14 5 6 13 3 7 0 12 
12 4 5 0 8 14 10 2 13 1 9 3 6 7 11 
4 6 9 7 11 2 12 1 8 10 5 3 14 0 13 
2 14 4 1 13 0 8 6 7 3 9 11 12 10 5 
1 10 14 0 4 13 2 11 6 5 8 3 7 12 9 
1 4 2 10 8 5 12 14 6 9 0 13 7 11 3 
DURACIONES
(67, 67) (90, 90) (51, 51) (8, 8) (38, 38) (51, 51) (16, 16) (18, 18) (25, 25) (33, 33) (49, 49) (29, 29) (58, 58) (12, 12) (39, 39) 
(15, 15) (79, 79) (29, 29) (13, 13) (27, 27) (98, 98) (81, 81) (28, 28) (62, 62) (28, 28) (52, 52) (3, 3) (90, 90) (3, 3) (60, 60) 
(44, 44) (14, 14) (49, 49) (63, 63) (86, 86) (70, 70) (36, 36) (95, 95) (99, 99) (62, 62) (38, 38) (54, 54) (48, 48) (15, 15) (24, 24) 
(63, 63) (39, 39) (87, 87) (61, 61) (13, 13) (17, 17) (42, 42) (76, 76) (64, 64) (68, 68) (5, 5) (81, 81) (22, 22) (17, 17) (63, 63) 
(97, 97) (58, 58) (94, 94) (12, 12) (65, 65) (66, 66) (88, 88) (49, 49) (27, 27) (94, 94) (41, 41) (47, 47) (35, 35) (85, 85) (77, 77) 
(27, 27) (73, 73) (99, 99) (8, 8) (72, 72) (39, 39) (25, 25) (19, 19) (60, 60) (26, 26) (89, 89) (65, 65) (69, 69) (1, 1) (93, 93) 
(21, 21) (53, 53) (43, 43) (91, 91) (38, 38) (90, 90) (41, 41) (44, 44) (7, 7) (1, 1) (13, 13) (38, 38) (55, 55) (52, 52) (9, 9) 
(24, 24) (44, 44) (17, 17) (68, 68) (74, 74) (97, 97) (97, 97) (56, 56) (50, 50) (8, 8) (73, 73) (37, 37) (54, 54) (64, 64) (45, 45) 
(90, 90) (13, 13) (43, 43) (99, 99) (46, 46) (41, 41) (98, 98) (45, 45) (59, 59) (59, 59) (66, 66) (10, 10) (7, 7) (99, 99) (31, 31) 
(8, 8) (74, 74) (40, 40) (36, 36) (57, 57) (65, 65) (42, 42) (4, 4) (11, 11) (17, 17) (66, 66) (16, 16) (24, 24) (49, 49) (93, 93) 
(12, 12) (6, 6) (54, 54) (32, 32) (35, 35) (83, 83) (67, 67) (47, 47) (85, 85) (77, 77) (22, 22) (30, 30) (92, 92) (92, 92) (36, 36) 
(35, 35) (5, 5) (96, 96) (47, 47) (13, 13) (78, 78) (69, 69) (5, 5) (49, 49) (26, 26) (14, 14) (5, 5) (15, 15) (14, 14) (4, 4) 
(7, 7) (28, 28) (80, 80) (65, 65) (4, 4) (92, 92) (74, 74) (50, 50) (31, 31) (59, 59) (86, 86) (52, 52) (37, 37) (37, 37) (46, 46) 
(83, 83) (70, 70) (90, 90) (63, 63) (89, 89) (73, 73) (92, 92) (27, 27) (99, 99) (12, 12) (94, 94) (32, 32) (48, 48) (81, 81) (90, 90) 
(83, 83) (3, 3) (68, 68) (80, 80) (45, 45) (4, 4) (69, 69) (44, 44) (57, 57) (76, 76) (37, 37) (72, 72) (71, 71) (73, 73) (38, 38) 
(1, 1) (8, 8) (13, 13) (75, 75) (24, 24) (13, 13) (33, 33) (12, 12) (50, 50) (68, 68) (39, 39) (39, 39) (99, 99) (52, 52) (67, 67) 
(74, 74) (94, 94) (20, 20) (56, 56) (21, 21) (23, 23) (85, 85) (45, 45) (59, 59) (84, 84) (60, 60) (93, 93) (58, 58) (60, 60) (88, 88) 
(91, 91) (22, 22) (90, 90) (17, 17) (81, 81) (3, 3) (93, 93) (58, 58) (80, 80) (8, 8) (56, 56) (83, 83) (50, 50) (18, 18) (62, 62) 
(61, 61) (75, 75) (88, 88) (64, 64) (64, 64) (54, 54) (39, 39) (70, 70) (42, 42) (51, 51) (84, 84) (13, 13) (65, 65) (49, 49) (85, 85) 
(49, 49) (66, 66) (52, 52) (23, 23) (27, 27) (55, 55) (94, 94) (98, 98) (7, 7) (65, 65) (93, 93) (86, 86) (23, 23) (90, 90) (1, 1) 
(60, 60) (97, 97) (57, 57) (84, 84) (81, 81) (21, 21) (28, 28) (79, 79) (19, 19) (8, 8) (51, 51) (94, 94) (57, 57) (58, 58) (84, 84) 
(69, 69) (73, 73) (6, 6) (95, 95) (61, 61) (27, 27) (71, 71) (34, 34) (98, 98) (24, 24) (54, 54) (91, 91) (82, 82) (76, 76) (88, 88) 
(7, 7) (75, 75) (10, 10) (6, 6) (23, 23) (43, 43) (26, 26) (99, 99) (9, 9) (39, 39) (19, 19) (81, 81) (6, 6) (58, 58) (43, 43) 
(77, 77) (14, 14) (4, 4) (17, 17) (65, 65) (25, 25) (68, 68) (53, 53) (82, 82) (61, 61) (59, 59) (92, 92) (89, 89) (62, 62) (52, 52) 
(15, 15) (33, 33) (80, 80) (40, 40) (83, 83) (41, 41) (33, 33) (62, 62) (31, 31) (38, 38) (13, 13) (27, 27) (53, 53) (19, 19) (9, 9) 
(38, 38) (20, 20) (70, 70) (14, 14) (46, 46) (16, 16) (69, 69) (32, 32) (40, 40) (38, 38) (98, 98) (85, 85) (69, 69) (54, 54) (45, 45) 
(44, 44) (92, 92) (65, 65) (96, 96) (17, 17) (26, 26) (68, 68) (87, 87) (89, 89) (23, 23) (33, 33) (17, 17) (38, 38) (98, 98) (97, 97) 
(88, 88) (22, 22) (74, 74) (73, 73) (44, 44) (77, 77) (62, 62) (9, 9) (7, 7) (76, 76) (40, 40) (38, 38) (76, 76) (92, 92) (26, 26) 
(70, 70) (19, 19) (19, 19) (90, 90) (38, 38) (43, 43) (33, 33) (80, 80) (22, 22) (22, 22) (31, 31) (59, 59) (88, 88) (32, 32) (83, 83) 
(2, 2) (3, 3) (65, 65) (1, 1) (41, 41) (56, 56) (16, 16) (76, 76) (76, 76) (45, 45) (28, 28) (70, 70) (37, 37) (72, 72) (30, 30) 
