NUMERO DE TRABAJOS
30
NUMERO DE RECURSOS
20
SECUENCIA DE MAQUINAS
12 16 19 8 9 1 6 2 17 18 4 0 5 14 3 11 10 13 7 15 
15 0 16 1 14 18 13 2 19 12 11 7 3 17 8 10 9 4 5 6 
7 6 1 12 8 4 17 16 9 10 13 3 2 11 5 14 18 19 0 15 
7 6 18 9 16 0 15 1 12 3 17 14 11 19 5 2 4 13 8 10 
15 18 8 9 13 11 16 17 19 12 3 2 10 6 4 1 5 14 0 7 
4 10 16 1 7 5 3 0 14 9 11 8 12 18 17 6 15 19 2 13 
1 5 3 12 9 16 18 4 8 14 17 0 19 13 10 7 6 11 15 2 
9 10 4 8 16 19 17 0 2 1 18 5 7 15 6 14 3 13 12 11 
13 0 17 7 11 15 6 14 5 18 4 8 1 16 3 9 19 12 10 2 
3 16 15 12 9 18 4 11 5 19 1 2 8 10 17 0 14 7 13 6 
4 6 0 3 8 10 13 18 14 5 1 2 16 15 9 19 11 7 12 17 
5 18 16 2 11 19 6 0 1 12 9 8 4 10 15 13 17 14 3 7 
2 4 8 12 0 3 18 13 17 10 16 19 5 15 7 1 9 11 14 6 
19 3 13 7 8 10 4 11 2 12 18 17 14 0 16 9 1 6 5 15 
15 0 16 2 19 6 8 3 11 17 7 12 13 9 5 10 14 18 1 4 
9 10 6 11 0 17 13 2 15 8 14 7 4 3 12 16 19 1 18 5 
12 3 4 17 8 18 6 5 7 16 9 11 1 0 2 19 10 13 15 14 
13 12 0 3 1 7 8 9 6 18 17 11 10 15 2 4 14 19 5 16 
15 3 10 6 7 11 1 12 14 8 19 16 5 4 2 9 13 18 17 0 
9 17 12 6 5 3 18 1 4 13 15 10 8 0 16 7 2 14 11 19 
8 5 4 2 3 16 14 15 10 6 13 9 0 17 11 18 12 1 7 19 
16 17 9 18 1 14 15 13 10 2 8 12 19 7 0 3 4 5 11 6 
0 13 16 8 9 19 11 10 4 12 5 2 18 3 6 17 14 7 15 1 
9 1 6 11 16 13 5 19 3 7 18 0 12 10 2 4 17 14 8 15 
1 5 6 10 3 8 18 2 16 19 11 12 14 7 15 4 13 0 17 9 
19 4 6 8 17 7 13 10 5 11 0 14 3 12 16 15 18 9 2 1 
2 1 8 9 11 3 13 4 18 14 5 0 15 16 10 17 19 12 7 6 
3 17 19 7 13 2 1 11 12 8 15 0 16 5 14 10 9 4 6 18 
2 15 5 8 12 13 17 7 4 10 9 14 1 6 19 16 0 3 11 18 
5 0 10 7 13 15 18 1 8 17 6 16 9 12 2 11 4 14 19 3 
DURACIONES
(42, 42) (4, 4) (58, 58) (20, 20) (28, 28) (86, 86) (57, 57) (52, 52) (32, 32) (83, 83) (80, 80) (51, 51) (98, 98) (85, 85) (85, 85) (99, 99) (37, 37) (61, 61) (16, 16) (61, 61) 
(13, 13) (17, 17) (83, 83) (5, 5) (77, 77) (2, 2) (68, 68) (35, 35) (98, 98) (42, 42) (10, 10) (59, 59) (91, 91) (24, 24) (72, 72) (83, 83) (98, 98) (99, 99) (13, 13) (99, 99) 
(83, 83) (81, 81) (53, 53) (27, 27) (7, 7) (11, 11) (33, 33) (23, 23) (3, 3) (15, 15) (72, 72) (19, 19) (28, 28) (93, 93) (10, 10) (3, 3) (82, 82) (76, 76) (55, 55) (9, 9) 
(52, 52) (2, 2) (99, 99) (74, 74) (1, 1) (30, 30) (20, 20) (60, 60) (62, 62) (84, 84) (58, 58) (39, 39) (16, 16) (94, 94) (11, 11) (15, 15) (24, 24) (90, 90) (18, 18) (25, 25) 
(67, 67) (7, 7) (7, 7) (57, 57) (17, 17) (47, 47) (86, 86) (69, 69) (5, 5) (10, 10) (52, 52) (62, 62) (7, 7) (11, 11) (47, 47) (2, 2) (93, 93) (4, 4) (81, 81) (48, 48) 
(40, 40) (84, 84) (24, 24) (86, 86) (22, 22) (4, 4) (45, 45) (7, 7) (25, 25) (8, 8) (42, 42) (2, 2) (71, 71) (65, 65) (93, 93) (75, 75) (32, 32) (46, 46) (59, 59) (9, 9) 
(73, 73) (98, 98) (80, 80) (94, 94) (95, 95) (55, 55) (56, 56) (66, 66) (91, 91) (45, 45) (82, 82) (30, 30) (5, 5) (53, 53) (76, 76) (31, 31) (97, 97) (5, 5) (56, 56) (96, 96) 
(71, 71) (29, 29) (81, 81) (96, 96) (96, 96) (6, 6) (54, 54) (69, 69) (6, 6) (33, 33) (72, 72) (77, 77) (29, 29) (49, 49) (81, 81) (26, 26) (66, 66) (23, 23) (9, 9) (51, 51) 
(65, 65) (82, 82) (26, 26) (87, 87) (31, 31) (64, 64) (93, 93) (93, 93) (93, 93) (64, 64) (52, 52) (65, 65) (11, 11) (4, 4) (63, 63) (85, 85) (66, 66) (97, 97) (19, 19) (29, 29) 
(33, 33) (11, 11) (55, 55) (14, 14) (49, 49) (82, 82) (47, 47) (23, 23) (66, 66) (15, 15) (35, 35) (54, 54) (33, 33) (59, 59) (38, 38) (62, 62) (49, 49) (24, 24) (96, 96) (9, 9) 
(6, 6) (88, 88) (45, 45) (24, 24) (51, 51) (32, 32) (93, 93) (40, 40) (14, 14) (28, 28) (9, 9) (75, 75) (33, 33) (3, 3) (64, 64) (87, 87) (88, 88) (8, 8) (17, 17) (3, 3) 
(37, 37) (60, 60) (73, 73) (90, 90) (5, 5) (94, 94) (38, 38) (62, 62) (69, 69) (89, 89) (2, 2) (42, 42) (49, 49) (38, 38) (6, 6) (13, 13) (36, 36) (88, 88) (25, 25) (15, 15) 
(86, 86) (81, 81) (81, 81) (33, 33) (87, 87) (72, 72) (63, 63) (1, 1) (6, 6) (8, 8) (93, 93) (43, 43) (37, 37) (87, 87) (21, 21) (75, 75) (33, 33) (34, 34) (23, 23) (8, 8) 
(79, 79) (89, 89) (82, 82) (73, 73) (19, 19) (42, 42) (27, 27) (24, 24) (79, 79) (51, 51) (62, 62) (88, 88) (78, 78) (98, 98) (26, 26) (40, 40) (72, 72) (83, 83) (95, 95) (18, 18) 
(18, 18) (54, 54) (43, 43) (86, 86) (84, 84) (22, 22) (98, 98) (66, 66) (93, 93) (1, 1) (56, 56) (24, 24) (28, 28) (63, 63) (62, 62) (72, 72) (91, 91) (66, 66) (22, 22) (80, 80) 
(29, 29) (68, 68) (41, 41) (26, 26) (10, 10) (19, 19) (36, 36) (84, 84) (22, 22) (10, 10) (1, 1) (28, 28) (39, 39) (10, 10) (23, 23) (13, 13) (40, 40) (84, 84) (24, 24) (17, 17) 
(81, 81) (73, 73) (98, 98) (41, 41) (48, 48) (8, 8) (98, 98) (37, 37) (94, 94) (21, 21) (46, 46) (54, 54) (60, 60) (28, 28) (39, 39) (15, 15) (81, 81) (89, 89) (55, 55) (7, 7) 
(56, 56) (77, 77) (17, 17) (79, 79) (30, 30) (55, 55) (98, 98) (5, 5) (80, 80) (20, 20) (29, 29) (31, 31) (86, 86) (20, 20) (30, 30) (19, 19) (98, 98) (38, 38) (76, 76) (68, 68) 
(32, 32) (63, 63) (1, 1) (8, 8) (94, 94) (27, 27) (7, 7) (18, 18) (50, 50) (58, 58) (10, 10) (67, 67) (45, 45) (4, 4) (90, 90) (23, 23) (33, 33) (30, 30) (44, 44) (18, 18) 
(96, 96) (77, 77) (88, 88) (48, 48) (94, 94) (4, 4) (60, 60) (29, 29) (81, 81) (7, 7) (42, 42) (10, 10) (61, 61) (33, 33) (76, 76) (25, 25) (69, 69) (29, 29) (97, 97) (30, 30) 
(11, 11) (4, 4) (27, 27) (52, 52) (98, 98) (47, 47) (87, 87) (55, 55) (13, 13) (31, 31) (36, 36) (60, 60) (17, 17) (22, 22) (93, 93) (43, 43) (3, 3) (87, 87) (28, 28) (9, 9) 
(43, 43) (48, 48) (27, 27) (75, 75) (96, 96) (6, 6) (93, 93) (43, 43) (48, 48) (99, 99) (77, 77) (91, 91) (10, 10) (92, 92) (61, 61) (53, 53) (35, 35) (84, 84) (63, 63) (88, 88) 
(61, 61) (2, 2) (86, 86) (73, 73) (94, 94) (93, 93) (52, 52) (73, 73) (39, 39) (30, 30) (99, 99) (67, 67) (65, 65) (83, 83) (7, 7) (6, 6) (12, 12) (91, 91) (77, 77) (2, 2) 
(85, 85) (82, 82) (95, 95) (82, 82) (27, 27) (36, 36) (79, 79) (15, 15) (49, 49) (11, 11) (15, 15) (1, 1) (14, 14) (3, 3) (76, 76) (9, 9) (73, 73) (11, 11) (79, 79) (91, 91) 
(58, 58) (35, 35) (80, 80) (52, 52) (62, 62) (72, 72) (25, 25) (20, 20) (11, 11) (11, 11) (80, 80) (68, 68) (36, 36) (33, 33) (19, 19) (1, 1) (86, 86) (44, 44) (32, 32) (38, 38) 
(42, 42) (9, 9) (2, 2) (6, 6) (85, 85) (68, 68) (63, 63) (34, 34) (51, 51) (4, 4) (42, 42) (42, 42) (82, 82) (42, 42) (72, 72) (78, 78) (40, 40) (81, 81) (62, 62) (57, 57) 
(2, 2) (52, 52) (26, 26) (28, 28) (61, 61) (61, 61) (94, 94) (61, 61) (90, 90) (21, 21) (93, 93) (51, 51) (62, 62) (97, 97) (80, 80) (61, 61) (32, 32) (76, 76) (4, 4) (64, 64) 
(93, 93) (64, 64) (38, 38) (49, 49) (8, 8) (20, 20) (35, 35) (72, 72) (9, 9) (86, 86) (63, 63) (64, 64) (80, 80) (82, 82) (11, 11) (64, 64) (37, 37) (43, 43) (22, 22) (86, 86) 
(74, 74) (60, 60) (60, 60) (43, 43) (45, 45) (28, 28) (78, 78) (57, 57) (67, 67) (28, 28) (86, 86) (47, 47) (91, 91) (83, 83) (95, 95) (59, 59) (44, 44) (9, 9) (33, 33) (95, 95) 
(95, 95) (46, 46) (96, 96) (3, 3) (86, 86) (70, 70) (60, 60) (8, 8) (32, 32) (42, 42) (88, 88) (15, 15) (90, 90) (9, 9) (72, 72) (33, 33) (53, 53) (60, 60) (22, 22) (7, 7) 
