NUMERO DE TRABAJOS
30
NUMERO DE RECURSOS
20
SECUENCIA DE MAQUINAS
14 12 2 13 10 16 19 9 8 17 6 1 15 5 11 7 18 3 4 0 
10 11 6 19 9 16 0 1 7 5 18 2 13 12 8 17 3 15 14 4 
15 11 9 16 0 18 5 3 10 17 1 8 4 19 12 6 7 14 2 13 
6 15 16 7 13 9 18 12 10 11 5 1 19 17 14 3 8 4 0 2 
3 16 9 7 17 11 19 1 6 18 2 4 14 0 15 12 5 13 8 10 
13 17 1 8 19 6 11 14 12 2 5 0 18 3 10 15 7 16 4 9 
12 0 9 11 13 15 14 5 7 4 3 8 2 6 10 19 1 16 17 18 
12 17 19 9 6 18 3 4 8 13 11 16 0 2 14 5 1 10 7 15 
6 19 14 4 16 2 5 8 7 17 10 12 11 13 15 9 3 1 0 18 
13 19 18 5 8 17 4 12 9 1 2 15 3 11 10 7 14 16 0 6 
13 7 4 2 8 1 19 6 9 11 17 12 5 10 18 15 16 0 3 14 
14 3 18 12 4 1 11 0 19 10 17 7 13 8 16 6 15 9 5 2 
18 2 8 4 19 5 0 9 12 7 14 1 17 15 13 3 16 6 11 10 
10 11 17 0 13 14 1 5 4 16 7 18 6 15 19 9 3 8 2 12 
13 1 11 0 14 10 7 17 15 3 8 12 6 5 2 9 16 18 4 19 
17 15 3 8 12 6 19 0 11 13 16 9 1 10 7 2 5 18 4 14 
2 9 19 13 7 12 17 5 14 0 18 15 16 8 4 3 10 1 11 6 
10 5 12 11 19 18 9 14 16 13 4 6 15 0 1 2 17 8 3 7 
9 0 17 12 13 8 4 1 7 19 16 14 3 10 6 15 2 5 11 18 
0 12 9 5 3 16 11 4 13 2 18 6 17 14 19 7 8 1 10 15 
12 18 16 0 9 1 7 5 8 14 10 15 11 2 4 13 17 6 3 19 
9 2 15 12 7 18 11 16 10 14 5 6 17 1 13 4 19 8 0 3 
3 18 17 5 10 19 11 13 14 15 9 16 2 12 1 8 0 6 7 4 
19 6 10 17 3 15 9 11 0 8 5 16 7 1 12 13 18 14 2 4 
4 17 11 0 8 13 16 14 10 19 3 18 6 5 9 2 7 12 1 15 
6 8 12 3 13 19 18 1 15 14 5 9 7 16 10 0 17 4 2 11 
17 16 11 12 15 3 0 5 19 7 10 13 1 18 9 14 8 4 2 6 
18 3 7 12 15 13 10 11 6 17 9 16 1 0 19 8 4 5 14 2 
8 17 15 16 6 1 4 19 9 13 0 2 18 14 5 7 10 11 12 3 
2 6 4 9 11 5 7 12 19 8 13 16 10 18 17 1 3 14 0 15 
DURACIONES
(27, 27) (71, 71) (55, 55) (69, 69) (84, 84) (7, 7) (39, 39) (66, 66) (64, 64) (41, 41) (3, 3) (34, 34) (28, 28) (98, 98) (3, 3) (3, 3) (2, 2) (55, 55) (57, 57) (21, 21) 
(87, 87) (64, 64) (60, 60) (41, 41) (84, 84) (41, 41) (75, 75) (6, 6) (41, 41) (1, 1) (30, 30) (85, 85) (47, 47) (38, 38) (89, 89) (50, 50) (17, 17) (52, 52) (93, 93) (55, 55) 
(96, 96) (59, 59) (26, 26) (82, 82) (31, 31) (48, 48) (30, 30) (55, 55) (48, 48) (72, 72) (45, 45) (80, 80) (69, 69) (96, 96) (65, 65) (36, 36) (78, 78) (64, 64) (19, 19) (6, 6) 
(43, 43) (8, 8) (3, 3) (97, 97) (96, 96) (14, 14) (62, 62) (61, 61) (69, 69) (38, 38) (39, 39) (4, 4) (57, 57) (29, 29) (88, 88) (72, 72) (1, 1) (96, 96) (34, 34) (96, 96) 
(4, 4) (30, 30) (90, 90) (42, 42) (48, 48) (47, 47) (66, 66) (61, 61) (55, 55) (21, 21) (59, 59) (78, 78) (29, 29) (75, 75) (69, 69) (17, 17) (43, 43) (10, 10) (94, 94) (85, 85) 
(96, 96) (18, 18) (50, 50) (92, 92) (43, 43) (91, 91) (11, 11) (25, 25) (35, 35) (82, 82) (78, 78) (26, 26) (30, 30) (52, 52) (42, 42) (18, 18) (59, 59) (38, 38) (39, 39) (91, 91) 
(3, 3) (91, 91) (69, 69) (38, 38) (67, 67) (73, 73) (60, 60) (68, 68) (90, 90) (49, 49) (73, 73) (96, 96) (26, 26) (60, 60) (16, 16) (61, 61) (30, 30) (52, 52) (3, 3) (56, 56) 
(2, 2) (27, 27) (48, 48) (6, 6) (72, 72) (46, 46) (87, 87) (35, 35) (23, 23) (95, 95) (58, 58) (59, 59) (45, 45) (35, 35) (17, 17) (42, 42) (51, 51) (25, 25) (37, 37) (57, 57) 
(13, 13) (60, 60) (80, 80) (97, 97) (32, 32) (6, 6) (1, 1) (84, 84) (4, 4) (15, 15) (81, 81) (98, 98) (75, 75) (76, 76) (69, 69) (36, 36) (89, 89) (22, 22) (26, 26) (65, 65) 
(13, 13) (39, 39) (93, 93) (89, 89) (61, 61) (89, 89) (33, 33) (17, 17) (74, 74) (64, 64) (58, 58) (31, 31) (40, 40) (35, 35) (11, 11) (75, 75) (69, 69) (18, 18) (31, 31) (4, 4) 
(47, 47) (88, 88) (63, 63) (48, 48) (10, 10) (31, 31) (93, 93) (82, 82) (58, 58) (87, 87) (18, 18) (78, 78) (91, 91) (58, 58) (16, 16) (31, 31) (91, 91) (87, 87) (73, 73) (73, 73) 
(53, 53) (20, 20) (20, 20) (72, 72) (10, 10) (69, 69) (3, 3) (48, 48) (6, 6) (32, 32) (71, 71) (56, 56) (41, 41) (6, 6) (34, 34) (60, 60) (52, 52) (40, 40) (60, 60) (36, 36) 
(87, 87) (73, 73) (3, 3) (43, 43) (66, 66) (44, 44) (70, 70) (84, 84) (35, 35) (87, 87) (15, 15) (80, 80) (97, 97) (73, 73) (14, 14) (25, 25) (35, 35) (73, 73) (88, 88) (53, 53) 
(46, 46) (9, 9) (44, 44) (18, 18) (65, 65) (88, 88) (31, 31) (41, 41) (34, 34) (57, 57) (1, 1) (89, 89) (63, 63) (94, 94) (33, 33) (81, 81) (66, 66) (44, 44) (23, 23) (68, 68) 
(75, 75) (32, 32) (7, 7) (88, 88) (26, 26) (63, 63) (1, 1) (68, 68) (85, 85) (14, 14) (14, 14) (7, 7) (45, 45) (37, 37) (12, 12) (89, 89) (59, 59) (89, 89) (57, 57) (26, 26) 
(23, 23) (99, 99) (71, 71) (16, 16) (46, 46) (46, 46) (59, 59) (9, 9) (91, 91) (53, 53) (29, 29) (93, 93) (21, 21) (10, 10) (63, 63) (60, 60) (23, 23) (96, 96) (2, 2) (85, 85) 
(67, 67) (90, 90) (10, 10) (96, 96) (58, 58) (36, 36) (93, 93) (90, 90) (74, 74) (19, 19) (9, 9) (89, 89) (77, 77) (23, 23) (95, 95) (54, 54) (79, 79) (29, 29) (42, 42) (55, 55) 
(78, 78) (30, 30) (8, 8) (26, 26) (17, 17) (32, 32) (19, 19) (17, 17) (81, 81) (83, 83) (40, 40) (4, 4) (19, 19) (40, 40) (94, 94) (33, 33) (15, 15) (9, 9) (62, 62) (35, 35) 
(76, 76) (1, 1) (89, 89) (12, 12) (67, 67) (92, 92) (30, 30) (84, 84) (47, 47) (95, 95) (48, 48) (93, 93) (50, 50) (69, 69) (3, 3) (48, 48) (29, 29) (87, 87) (19, 19) (53, 53) 
(10, 10) (32, 32) (85, 85) (24, 24) (65, 65) (34, 34) (39, 39) (56, 56) (83, 83) (18, 18) (19, 19) (58, 58) (47, 47) (34, 34) (64, 64) (92, 92) (90, 90) (71, 71) (1, 1) (52, 52) 
(22, 22) (33, 33) (45, 45) (37, 37) (79, 79) (98, 98) (64, 64) (28, 28) (88, 88) (7, 7) (54, 54) (74, 74) (44, 44) (40, 40) (72, 72) (44, 44) (68, 68) (53, 53) (88, 88) (15, 15) 
(77, 77) (98, 98) (7, 7) (73, 73) (46, 46) (74, 74) (97, 97) (83, 83) (48, 48) (36, 36) (43, 43) (93, 93) (11, 11) (77, 77) (43, 43) (20, 20) (72, 72) (68, 68) (69, 69) (36, 36) 
(41, 41) (60, 60) (30, 30) (73, 73) (64, 64) (21, 21) (12, 12) (67, 67) (56, 56) (54, 54) (91, 91) (12, 12) (41, 41) (48, 48) (73, 73) (89, 89) (3, 3) (69, 69) (97, 97) (79, 79) 
(49, 49) (21, 21) (11, 11) (63, 63) (39, 39) (29, 29) (23, 23) (6, 6) (76, 76) (66, 66) (47, 47) (25, 25) (83, 83) (7, 7) (34, 34) (54, 54) (42, 42) (20, 20) (35, 35) (81, 81) 
(79, 79) (83, 83) (32, 32) (36, 36) (69, 69) (55, 55) (20, 20) (59, 59) (74, 74) (89, 89) (6, 6) (15, 15) (72, 72) (28, 28) (95, 95) (19, 19) (19, 19) (38, 38) (34, 34) (76, 76) 
(91, 91) (3, 3) (19, 19) (82, 82) (75, 75) (13, 13) (39, 39) (14, 14) (96, 96) (61, 61) (80, 80) (96, 96) (29, 29) (6, 6) (52, 52) (67, 67) (23, 23) (38, 38) (89, 89) (69, 69) 
(15, 15) (52, 52) (38, 38) (61, 61) (85, 85) (3, 3) (23, 23) (41, 41) (52, 52) (89, 89) (89, 89) (28, 28) (75, 75) (13, 13) (17, 17) (80, 80) (92, 92) (37, 37) (88, 88) (71, 71) 
(71, 71) (74, 74) (53, 53) (76, 76) (55, 55) (66, 66) (12, 12) (15, 15) (66, 66) (9, 9) (71, 71) (40, 40) (89, 89) (30, 30) (58, 58) (72, 72) (13, 13) (15, 15) (72, 72) (65, 65) 
(89, 89) (38, 38) (37, 37) (47, 47) (6, 6) (99, 99) (82, 82) (8, 8) (29, 29) (10, 10) (45, 45) (76, 76) (19, 19) (94, 94) (46, 46) (15, 15) (2, 2) (49, 49) (46, 46) (96, 96) 
(14, 14) (3, 3) (4, 4) (4, 4) (54, 54) (7, 7) (90, 90) (67, 67) (14, 14) (47, 47) (81, 81) (51, 51) (32, 32) (20, 20) (47, 47) (49, 49) (59, 59) (74, 74) (48, 48) (55, 55) 
