NUMERO DE TRABAJOS
30
NUMERO DE RECURSOS
15
SECUENCIA DE MAQUINAS
6 10 14 11 1 12 5 2 4 8 9 3 7 0 13 
9 14 1 7 5 11 4 10 12 2 0 8 3 6 13 
1 9 8 3 2 13 12 4 10 0 6 11 5 14 7 
4 14 5 1 0 6 8 7 10 13 2 12 11 3 9 
14 0 2 4 9 10 12 6 3 5 13 11 1 7 8 
1 4 14 0 5 10 11 7 8 2 13 3 9 6 12 
3 14 7 11 12 9 6 5 2 10 13 1 4 8 0 
3 9 0 11 13 1 12 5 8 14 7 6 4 2 10 
4 6 8 12 9 11 7 14 13 1 10 5 2 3 0 
9 7 1 4 0 2 13 5 6 10 14 8 11 3 12 
13 12 11 3 9 1 6 10 8 5 7 2 4 14 0 
1 8 14 13 0 10 7 2 9 6 4 5 11 3 12 
9 11 8 4 5 10 1 2 3 13 0 14 7 6 12 
13 12 1 10 14 4 8 5 6 3 7 11 2 9 0 
5 10 11 13 8 9 12 0 4 1 3 2 14 7 6 
11 10 12 3 4 6 14 1 5 2 0 8 7 13 9 
0 5 10 8 11 9 2 3 6 7 4 13 12 14 1 
2 14 13 4 3 5 0 6 10 8 7 12 9 11 1 
8 7 5 12 11 10 4 3 9 6 14 13 1 2 0 
8 3 5 0 9 7 4 2 14 11 12 13 6 1 10 
12 0 1 7 3 4 13 9 6 8 14 5 2 10 11 
5 0 10 14 7 4 8 12 1 11 3 13 6 2 9 
13 3 5 8 7 9 11 2 14 12 6 0 1 4 10 
14 12 7 5 6 4 8 11 3 2 0 10 13 1 9 
2 10 7 5 14 9 0 3 6 11 13 12 4 1 8 
12 6 3 0 4 10 8 14 9 5 13 7 1 11 2 
13 2 9 12 4 11 7 6 0 3 8 10 5 14 1 
7 1 14 6 13 0 4 2 8 10 12 5 9 3 11 
0 1 4 3 10 6 14 9 13 11 5 7 12 8 2 
4 11 8 3 1 5 0 9 12 10 7 13 2 6 14 
DURACIONES
(8, 8) (15, 15) (28, 28) (11, 11) (83, 83) (17, 17) (65, 65) (16, 16) (98, 98) (29, 29) (56, 56) (18, 18) (25, 25) (3, 3) (82, 82) 
(49, 49) (46, 46) (73, 73) (59, 59) (56, 56) (6, 6) (54, 54) (64, 64) (92, 92) (34, 34) (62, 62) (16, 16) (99, 99) (40, 40) (89, 89) 
(30, 30) (55, 55) (72, 72) (14, 14) (46, 46) (95, 95) (65, 65) (78, 78) (88, 88) (22, 22) (15, 15) (26, 26) (92, 92) (59, 59) (58, 58) 
(7, 7) (63, 63) (97, 97) (55, 55) (93, 93) (18, 18) (1, 1) (24, 24) (58, 58) (17, 17) (55, 55) (36, 36) (60, 60) (47, 47) (34, 34) 
(83, 83) (31, 31) (63, 63) (3, 3) (56, 56) (49, 49) (62, 62) (44, 44) (16, 16) (16, 16) (11, 11) (78, 78) (12, 12) (54, 54) (73, 73) 
(68, 68) (27, 27) (26, 26) (85, 85) (97, 97) (86, 86) (36, 36) (40, 40) (73, 73) (50, 50) (5, 5) (71, 71) (62, 62) (55, 55) (94, 94) 
(31, 31) (64, 64) (92, 92) (64, 64) (41, 41) (22, 22) (51, 51) (75, 75) (71, 71) (22, 22) (93, 93) (79, 79) (1, 1) (31, 31) (8, 8) 
(45, 45) (44, 44) (14, 14) (7, 7) (94, 94) (65, 65) (77, 77) (47, 47) (53, 53) (13, 13) (91, 91) (29, 29) (79, 79) (4, 4) (89, 89) 
(80, 80) (37, 37) (68, 68) (12, 12) (93, 93) (22, 22) (4, 4) (98, 98) (54, 54) (48, 48) (30, 30) (3, 3) (35, 35) (14, 14) (97, 97) 
(26, 26) (33, 33) (2, 2) (78, 78) (75, 75) (36, 36) (78, 78) (94, 94) (52, 52) (62, 62) (26, 26) (12, 12) (21, 21) (67, 67) (61, 61) 
(14, 14) (27, 27) (14, 14) (52, 52) (96, 96) (39, 39) (9, 9) (99, 99) (12, 12) (81, 81) (91, 91) (73, 73) (77, 77) (14, 14) (34, 34) 
(21, 21) (19, 19) (35, 35) (17, 17) (77, 77) (30, 30) (87, 87) (51, 51) (46, 46) (19, 19) (29, 29) (41, 41) (89, 89) (7, 7) (90, 90) 
(28, 28) (16, 16) (96, 96) (89, 89) (85, 85) (93, 93) (50, 50) (13, 13) (72, 72) (2, 2) (83, 83) (13, 13) (85, 85) (78, 78) (13, 13) 
(13, 13) (2, 2) (39, 39) (12, 12) (71, 71) (17, 17) (43, 43) (40, 40) (30, 30) (8, 8) (18, 18) (33, 33) (76, 76) (87, 87) (97, 97) 
(11, 11) (37, 37) (72, 72) (76, 76) (58, 58) (58, 58) (97, 97) (99, 99) (2, 2) (88, 88) (97, 97) (16, 16) (61, 61) (8, 8) (87, 87) 
(86, 86) (46, 46) (91, 91) (47, 47) (43, 43) (84, 84) (88, 88) (82, 82) (34, 34) (74, 74) (91, 91) (61, 61) (18, 18) (2, 2) (33, 33) 
(43, 43) (36, 36) (16, 16) (58, 58) (74, 74) (62, 62) (72, 72) (1, 1) (92, 92) (80, 80) (64, 64) (34, 34) (34, 34) (28, 28) (40, 40) 
(33, 33) (59, 59) (41, 41) (37, 37) (43, 43) (74, 74) (64, 64) (33, 33) (80, 80) (46, 46) (37, 37) (71, 71) (97, 97) (17, 17) (31, 31) 
(78, 78) (59, 59) (89, 89) (38, 38) (92, 92) (29, 29) (39, 39) (34, 34) (38, 38) (22, 22) (76, 76) (3, 3) (17, 17) (18, 18) (17, 17) 
(60, 60) (48, 48) (22, 22) (89, 89) (37, 37) (75, 75) (97, 97) (29, 29) (72, 72) (82, 82) (86, 86) (27, 27) (43, 43) (55, 55) (89, 89) 
(49, 49) (73, 73) (37, 37) (87, 87) (19, 19) (45, 45) (26, 26) (76, 76) (23, 23) (42, 42) (81, 81) (26, 26) (64, 64) (55, 55) (6, 6) 
(6, 6) (58, 58) (96, 96) (92, 92) (10, 10) (80, 80) (40, 40) (75, 75) (90, 90) (47, 47) (36, 36) (54, 54) (99, 99) (37, 37) (10, 10) 
(21, 21) (96, 96) (26, 26) (56, 56) (10, 10) (68, 68) (90, 90) (40, 40) (59, 59) (95, 95) (69, 69) (74, 74) (47, 47) (83, 83) (26, 26) 
(93, 93) (88, 88) (12, 12) (52, 52) (43, 43) (46, 46) (90, 90) (2, 2) (35, 35) (77, 77) (87, 87) (78, 78) (74, 74) (32, 32) (8, 8) 
(77, 77) (89, 89) (14, 14) (96, 96) (21, 21) (42, 42) (84, 84) (55, 55) (84, 84) (21, 21) (71, 71) (83, 83) (77, 77) (75, 75) (93, 93) 
(18, 18) (24, 24) (22, 22) (73, 73) (61, 61) (48, 48) (39, 39) (9, 9) (89, 89) (94, 94) (88, 88) (96, 96) (59, 59) (41, 41) (75, 75) 
(60, 60) (41, 41) (3, 3) (22, 22) (63, 63) (29, 29) (68, 68) (35, 35) (4, 4) (25, 25) (56, 56) (52, 52) (64, 64) (4, 4) (28, 28) 
(65, 65) (5, 5) (82, 82) (48, 48) (42, 42) (47, 47) (49, 49) (97, 97) (56, 56) (55, 55) (36, 36) (11, 11) (94, 94) (67, 67) (94, 94) 
(6, 6) (28, 28) (38, 38) (23, 23) (15, 15) (43, 43) (49, 49) (95, 95) (17, 17) (36, 36) (23, 23) (6, 6) (17, 17) (22, 22) (22, 22) 
(12, 12) (75, 75) (14, 14) (61, 61) (93, 93) (99, 99) (32, 32) (1, 1) (76, 76) (74, 74) (91, 91) (88, 88) (68, 68) (98, 98) (20, 20) 
