NUMERO DE TRABAJOS
30
NUMERO DE RECURSOS
15
SECUENCIA DE MAQUINAS
4 8 12 6 7 14 0 3 1 11 13 9 2 5 10 
7 14 5 8 13 12 11 0 4 3 6 10 9 1 2 
10 2 3 11 12 4 5 0 8 1 6 7 14 9 13 
2 10 11 5 3 7 1 6 4 9 8 0 14 12 13 
7 12 11 9 1 13 14 4 5 10 6 3 8 2 0 
1 7 5 10 2 11 4 13 3 14 12 0 8 6 9 
5 9 10 14 12 11 0 4 2 8 1 13 6 7 3 
1 14 10 11 13 3 5 9 0 2 12 7 4 8 6 
1 5 10 9 0 8 4 14 13 12 11 7 2 6 3 
5 4 6 1 10 7 9 8 11 13 14 12 3 0 2 
6 12 7 2 11 10 1 5 14 0 8 9 4 13 3 
12 8 5 6 4 10 14 2 3 1 9 7 0 11 13 
5 1 4 8 10 2 11 0 3 7 13 12 6 9 14 
6 5 4 7 11 12 3 0 9 1 14 13 10 2 8 
7 3 1 11 4 5 9 2 6 14 10 0 13 12 8 
12 9 11 4 6 14 1 5 10 2 7 0 8 13 3 
14 9 2 3 13 7 6 5 0 4 12 8 11 10 1 
3 13 9 1 5 8 6 11 14 12 7 2 4 0 10 
5 9 6 2 14 7 11 1 8 13 3 10 4 0 12 
9 10 3 4 12 2 8 5 13 0 7 14 6 11 1 
12 13 2 10 7 5 4 9 0 3 1 8 11 6 14 
3 11 12 14 6 7 4 10 13 1 0 5 9 2 8 
7 12 0 10 1 6 2 11 5 4 8 14 9 13 3 
9 4 12 0 1 5 3 8 6 13 7 11 14 10 2 
9 8 13 1 5 2 3 14 12 7 6 0 11 4 10 
10 9 14 13 3 0 11 6 12 7 5 2 4 8 1 
11 6 9 5 8 0 14 7 2 3 1 10 13 12 4 
1 3 2 9 5 7 8 4 0 11 6 13 10 14 12 
7 2 3 4 13 5 1 12 10 6 14 8 11 0 9 
4 3 11 13 12 2 0 9 14 1 5 8 7 6 10 
DURACIONES
(62, 62) (41, 41) (51, 51) (2, 2) (93, 93) (93, 93) (92, 92) (68, 68) (71, 71) (15, 15) (89, 89) (38, 38) (65, 65) (42, 42) (83, 83) 
(77, 77) (49, 49) (66, 66) (19, 19) (2, 2) (8, 8) (15, 15) (73, 73) (82, 82) (84, 84) (63, 63) (83, 83) (12, 12) (84, 84) (62, 62) 
(3, 3) (25, 25) (44, 44) (59, 59) (49, 49) (61, 61) (71, 71) (58, 58) (45, 45) (24, 24) (11, 11) (97, 97) (17, 17) (39, 39) (80, 80) 
(92, 92) (85, 85) (3, 3) (28, 28) (45, 45) (59, 59) (99, 99) (82, 82) (71, 71) (24, 24) (88, 88) (38, 38) (14, 14) (93, 93) (18, 18) 
(57, 57) (82, 82) (48, 48) (53, 53) (24, 24) (14, 14) (49, 49) (88, 88) (75, 75) (76, 76) (30, 30) (16, 16) (46, 46) (91, 91) (27, 27) 
(27, 27) (99, 99) (52, 52) (85, 85) (69, 69) (19, 19) (16, 16) (44, 44) (76, 76) (47, 47) (39, 39) (70, 70) (6, 6) (28, 28) (82, 82) 
(99, 99) (5, 5) (33, 33) (37, 37) (95, 95) (56, 56) (14, 14) (84, 84) (9, 9) (46, 46) (46, 46) (85, 85) (84, 84) (49, 49) (32, 32) 
(30, 30) (68, 68) (17, 17) (8, 8) (87, 87) (95, 95) (60, 60) (6, 6) (99, 99) (17, 17) (21, 21) (55, 55) (48, 48) (5, 5) (73, 73) 
(95, 95) (99, 99) (92, 92) (75, 75) (15, 15) (95, 95) (15, 15) (81, 81) (86, 86) (9, 9) (34, 34) (32, 32) (89, 89) (45, 45) (90, 90) 
(96, 96) (61, 61) (76, 76) (70, 70) (75, 75) (75, 75) (44, 44) (73, 73) (67, 67) (11, 11) (93, 93) (35, 35) (89, 89) (89, 89) (15, 15) 
(44, 44) (91, 91) (53, 53) (11, 11) (80, 80) (95, 95) (9, 9) (48, 48) (86, 86) (86, 86) (49, 49) (99, 99) (59, 59) (62, 62) (36, 36) 
(67, 67) (9, 9) (97, 97) (62, 62) (92, 92) (95, 95) (55, 55) (25, 25) (83, 83) (93, 93) (23, 23) (24, 24) (40, 40) (14, 14) (35, 35) 
(31, 31) (66, 66) (90, 90) (58, 58) (52, 52) (31, 31) (26, 26) (45, 45) (14, 14) (92, 92) (84, 84) (74, 74) (78, 78) (21, 21) (56, 56) 
(33, 33) (27, 27) (82, 82) (43, 43) (83, 83) (25, 25) (99, 99) (88, 88) (68, 68) (86, 86) (25, 25) (2, 2) (95, 95) (91, 91) (63, 63) 
(68, 68) (71, 71) (62, 62) (85, 85) (70, 70) (13, 13) (81, 81) (15, 15) (60, 60) (11, 11) (11, 11) (93, 93) (91, 91) (1, 1) (90, 90) 
(38, 38) (99, 99) (28, 28) (25, 25) (91, 91) (29, 29) (11, 11) (81, 81) (35, 35) (72, 72) (60, 60) (86, 86) (65, 65) (48, 48) (34, 34) 
(48, 48) (21, 21) (19, 19) (95, 95) (15, 15) (15, 15) (52, 52) (42, 42) (59, 59) (76, 76) (85, 85) (25, 25) (87, 87) (75, 75) (6, 6) 
(90, 90) (68, 68) (68, 68) (49, 49) (60, 60) (54, 54) (75, 75) (86, 86) (36, 36) (82, 82) (4, 4) (28, 28) (18, 18) (88, 88) (54, 54) 
(76, 76) (22, 22) (43, 43) (68, 68) (63, 63) (87, 87) (62, 62) (5, 5) (9, 9) (70, 70) (77, 77) (41, 41) (8, 8) (90, 90) (38, 38) 
(41, 41) (86, 86) (69, 69) (73, 73) (49, 49) (93, 93) (76, 76) (49, 49) (40, 40) (89, 89) (47, 47) (23, 23) (58, 58) (13, 13) (70, 70) 
(60, 60) (48, 48) (34, 34) (5, 5) (45, 45) (52, 52) (71, 71) (12, 12) (58, 58) (19, 19) (35, 35) (66, 66) (57, 57) (9, 9) (46, 46) 
(13, 13) (58, 58) (59, 59) (75, 75) (81, 81) (69, 69) (94, 94) (36, 36) (41, 41) (79, 79) (53, 53) (91, 91) (94, 94) (18, 18) (95, 95) 
(60, 60) (17, 17) (35, 35) (2, 2) (1, 1) (36, 36) (45, 45) (7, 7) (64, 64) (32, 32) (3, 3) (89, 89) (93, 93) (31, 31) (91, 91) 
(77, 77) (33, 33) (81, 81) (33, 33) (94, 94) (8, 8) (44, 44) (43, 43) (32, 32) (69, 69) (95, 95) (30, 30) (55, 55) (64, 64) (71, 71) 
(16, 16) (43, 43) (13, 13) (99, 99) (69, 69) (44, 44) (18, 18) (3, 3) (7, 7) (58, 58) (40, 40) (89, 89) (45, 45) (55, 55) (54, 54) 
(26, 26) (17, 17) (1, 1) (94, 94) (85, 85) (48, 48) (25, 25) (20, 20) (32, 32) (43, 43) (30, 30) (40, 40) (73, 73) (78, 78) (35, 35) 
(2, 2) (90, 90) (13, 13) (83, 83) (29, 29) (44, 44) (19, 19) (8, 8) (8, 8) (63, 63) (34, 34) (53, 53) (61, 61) (97, 97) (64, 64) 
(90, 90) (90, 90) (54, 54) (67, 67) (42, 42) (10, 10) (79, 79) (14, 14) (33, 33) (25, 25) (51, 51) (79, 79) (63, 63) (97, 97) (48, 48) 
(34, 34) (77, 77) (47, 47) (21, 21) (91, 91) (88, 88) (66, 66) (68, 68) (96, 96) (55, 55) (23, 23) (53, 53) (40, 40) (36, 36) (86, 86) 
(62, 62) (43, 43) (96, 96) (11, 11) (90, 90) (50, 50) (12, 12) (28, 28) (6, 6) (37, 37) (45, 45) (98, 98) (28, 28) (35, 35) (92, 92) 
