NUMERO DE TRABAJOS
30
NUMERO DE RECURSOS
15
SECUENCIA DE MAQUINAS
12 1 5 0 6 3 8 2 10 14 4 11 9 13 7 
14 12 3 6 11 0 13 1 2 7 9 5 4 10 8 
1 2 10 5 8 11 7 6 0 13 3 12 9 4 14 
14 10 2 4 1 12 3 7 9 5 13 0 11 8 6 
13 3 9 7 14 8 2 6 1 11 10 4 0 5 12 
5 0 12 8 10 13 9 3 11 4 1 6 2 14 7 
9 0 10 5 3 4 13 6 12 14 1 11 7 2 8 
2 0 11 10 9 4 3 7 6 13 12 14 1 8 5 
5 1 9 6 7 13 10 3 11 4 14 12 0 8 2 
11 4 1 7 3 9 8 5 12 14 6 10 0 13 2 
8 6 3 4 11 2 12 0 7 1 5 14 9 13 10 
6 14 11 10 9 4 5 13 8 12 3 7 0 2 1 
4 6 10 3 11 13 1 7 12 0 9 14 2 8 5 
0 13 3 4 1 7 14 5 2 11 9 6 12 8 10 
2 8 10 6 11 0 12 9 1 13 4 5 14 7 3 
1 6 3 13 4 2 7 9 12 11 10 8 0 14 5 
14 0 12 13 8 1 6 7 10 4 9 3 2 5 11 
8 2 3 1 14 6 5 12 13 10 9 11 7 4 0 
8 5 3 10 1 2 4 12 0 9 14 13 7 6 11 
8 7 1 2 10 5 14 9 0 4 12 13 6 11 3 
0 9 11 14 6 8 10 2 5 7 13 12 4 1 3 
11 14 10 5 7 0 13 1 3 6 4 12 9 8 2 
12 11 6 14 0 9 4 1 8 5 3 10 7 13 2 
3 0 13 4 14 10 1 12 9 11 8 5 7 2 6 
5 9 1 11 4 2 13 3 10 6 14 0 7 12 8 
10 9 7 2 3 5 0 13 4 1 11 6 14 8 12 
3 1 10 9 11 5 12 2 0 8 6 14 13 7 4 
3 4 1 9 6 5 14 13 11 0 8 10 2 12 7 
11 1 4 2 5 13 10 9 7 6 8 14 3 12 0 
2 10 14 4 1 0 6 8 13 7 3 12 11 5 9 
DURACIONES
(65, 65) (78, 78) (66, 66) (51, 51) (23, 23) (82, 82) (25, 25) (48, 48) (31, 31) (58, 58) (84, 84) (89, 89) (57, 57) (74, 74) (29, 29) 
(64, 64) (50, 50) (94, 94) (46, 46) (75, 75) (91, 91) (93, 93) (34, 34) (88, 88) (46, 46) (31, 31) (61, 61) (70, 70) (77, 77) (63, 63) 
(33, 33) (13, 13) (55, 55) (59, 59) (11, 11) (92, 92) (26, 26) (87, 87) (89, 89) (31, 31) (60, 60) (92, 92) (76, 76) (88, 88) (82, 82) 
(56, 56) (90, 90) (70, 70) (13, 13) (34, 34) (7, 7) (24, 24) (16, 16) (19, 19) (98, 98) (65, 65) (50, 50) (21, 21) (17, 17) (41, 41) 
(44, 44) (40, 40) (99, 99) (39, 39) (34, 34) (13, 13) (13, 13) (77, 77) (51, 51) (15, 15) (46, 46) (25, 25) (5, 5) (45, 45) (93, 93) 
(78, 78) (14, 14) (59, 59) (18, 18) (70, 70) (7, 7) (45, 45) (71, 71) (66, 66) (69, 69) (30, 30) (76, 76) (7, 7) (87, 87) (95, 95) 
(42, 42) (85, 85) (71, 71) (84, 84) (3, 3) (87, 87) (44, 44) (13, 13) (55, 55) (71, 71) (30, 30) (5, 5) (94, 94) (63, 63) (2, 2) 
(77, 77) (13, 13) (22, 22) (96, 96) (82, 82) (21, 21) (33, 33) (11, 11) (70, 70) (83, 83) (14, 14) (8, 8) (3, 3) (15, 15) (56, 56) 
(37, 37) (14, 14) (86, 86) (72, 72) (54, 54) (30, 30) (79, 79) (26, 26) (24, 24) (54, 54) (41, 41) (47, 47) (14, 14) (32, 32) (14, 14) 
(2, 2) (45, 45) (88, 88) (53, 53) (69, 69) (3, 3) (3, 3) (52, 52) (8, 8) (66, 66) (67, 67) (3, 3) (17, 17) (85, 85) (37, 37) 
(3, 3) (65, 65) (10, 10) (39, 39) (16, 16) (9, 9) (12, 12) (27, 27) (20, 20) (58, 58) (23, 23) (90, 90) (57, 57) (14, 14) (87, 87) 
(62, 62) (39, 39) (86, 86) (94, 94) (78, 78) (50, 50) (65, 65) (90, 90) (77, 77) (26, 26) (42, 42) (66, 66) (19, 19) (30, 30) (14, 14) 
(41, 41) (39, 39) (99, 99) (87, 87) (20, 20) (4, 4) (94, 94) (66, 66) (24, 24) (4, 4) (25, 25) (17, 17) (64, 64) (99, 99) (31, 31) 
(31, 31) (88, 88) (50, 50) (59, 59) (78, 78) (62, 62) (12, 12) (44, 44) (24, 24) (28, 28) (65, 65) (21, 21) (98, 98) (58, 58) (8, 8) 
(64, 64) (73, 73) (13, 13) (28, 28) (26, 26) (74, 74) (91, 91) (23, 23) (25, 25) (11, 11) (54, 54) (84, 84) (83, 83) (95, 95) (29, 29) 
(31, 31) (35, 35) (35, 35) (82, 82) (4, 4) (4, 4) (28, 28) (65, 65) (12, 12) (12, 12) (83, 83) (82, 82) (89, 89) (14, 14) (34, 34) 
(98, 98) (82, 82) (82, 82) (91, 91) (89, 89) (72, 72) (55, 55) (85, 85) (61, 61) (31, 31) (76, 76) (52, 52) (56, 56) (23, 23) (63, 63) 
(53, 53) (57, 57) (52, 52) (84, 84) (45, 45) (30, 30) (23, 23) (44, 44) (13, 13) (23, 23) (65, 65) (88, 88) (36, 36) (14, 14) (10, 10) 
(23, 23) (23, 23) (98, 98) (87, 87) (75, 75) (87, 87) (82, 82) (42, 42) (63, 63) (85, 85) (61, 61) (14, 14) (92, 92) (32, 32) (63, 63) 
(29, 29) (59, 59) (21, 21) (36, 36) (96, 96) (30, 30) (90, 90) (90, 90) (97, 97) (94, 94) (72, 72) (46, 46) (15, 15) (21, 21) (45, 45) 
(57, 57) (16, 16) (93, 93) (77, 77) (29, 29) (77, 77) (53, 53) (1, 1) (1, 1) (66, 66) (80, 80) (3, 3) (86, 86) (11, 11) (31, 31) 
(16, 16) (91, 91) (45, 45) (22, 22) (81, 81) (51, 51) (78, 78) (74, 74) (59, 59) (47, 47) (66, 66) (10, 10) (92, 92) (25, 25) (31, 31) 
(51, 51) (45, 45) (7, 7) (44, 44) (41, 41) (62, 62) (40, 40) (43, 43) (59, 59) (75, 75) (65, 65) (74, 74) (37, 37) (56, 56) (70, 70) 
(58, 58) (91, 91) (40, 40) (14, 14) (27, 27) (43, 43) (52, 52) (8, 8) (50, 50) (57, 57) (82, 82) (37, 37) (62, 62) (35, 35) (66, 66) 
(29, 29) (32, 32) (88, 88) (33, 33) (93, 93) (6, 6) (36, 36) (96, 96) (44, 44) (39, 39) (21, 21) (3, 3) (85, 85) (68, 68) (10, 10) 
(56, 56) (58, 58) (69, 69) (96, 96) (15, 15) (64, 64) (66, 66) (4, 4) (29, 29) (76, 76) (5, 5) (80, 80) (37, 37) (12, 12) (82, 82) 
(71, 71) (30, 30) (85, 85) (70, 70) (6, 6) (37, 37) (24, 24) (8, 8) (72, 72) (62, 62) (13, 13) (86, 86) (11, 11) (86, 86) (15, 15) 
(62, 62) (1, 1) (4, 4) (71, 71) (72, 72) (5, 5) (26, 26) (71, 71) (12, 12) (58, 58) (70, 70) (10, 10) (62, 62) (7, 7) (14, 14) 
(73, 73) (46, 46) (17, 17) (35, 35) (17, 17) (5, 5) (73, 73) (2, 2) (73, 73) (46, 46) (5, 5) (79, 79) (66, 66) (70, 70) (9, 9) 
(81, 81) (15, 15) (46, 46) (80, 80) (99, 99) (60, 60) (40, 40) (44, 44) (71, 71) (17, 17) (11, 11) (34, 34) (57, 57) (76, 76) (17, 17) 
