NUMERO DE TRABAJOS
30
NUMERO DE RECURSOS
20
SECUENCIA DE MAQUINAS
9 13 3 4 19 6 10 11 18 0 14 12 7 5 15 2 16 8 1 17 
10 8 12 14 1 0 9 2 3 5 18 6 16 4 7 11 17 19 15 13 
14 4 2 6 15 5 12 13 19 9 0 1 8 3 17 18 16 10 7 11 
3 10 19 0 14 13 17 4 2 1 5 18 8 16 11 7 15 12 9 6 
17 16 12 11 2 9 10 1 6 19 8 0 4 13 15 18 3 5 14 7 
8 13 0 4 1 11 5 16 14 19 2 7 15 6 9 10 17 18 12 3 
8 9 0 4 16 18 6 10 19 14 17 12 11 13 1 5 2 15 3 7 
9 3 12 14 16 10 17 5 8 19 18 6 7 4 1 0 11 2 15 13 
11 7 0 19 10 8 9 16 18 3 1 12 4 14 15 2 13 5 17 6 
8 9 12 6 19 11 17 18 4 10 14 2 3 16 0 15 5 13 7 1 
7 6 10 17 9 16 0 15 8 4 13 14 12 2 1 18 11 19 5 3 
13 4 19 3 2 9 0 11 14 8 10 5 16 18 12 7 1 15 17 6 
5 11 3 12 15 1 7 16 2 10 0 18 19 13 9 14 4 8 17 6 
11 16 0 10 15 6 19 2 14 13 18 1 17 5 12 7 8 9 4 3 
14 1 12 15 6 19 0 4 2 11 13 3 5 16 17 8 10 9 7 18 
11 3 16 0 12 4 6 9 7 17 15 19 14 2 10 5 8 1 18 13 
9 12 3 18 6 15 19 8 5 16 0 10 14 1 7 11 13 17 2 4 
5 14 3 19 2 11 7 0 15 10 1 8 17 16 9 13 18 6 12 4 
8 0 14 12 15 10 2 9 17 16 4 3 19 18 11 13 6 5 7 1 
12 2 3 8 18 15 19 7 14 0 1 16 11 17 13 10 4 6 9 5 
0 18 2 13 10 12 15 9 5 7 3 16 11 17 8 19 4 14 6 1 
18 13 16 15 10 1 0 4 17 7 6 14 12 11 5 3 8 19 2 9 
14 18 4 17 6 16 10 5 9 19 0 12 1 2 7 3 8 15 13 11 
0 15 4 13 1 10 14 3 7 18 17 19 8 6 9 12 16 11 2 5 
18 2 12 1 10 3 4 19 15 8 16 17 0 13 9 5 7 11 6 14 
7 12 3 19 11 13 8 15 16 10 6 4 2 17 1 0 5 18 14 9 
6 11 8 16 15 2 0 3 14 13 4 18 7 1 10 9 19 5 12 17 
6 19 1 3 5 9 15 16 4 14 10 11 7 18 0 8 2 17 12 13 
0 18 5 1 17 12 7 11 16 14 8 9 6 4 10 2 13 15 3 19 
10 12 8 5 1 9 11 0 18 2 3 16 4 14 15 19 6 7 17 13 
DURACIONES
(22, 22) (37, 37) (97, 97) (74, 74) (29, 29) (36, 36) (64, 64) (41, 41) (63, 63) (66, 66) (6, 6) (1, 1) (77, 77) (78, 78) (93, 93) (45, 45) (92, 92) (23, 23) (43, 43) (68, 68) 
(39, 39) (71, 71) (81, 81) (42, 42) (45, 45) (72, 72) (84, 84) (62, 62) (82, 82) (5, 5) (18, 18) (8, 8) (41, 41) (84, 84) (1, 1) (95, 95) (60, 60) (82, 82) (10, 10) (96, 96) 
(12, 12) (88, 88) (84, 84) (72, 72) (90, 90) (93, 93) (6, 6) (70, 70) (30, 30) (62, 62) (6, 6) (86, 86) (44, 44) (67, 67) (3, 3) (10, 10) (97, 97) (85, 85) (25, 25) (10, 10) 
(43, 43) (43, 43) (59, 59) (56, 56) (62, 62) (55, 55) (86, 86) (58, 58) (47, 47) (22, 22) (19, 19) (92, 92) (59, 59) (93, 93) (41, 41) (53, 53) (81, 81) (10, 10) (85, 85) (38, 38) 
(82, 82) (28, 28) (9, 9) (41, 41) (94, 94) (14, 14) (28, 28) (67, 67) (84, 84) (61, 61) (40, 40) (39, 39) (53, 53) (28, 28) (64, 64) (82, 82) (27, 27) (46, 46) (1, 1) (43, 43) 
(77, 77) (78, 78) (75, 75) (38, 38) (52, 52) (15, 15) (89, 89) (35, 35) (89, 89) (50, 50) (41, 41) (99, 99) (50, 50) (29, 29) (41, 41) (51, 51) (94, 94) (32, 32) (63, 63) (28, 28) 
(53, 53) (56, 56) (49, 49) (27, 27) (62, 62) (53, 53) (3, 3) (35, 35) (3, 3) (62, 62) (9, 9) (18, 18) (18, 18) (25, 25) (48, 48) (6, 6) (63, 63) (54, 54) (45, 45) (11, 11) 
(17, 17) (93, 93) (85, 85) (31, 31) (41, 41) (96, 96) (88, 88) (9, 9) (73, 73) (91, 91) (62, 62) (21, 21) (8, 8) (68, 68) (87, 87) (75, 75) (48, 48) (19, 19) (78, 78) (28, 28) 
(18, 18) (24, 24) (61, 61) (84, 84) (75, 75) (34, 34) (65, 65) (87, 87) (2, 2) (56, 56) (39, 39) (29, 29) (20, 20) (93, 93) (96, 96) (63, 63) (86, 86) (2, 2) (71, 71) (7, 7) 
(53, 53) (24, 24) (45, 45) (49, 49) (99, 99) (99, 99) (86, 86) (58, 58) (39, 39) (57, 57) (16, 16) (72, 72) (11, 11) (61, 61) (45, 45) (83, 83) (4, 4) (10, 10) (75, 75) (2, 2) 
(36, 36) (30, 30) (10, 10) (9, 9) (41, 41) (93, 93) (80, 80) (85, 85) (59, 59) (61, 61) (69, 69) (9, 9) (17, 17) (59, 59) (62, 62) (45, 45) (95, 95) (71, 71) (81, 81) (94, 94) 
(32, 32) (40, 40) (63, 63) (62, 62) (47, 47) (49, 49) (69, 69) (85, 85) (64, 64) (8, 8) (85, 85) (23, 23) (31, 31) (88, 88) (70, 70) (71, 71) (92, 92) (47, 47) (41, 41) (88, 88) 
(47, 47) (29, 29) (49, 49) (4, 4) (48, 48) (90, 90) (89, 89) (99, 99) (1, 1) (27, 27) (46, 46) (83, 83) (65, 65) (50, 50) (64, 64) (67, 67) (90, 90) (30, 30) (16, 16) (1, 1) 
(12, 12) (74, 74) (35, 35) (86, 86) (44, 44) (48, 48) (14, 14) (4, 4) (47, 47) (37, 37) (41, 41) (97, 97) (93, 93) (26, 26) (16, 16) (19, 19) (46, 46) (36, 36) (51, 51) (10, 10) 
(66, 66) (89, 89) (26, 26) (27, 27) (40, 40) (11, 11) (37, 37) (84, 84) (22, 22) (30, 30) (54, 54) (49, 49) (24, 24) (11, 11) (44, 44) (9, 9) (29, 29) (45, 45) (58, 58) (2, 2) 
(59, 59) (70, 70) (64, 64) (74, 74) (81, 81) (29, 29) (64, 64) (38, 38) (51, 51) (32, 32) (85, 85) (89, 89) (27, 27) (93, 93) (8, 8) (64, 64) (22, 22) (65, 65) (86, 86) (84, 84) 
(71, 71) (91, 91) (24, 24) (97, 97) (67, 67) (63, 63) (52, 52) (55, 55) (53, 53) (57, 57) (81, 81) (52, 52) (85, 85) (27, 27) (94, 94) (5, 5) (56, 56) (35, 35) (99, 99) (10, 10) 
(22, 22) (46, 46) (95, 95) (28, 28) (18, 18) (53, 53) (34, 34) (48, 48) (59, 59) (25, 25) (38, 38) (45, 45) (21, 21) (75, 75) (19, 19) (99, 99) (80, 80) (6, 6) (23, 23) (36, 36) 
(54, 54) (85, 85) (83, 83) (24, 24) (93, 93) (81, 81) (31, 31) (80, 80) (77, 77) (80, 80) (64, 64) (60, 60) (70, 70) (51, 51) (31, 31) (88, 88) (93, 93) (25, 25) (95, 95) (76, 76) 
(79, 79) (65, 65) (87, 87) (47, 47) (68, 68) (93, 93) (91, 91) (69, 69) (94, 94) (45, 45) (82, 82) (56, 56) (73, 73) (43, 43) (13, 13) (48, 48) (88, 88) (77, 77) (23, 23) (51, 51) 
(25, 25) (39, 39) (79, 79) (48, 48) (98, 98) (72, 72) (96, 96) (34, 34) (44, 44) (23, 23) (71, 71) (70, 70) (20, 20) (72, 72) (33, 33) (19, 19) (30, 30) (23, 23) (80, 80) (12, 12) 
(68, 68) (49, 49) (93, 93) (77, 77) (81, 81) (11, 11) (12, 12) (89, 89) (92, 92) (1, 1) (19, 19) (62, 62) (20, 20) (55, 55) (36, 36) (82, 82) (19, 19) (40, 40) (98, 98) (57, 57) 
(70, 70) (70, 70) (70, 70) (85, 85) (74, 74) (95, 95) (19, 19) (84, 84) (23, 23) (66, 66) (36, 36) (96, 96) (86, 86) (8, 8) (41, 41) (88, 88) (42, 42) (75, 75) (22, 22) (48, 48) 
(45, 45) (9, 9) (60, 60) (96, 96) (65, 65) (51, 51) (19, 19) (96, 96) (95, 95) (15, 15) (24, 24) (72, 72) (45, 45) (37, 37) (26, 26) (87, 87) (64, 64) (28, 28) (74, 74) (52, 52) 
(35, 35) (8, 8) (71, 71) (36, 36) (5, 5) (32, 32) (91, 91) (19, 19) (23, 23) (40, 40) (14, 14) (48, 48) (26, 26) (84, 84) (46, 46) (17, 17) (43, 43) (17, 17) (55, 55) (6, 6) 
(59, 59) (28, 28) (68, 68) (25, 25) (74, 74) (49, 49) (53, 53) (50, 50) (55, 55) (62, 62) (42, 42) (69, 69) (29, 29) (57, 57) (96, 96) (20, 20) (34, 34) (58, 58) (72, 72) (48, 48) 
(49, 49) (28, 28) (86, 86) (82, 82) (17, 17) (62, 62) (76, 76) (32, 32) (59, 59) (75, 75) (26, 26) (98, 98) (68, 68) (72, 72) (5, 5) (11, 11) (47, 47) (1, 1) (34, 34) (51, 51) 
(72, 72) (10, 10) (39, 39) (30, 30) (42, 42) (3, 3) (37, 37) (81, 81) (62, 62) (15, 15) (61, 61) (7, 7) (14, 14) (4, 4) (27, 27) (70, 70) (69, 69) (1, 1) (2, 2) (98, 98) 
(75, 75) (48, 48) (33, 33) (64, 64) (38, 38) (3, 3) (26, 26) (99, 99) (27, 27) (97, 97) (26, 26) (80, 80) (44, 44) (64, 64) (91, 91) (8, 8) (76, 76) (99, 99) (37, 37) (56, 56) 
(58, 58) (68, 68) (82, 82) (10, 10) (54, 54) (7, 7) (22, 22) (9, 9) (28, 28) (37, 37) (59, 59) (77, 77) (41, 41) (53, 53) (32, 32) (44, 44) (28, 28) (60, 60) (31, 31) (34, 34) 
